you
515 310 0
514 317 0
515 328 0
520 337 0
529 340 0
543 336 0
562 324 0
567 321 0
571 318 0
573 317 0
575 319 0
577 324 0
578 335 0
578 339 0
579 357 0
577 395 0
572 414 0
566 421 0
556 426 0
546 426 0
539 419 0
539 407 0
550 386 0
569 362 0
592 341 0
613 324 0
624 316 0
630 312 0
634 311 0
634 315 0
631 326 0
629 337 0
632 346 0
638 348 0
645 345 0
651 340 0
654 336 0
653 329 0
646 322 0
641 317 0
637 314 0
648 313 0
661 313 0
678 309 0
689 306 0
695 306 0
699 305 0
701 306 0
702 311 0
702 324 0
704 336 0
706 341 0
713 344 0
721 343 0
731 335 0
739 327 0
744 321 0
748 319 0
750 318 0
751 324 0
754 337 0
762 347 0
770 352 0
784 362 1
