reach
396 301 0
399 305 0
400 314 0
401 334 0
401 357 0
400 367 0
399 371 0
400 375 0
402 359 0
405 344 0
407 338 0
409 334 0
413 333 0
417 334 0
425 337 0
428 338 0
448 340 0
474 334 0
487 328 0
495 317 0
498 310 0
499 305 0
500 303 0
494 305 0
486 310 0
478 324 0
471 341 0
470 354 0
474 364 0
483 369 1
572 323 0
567 323 0
559 324 0
549 327 0
540 334 0
531 345 0
526 356 0
526 365 0
529 367 0
535 367 0
544 363 0
556 353 0
564 346 0
569 342 0
571 339 0
573 338 0
576 343 0
580 349 0
588 354 0
607 361 0
627 367 1
640 317 0
637 321 0
632 328 0
627 337 0
628 347 0
633 355 0
643 356 0
671 345 0
694 328 0
709 308 0
718 283 0
722 258 0
720 248 0
717 242 0
709 243 0
700 257 0
691 285 0
687 312 0
687 333 0
690 339 0
698 342 0
721 334 0
736 327 0
744 326 0
748 327 0
756 336 0
763 346 0
775 357 0
785 362 0
801 371 1
