winchester
340 302 0
338 315 0
333 340 0
334 358 0
337 364 0
357 358 0
378 344 0
387 337 0
391 335 0
395 333 0
399 337 0
402 343 0
404 347 0
406 351 0
408 356 0
411 355 0
421 340 0
425 330 0
427 323 0
430 320 0
433 319 0
438 319 0
449 318 0
466 316 0
476 313 0
482 312 0
486 312 0
489 312 0
491 323 0
491 334 0
492 342 0
493 346 0
500 348 0
510 344 0
517 339 0
522 334 0
525 331 0
530 326 0
532 325 0
535 334 0
538 340 0
544 343 0
555 340 0
570 331 0
579 325 0
585 322 0
589 321 0
591 322 0
594 326 0
596 336 0
599 343 1
672 305 0
662 310 0
653 318 0
641 331 0
634 340 0
634 342 0
636 349 0
641 351 0
653 349 0
677 335 0
702 314 0
721 286 0
729 263 0
730 253 0
730 249 0
730 245 0
724 253 0
718 267 0
713 291 0
711 309 0
712 320 0
712 332 0
716 339 0
720 340 0
727 337 0
734 332 0
738 330 0
741 328 0
743 329 0
746 335 0
751 342 0
757 345 0
765 343 0
778 335 0
789 324 0
795 315 0
798 309 0
800 307 0
796 309 0
792 318 0
789 326 0
790 333 0
796 337 0
801 338 1
876 292 0
865 300 0
860 304 0
856 309 0
856 313 0
859 317 0
864 322 0
870 327 0
875 334 0
874 339 0
868 343 0
861 350 1
905 243 0
905 254 0
901 301 0
897 329 0
897 337 0
897 341 0
897 343 0
900 338 0
913 334 0
936 328 0
950 325 0
958 322 0
963 320 0
967 319 0
959 315 0
948 314 0
940 316 0
935 320 0
933 330 0
933 334 0
937 339 0
961 343 0
987 340 0
1001 335 0
1007 332 0
1011 331 0
1014 333 0
1015 338 0
1016 344 0
1018 347 0
1019 350 0
1022 337 0
1024 327 0
1027 318 0
1035 310 0
1052 302 0
1065 297 0
1080 290 1
509 218 0
500 226 0
489 236 0
479 244 0
467 253 1
