the
501 218 0
502 222 0
502 231 0
498 255 0
490 284 0
483 311 0
478 336 0
478 363 0
482 373 0
486 378 0
490 379 0
513 376 0
539 372 1
469 329 0
473 329 0
497 323 0
514 317 0
530 312 1
578 242 0
577 250 0
575 266 0
572 294 0
566 322 0
562 349 0
559 363 0
560 367 0
560 370 0
568 365 0
581 355 0
591 348 0
597 346 0
601 344 0
605 347 0
607 357 0
613 366 0
624 371 0
642 369 0
665 359 0
682 343 0
687 333 0
690 327 0
691 325 0
691 319 0
687 322 0
680 329 0
670 341 0
665 354 0
664 360 0
668 363 0
673 365 1
