with
437 308 0
439 312 0
440 326 0
442 342 0
446 352 0
451 357 0
458 356 0
469 352 0
476 347 0
480 346 0
483 345 0
488 349 0
493 354 0
501 357 0
508 357 0
515 353 0
518 351 0
522 346 0
524 339 0
525 334 0
526 330 0
528 328 0
530 325 0
537 323 0
543 322 0
550 321 0
557 319 0
561 318 0
564 318 0
566 318 0
568 321 0
572 333 0
576 341 0
585 348 0
594 353 0
610 359 1
628 237 0
630 253 0
631 278 0
635 305 0
636 328 0
637 343 0
638 350 0
639 353 0
639 356 0
636 353 0
634 349 0
631 345 0
630 339 0
631 333 0
633 330 0
639 327 0
657 319 0
678 307 0
694 294 0
710 275 0
715 263 0
715 249 0
715 240 0
715 237 0
713 235 0
702 260 0
692 294 0
688 312 0
688 324 0
689 331 0
690 334 0
692 338 0
699 336 0
705 333 0
710 332 0
714 332 0
717 335 0
721 339 0
726 343 0
735 347 0
748 350 0
766 353 0
771 353 1
572 243 0
568 247 0
563 254 1
