immediate
289 310 0
291 313 0
292 325 0
294 344 0
297 361 0
301 367 0
308 366 0
327 353 0
348 334 0
360 322 0
365 318 0
369 314 0
371 318 0
372 326 0
371 338 0
371 346 0
370 349 0
373 348 0
379 341 0
386 336 0
389 337 0
390 339 0
391 342 0
392 351 0
393 355 0
404 353 0
412 348 0
420 342 0
426 339 0
428 337 0
432 338 0
434 342 0
435 346 0
440 349 0
449 348 0
466 339 0
481 328 0
485 325 0
489 322 0
493 327 0
494 339 0
494 349 0
495 353 0
495 356 0
498 356 0
506 348 0
515 340 0
521 335 0
526 333 0
529 332 0
531 334 0
533 340 0
536 345 0
538 348 0
543 349 0
552 347 0
562 344 0
577 336 0
583 333 0
589 332 0
594 334 0
593 339 0
594 346 0
604 348 0
618 345 0
633 338 0
646 327 0
654 318 0
657 314 0
658 310 0
649 312 0
638 319 0
628 329 0
623 339 0
623 344 0
628 350 0
634 352 1
723 324 0
719 323 0
708 323 0
700 325 0
689 330 0
682 339 0
680 345 0
679 351 0
681 353 0
691 350 0
712 335 0
729 315 0
742 292 0
747 274 0
749 263 0
750 259 0
752 254 0
744 277 0
734 303 0
730 328 0
730 335 0
739 342 0
752 338 0
766 329 0
774 322 0
779 318 0
781 314 0
780 325 0
780 333 0
782 339 0
787 344 0
790 346 1
841 329 0
837 328 0
833 325 0
827 328 0
820 335 0
815 342 0
813 349 0
815 353 0
818 354 0
824 352 0
831 345 0
838 336 0
840 332 0
843 329 0
844 340 0
846 346 0
850 351 0
860 351 0
869 349 0
886 343 1
901 235 0
902 240 0
903 253 0
901 280 0
900 306 0
896 328 0
893 339 0
891 347 0
891 350 0
889 354 0
886 346 0
885 341 0
891 338 0
898 335 0
914 331 0
940 326 0
951 323 0
958 319 0
963 316 0
951 315 0
943 320 0
936 330 0
934 338 0
937 346 0
945 352 0
960 357 0
976 362 1
801 255 1
300 225 0
295 233 0
290 238 1
789 248 0
790 252 1
