several
427 318 0
421 319 0
415 322 0
409 328 0
403 336 0
402 343 0
405 351 0
412 359 0
432 372 0
440 378 0
442 382 0
440 385 0
434 389 0
424 393 0
419 395 1
476 373 0
481 372 0
489 364 0
495 352 0
499 344 0
500 337 0
499 333 0
496 330 0
493 328 0
488 331 0
475 348 0
468 368 0
469 374 0
473 377 0
485 377 0
500 374 0
517 370 1
543 319 0
543 324 0
543 331 0
545 341 0
548 353 0
550 364 0
551 368 0
552 373 0
557 372 0
563 363 0
567 356 0
573 347 0
581 336 0
590 324 0
593 320 1
610 357 0
613 357 0
618 353 0
623 346 0
625 341 0
626 337 0
626 334 0
624 332 0
621 332 0
614 341 0
613 350 0
616 361 0
621 368 0
632 371 0
646 370 0
651 369 0
656 368 0
660 368 0
665 369 0
667 372 0
669 374 0
668 364 0
667 350 0
667 339 0
668 335 0
671 332 0
677 330 1
758 333 0
755 333 0
743 333 0
730 335 0
720 341 0
711 347 0
705 357 0
704 365 0
707 369 0
712 372 0
719 371 0
726 367 0
732 361 0
736 354 0
739 351 0
742 348 0
745 353 0
746 359 0
749 365 0
755 368 0
771 365 0
796 351 0
817 331 0
830 307 0
835 297 0
837 286 0
837 275 0
833 273 0
824 276 0
810 287 0
794 309 0
787 333 0
789 347 0
802 358 0
817 366 0
833 374 1
