ensign
327 333 0
328 337 0
333 338 0
343 337 0
366 329 0
381 321 0
387 316 0
389 314 0
391 306 0
390 302 0
386 298 0
378 303 0
362 316 0
348 337 0
341 355 0
339 369 0
342 376 0
351 380 0
365 377 0
387 372 1
415 319 0
416 327 0
417 335 0
418 347 0
419 357 0
420 361 0
424 361 0
429 357 0
434 353 0
439 350 0
442 347 0
445 347 0
449 353 0
451 360 0
455 368 0
466 371 0
474 372 0
491 373 1
531 304 0
526 306 0
519 308 0
510 315 0
505 322 0
503 330 0
505 332 0
513 336 0
524 342 0
530 346 0
531 349 0
530 355 0
524 365 0
516 373 0
514 375 1
576 313 0
576 316 0
574 328 0
573 340 0
572 349 0
572 354 0
575 358 0
584 358 0
601 350 0
610 345 0
617 342 0
624 338 1
660 324 0
654 321 0
650 320 0
647 319 0
644 321 0
641 327 0
640 333 0
642 336 0
648 335 0
656 331 0
663 325 0
666 321 0
670 320 0
672 323 0
673 328 0
673 333 0
672 366 0
663 408 0
659 419 0
654 426 0
646 433 0
638 434 0
632 431 0
631 425 0
633 414 0
647 388 0
667 361 0
686 337 0
701 322 0
705 317 0
709 314 0
711 315 0
712 322 0
712 333 0
712 341 0
713 345 0
719 347 0
729 342 0
741 335 0
747 332 0
752 331 0
755 336 0
758 344 0
764 351 0
777 356 0
788 358 0
804 360 1
579 242 0
577 247 1
