they
518 240 0
517 251 0
504 299 0
498 330 0
496 356 0
499 367 0
507 377 0
524 377 0
539 375 0
554 373 1
483 324 0
499 320 0
527 306 0
539 299 0
552 292 1
590 265 0
591 269 0
593 275 0
594 284 0
594 301 0
591 323 0
588 338 0
586 345 0
586 351 0
587 355 0
589 358 0
601 350 0
616 339 0
629 332 0
633 330 0
637 328 0
641 336 0
644 344 0
648 350 0
660 350 0
674 343 0
683 334 0
686 327 0
687 322 0
688 317 0
683 327 0
681 338 0
682 350 0
688 357 0
705 358 0
729 347 0
743 335 0
749 328 0
752 324 0
754 322 0
756 321 0
759 332 0
760 341 0
761 344 0
766 348 0
774 345 0
782 339 0
787 335 0
791 332 0
795 332 0
798 335 0
801 343 0
805 366 0
804 398 0
799 424 0
789 439 0
775 448 0
761 450 0
753 444 0
753 434 0
771 406 0
816 367 0
831 353 1
