respective
329 275 0
330 282 0
332 293 0
334 314 0
335 333 0
335 345 0
335 352 0
335 356 0
334 349 0
334 333 0
335 314 0
336 307 0
337 303 0
338 300 0
346 302 0
356 305 0
372 308 0
390 311 0
403 312 0
411 311 0
418 309 0
423 306 0
426 303 0
425 300 0
421 297 0
413 297 0
405 299 0
398 304 0
392 310 0
388 320 0
387 329 0
391 337 0
398 340 0
404 340 0
417 342 0
433 343 1
501 283 0
493 284 0
485 287 0
479 291 0
477 295 0
479 298 0
483 302 0
489 307 0
493 312 0
496 317 0
494 325 0
487 328 0
476 330 0
456 332 0
451 332 1
531 299 0
532 302 0
532 309 0
532 334 0
529 361 0
528 376 0
527 384 0
526 390 0
525 393 0
522 383 0
519 351 0
522 325 0
527 308 0
535 294 0
544 286 0
552 284 0
556 283 0
559 285 0
565 293 0
566 302 0
563 316 0
559 325 0
556 328 1
592 310 0
596 311 0
602 311 0
607 311 0
611 309 0
614 307 0
616 302 0
616 296 0
615 291 0
611 289 0
606 293 0
600 298 0
598 301 0
594 315 0
596 326 0
603 328 1
686 279 0
682 280 0
673 282 0
664 287 0
657 293 0
652 301 0
649 309 0
649 317 0
654 324 0
660 326 1
713 203 0
714 212 0
715 230 0
716 263 0
716 289 0
716 308 0
717 319 0
717 328 0
717 333 0
717 337 0
711 325 0
707 317 0
705 311 0
705 304 0
707 299 0
716 293 0
720 291 0
732 288 0
757 281 0
768 278 0
771 279 0
773 279 0
778 281 0
778 289 0
779 294 0
781 300 0
782 306 0
784 311 0
785 315 0
788 318 0
792 320 0
796 318 0
799 314 1
820 271 0
822 274 0
825 282 0
827 290 0
830 299 0
831 305 0
832 309 0
836 311 0
843 303 0
849 296 1
874 296 0
876 300 0
879 303 0
885 303 0
896 295 0
902 286 0
904 279 0
904 275 0
901 274 0
896 275 0
890 280 0
883 289 0
879 301 0
880 310 0
887 318 0
909 320 0
929 319 0
946 317 1
790 211 0
786 222 0
781 233 0
770 249 1
