shaw
453 318 0
444 325 0
438 331 0
434 338 0
435 345 0
438 351 0
448 359 0
459 365 0
465 370 0
468 374 0
467 377 0
463 381 0
455 384 0
445 383 0
431 381 0
424 380 1
484 246 0
487 267 0
488 284 0
489 303 0
489 354 0
491 368 0
492 371 0
500 369 0
512 359 0
523 348 0
531 341 0
534 339 0
538 338 0
541 341 0
544 348 0
548 355 0
554 359 1
632 320 0
626 320 0
618 321 0
615 322 0
610 326 0
595 343 0
585 360 0
584 367 0
586 370 0
593 368 0
603 361 0
614 350 0
621 342 0
625 337 0
628 333 0
631 331 0
632 341 0
632 359 0
635 370 0
640 375 0
650 374 0
663 367 0
675 356 0
681 346 0
684 339 0
686 336 0
690 339 0
691 344 0
696 348 0
701 351 0
703 351 0
708 350 0
715 339 0
719 335 0
724 339 0
726 341 0
733 348 0
739 352 0
745 354 0
750 354 0
753 347 0
757 335 0
759 325 0
760 321 0
761 318 0
764 317 0
770 316 1
