lieutenant
266 322 0
274 318 0
288 303 0
306 279 0
318 257 0
323 241 0
321 231 0
319 223 0
316 219 0
312 219 0
307 223 0
295 240 0
277 278 0
265 315 0
262 336 0
266 359 0
272 366 0
282 365 0
307 352 0
325 335 0
336 322 0
341 312 0
344 306 0
347 302 0
344 320 0
341 346 0
340 359 0
342 363 0
353 365 0
357 365 0
369 359 0
392 342 0
406 327 0
411 318 0
413 314 0
413 309 0
415 306 0
411 308 0
407 316 0
405 325 0
404 334 0
407 343 0
410 347 0
419 348 0
432 342 0
444 331 0
451 324 0
454 319 0
456 316 0
458 312 0
459 317 0
460 324 0
465 333 0
471 338 0
477 340 0
480 340 0
485 338 0
490 333 0
494 330 0
496 327 0
499 328 0
502 332 0
506 336 1
546 207 0
546 212 0
546 222 0
546 231 0
539 285 0
535 322 0
535 333 0
535 339 0
535 342 0
535 344 0
535 334 0
535 327 0
537 323 0
541 320 0
550 320 0
561 319 0
576 317 0
586 313 0
591 309 0
594 305 0
593 298 0
593 293 0
588 290 0
584 291 0
579 297 0
577 310 0
579 324 0
584 330 0
592 331 0
602 327 0
610 322 0
615 318 0
619 315 0
621 313 0
629 322 0
631 326 0
635 329 0
641 327 0
651 323 0
658 319 0
666 317 0
672 317 0
677 320 0
681 324 0
686 329 0
689 330 1
761 298 0
754 299 0
745 301 0
733 307 0
725 313 0
719 323 0
716 332 0
715 338 0
725 339 0
738 331 0
752 318 0
757 311 0
761 302 0
763 298 0
764 295 0
767 308 0
771 318 0
777 323 0
780 325 0
784 325 0
793 321 0
801 317 0
807 313 0
813 311 0
816 309 0
819 308 0
822 316 0
824 324 0
827 328 0
832 331 0
843 327 0
862 314 0
871 305 0
875 303 0
880 301 0
882 305 0
882 309 0
883 317 0
886 324 1
953 199 0
953 208 0
949 234 0
945 268 0
944 297 0
943 316 0
941 325 0
940 330 0
941 333 0
937 328 0
932 317 0
929 310 0
928 305 0
928 302 0
935 298 1
383 197 1
364 213 0
364 216 0
366 221 1
