cumberland
266 275 0
252 280 0
235 290 0
216 305 0
200 324 0
193 341 0
191 357 0
195 366 0
205 369 0
227 363 0
253 346 0
270 330 0
286 312 0
290 308 0
294 303 0
296 301 0
291 327 0
287 352 0
288 358 0
293 360 0
302 354 0
316 338 0
327 324 0
332 315 0
337 308 0
339 305 0
340 315 0
339 327 0
340 336 0
344 340 0
351 340 0
360 335 0
372 326 0
379 320 0
383 316 0
386 313 0
389 312 0
387 324 0
385 334 0
385 340 0
386 346 0
390 346 0
398 337 0
409 325 0
416 317 0
420 315 0
424 311 0
426 313 0
426 319 0
426 326 0
426 332 0
429 338 0
435 334 0
443 328 0
452 323 0
461 316 0
465 314 0
470 312 0
474 320 0
476 325 0
477 328 1
527 221 0
527 225 0
525 235 0
519 264 0
511 295 0
509 306 0
508 313 0
508 315 0
512 314 0
522 309 0
541 299 0
550 297 0
558 298 0
560 309 0
551 325 0
540 336 0
531 340 0
524 338 1
593 299 0
596 303 0
601 308 0
609 306 0
618 300 0
624 291 0
627 284 0
625 279 0
623 276 0
612 279 0
594 294 0
583 320 0
582 332 0
587 337 0
597 338 0
619 331 0
632 326 0
635 325 0
640 324 0
643 325 0
646 327 0
648 332 0
650 337 0
651 339 0
660 327 0
666 317 0
671 308 0
673 305 0
675 303 0
678 303 0
681 305 0
694 305 0
697 304 0
706 297 0
732 263 0
750 232 0
754 219 0
754 211 0
754 208 0
741 222 0
723 250 0
708 285 0
702 306 0
702 322 0
708 329 0
719 330 0
735 329 0
751 327 1
815 285 0
810 289 0
800 288 0
789 287 0
778 289 0
771 294 0
764 302 0
761 309 0
761 316 0
763 322 0
770 323 0
781 320 0
792 315 0
804 303 0
812 291 0
815 288 0
818 283 0
817 293 0
816 302 0
818 312 0
822 319 0
826 321 0
833 318 0
844 312 0
856 300 0
863 296 0
865 295 0
869 304 0
870 307 0
870 309 0
873 311 0
881 309 0
895 302 0
905 295 0
915 291 0
921 288 0
925 290 0
926 294 0
927 299 0
928 305 0
931 311 1
1040 277 0
1022 278 0
1005 281 0
989 285 0
974 291 0
969 295 0
965 302 0
963 310 0
966 315 0
972 317 0
988 312 0
1010 295 0
1021 276 0
1027 260 0
1032 248 0
1035 237 0
1037 228 0
1039 224 0
1040 221 0
1038 230 0
1032 251 0
1026 279 0
1030 308 0
1054 326 0
1081 327 0
1105 330 1
