desire
466 370 0
462 368 0
454 364 0
444 361 0
433 360 0
422 363 0
413 369 0
407 378 0
404 388 0
405 398 0
410 401 0
423 397 0
450 379 0
469 355 0
479 332 0
481 326 0
487 303 0
489 295 0
485 313 0
480 344 0
478 369 0
481 383 0
488 392 0
501 393 0
517 387 0
530 377 0
537 366 0
539 360 0
538 354 0
529 367 0
526 378 0
526 390 0
532 396 1
596 339 0
594 343 0
590 347 0
590 351 0
596 359 0
601 365 0
606 370 0
608 374 0
607 378 0
599 385 0
583 395 0
571 401 0
553 409 1
668 344 0
665 352 0
661 360 0
658 368 0
656 376 0
658 381 0
663 385 0
672 385 0
692 378 0
711 366 0
720 360 0
723 358 0
726 356 0
727 366 0
726 373 0
725 380 0
725 384 0
725 387 0
734 371 0
740 360 0
742 357 0
746 354 0
749 356 0
752 357 0
766 361 0
778 360 0
789 357 0
797 352 0
803 346 0
806 340 0
807 336 0
805 333 0
802 337 0
798 344 0
795 353 0
795 363 0
799 370 0
806 375 1
709 278 1
703 273 0
695 279 0
685 289 0
672 302 1
