for
532 374 0
535 375 0
552 362 0
592 327 0
614 301 0
621 285 0
622 265 0
619 256 0
615 250 0
608 247 0
601 249 0
593 260 0
579 312 0
575 372 0
574 398 0
574 417 0
573 441 0
573 447 0
572 451 0
569 430 0
567 404 0
568 392 0
569 387 0
572 381 0
579 376 0
590 372 0
613 367 0
637 363 0
650 360 0
658 358 0
662 357 0
665 358 0
656 372 0
649 381 0
641 399 0
643 402 0
648 401 0
654 394 0
660 384 0
662 374 0
662 366 0
660 357 0
659 352 0
659 350 0
664 354 0
675 358 0
688 360 0
700 360 0
710 360 0
718 360 0
723 364 0
726 371 0
727 378 0
726 386 0
726 394 0
726 398 0
726 401 0
726 382 0
726 364 0
728 358 0
739 352 0
755 348 0
775 342 0
778 342 1
