which
414 302 0
415 307 0
416 318 0
419 334 0
424 346 0
427 351 0
435 352 0
443 348 0
451 341 0
456 335 0
462 330 0
466 326 0
470 324 0
473 323 0
475 325 0
479 330 0
482 332 0
491 329 0
497 323 0
506 309 0
511 301 0
513 297 0
515 295 0
517 294 0
521 296 0
533 299 0
550 297 0
567 289 0
585 274 0
598 261 0
607 247 0
613 233 0
614 226 0
613 221 0
606 221 0
600 225 0
592 236 0
582 259 0
576 283 0
575 299 0
574 322 0
575 332 0
577 336 0
579 338 0
583 337 0
588 336 0
593 333 0
599 328 0
603 325 0
608 321 0
610 320 0
613 320 0
616 321 0
619 324 0
623 329 0
633 338 0
639 340 0
645 340 0
652 334 0
661 327 0
667 321 0
669 317 0
672 314 0
675 315 0
681 323 0
687 327 0
690 328 1
783 287 0
769 289 0
753 295 0
739 304 0
728 314 0
725 322 0
726 331 0
727 336 0
737 337 0
758 329 0
781 317 0
802 287 0
814 250 0
817 238 0
818 234 0
819 231 0
814 246 0
806 274 0
802 299 0
800 313 0
801 320 0
807 323 0
816 322 0
828 319 0
837 319 0
845 321 0
853 325 0
857 330 0
860 336 0
863 341 1
675 243 0
675 246 1
