peachy
387 303 0
390 309 0
392 339 0
397 384 0
398 393 0
400 400 0
401 406 0
396 367 0
394 335 0
398 315 0
409 297 0
418 296 0
431 300 0
439 307 0
444 317 0
445 329 0
440 343 0
429 358 0
421 363 0
416 364 1
485 325 0
488 328 0
491 328 0
496 324 0
495 318 0
494 312 0
492 307 0
488 303 0
484 303 0
477 306 0
470 315 0
468 326 0
469 338 0
475 348 0
483 354 1
579 302 0
575 302 0
569 303 0
561 304 0
552 308 0
544 316 0
537 326 0
534 336 0
534 344 0
538 347 0
543 347 0
550 344 0
554 340 0
559 332 0
562 324 0
565 321 0
569 324 0
570 330 0
574 337 1
653 303 0
649 303 0
640 306 0
635 308 0
629 312 0
625 318 0
623 328 0
623 336 0
627 341 0
638 342 0
661 331 0
682 315 0
697 293 0
706 266 0
710 247 0
712 231 0
713 226 0
704 247 0
691 283 0
687 302 0
685 319 0
686 328 0
687 334 0
691 337 0
698 335 0
711 326 0
722 320 0
726 317 0
730 316 0
732 316 0
735 320 0
737 323 0
739 328 0
751 326 0
767 320 0
780 312 0
786 308 0
790 306 0
793 306 0
795 318 0
799 326 0
806 329 0
818 327 0
830 319 0
842 311 0
849 306 0
852 304 0
854 303 0
856 307 0
855 318 0
854 346 0
853 372 0
850 397 0
846 409 0
839 416 0
831 419 0
822 418 0
816 410 0
819 401 0
852 362 0
888 334 0
899 324 1
