guard
535 323 0
532 322 0
523 318 0
514 315 0
503 315 0
496 318 0
491 325 0
488 335 0
490 344 0
494 349 0
497 350 0
501 349 0
509 347 0
515 346 0
518 345 0
522 348 0
525 360 0
528 385 0
529 416 0
525 441 0
521 455 0
518 462 0
512 467 0
505 468 0
498 467 0
491 456 0
491 443 0
501 421 0
519 399 0
539 377 0
557 358 0
565 345 0
570 339 0
574 332 0
576 328 0
580 334 0
585 355 0
590 364 0
598 363 0
611 358 0
625 347 0
635 334 0
642 325 0
644 322 0
647 319 0
647 329 0
648 339 0
652 346 0
654 350 1
756 322 0
749 321 0
733 321 0
720 325 0
710 332 0
702 342 0
696 352 0
695 360 0
696 364 0
706 365 0
715 362 0
725 355 0
733 348 0
736 345 0
741 342 0
745 346 0
749 353 0
753 362 0
759 369 0
771 372 0
786 370 0
797 366 0
805 362 0
809 361 0
811 359 0
813 360 0
814 364 0
812 357 0
809 342 0
809 327 0
809 321 0
810 317 0
813 314 0
821 312 0
824 311 1
932 329 0
924 329 0
893 328 0
875 331 0
865 335 0
859 341 0
854 349 0
855 359 0
861 364 0
872 365 0
895 356 0
911 343 0
922 325 0
927 308 0
931 286 0
933 278 0
934 273 0
935 270 0
933 283 0
935 303 0
942 327 0
951 342 0
962 351 0
969 357 0
980 366 1
