which
400 315 0
401 325 0
402 343 0
403 358 0
407 366 0
412 369 0
419 368 0
427 364 0
436 358 0
439 355 0
442 353 0
446 352 0
451 359 0
464 365 0
475 364 0
486 358 0
493 350 0
498 339 0
500 332 0
501 328 0
503 324 0
503 321 0
507 321 0
514 319 0
518 318 0
522 317 0
524 316 0
529 317 0
542 308 0
561 291 0
571 281 0
577 272 0
580 260 0
580 249 0
579 242 0
577 239 0
570 247 0
562 267 0
556 291 0
555 310 0
555 327 0
556 339 0
556 344 0
556 349 0
557 353 0
562 350 0
568 344 0
572 340 0
575 337 0
579 335 0
583 341 0
591 342 0
601 340 0
614 331 0
623 323 0
628 316 0
631 312 0
634 313 0
638 327 0
641 337 0
644 342 0
649 346 1
713 298 0
702 306 0
692 319 0
687 331 0
686 341 0
687 347 0
692 349 0
702 349 0
721 338 0
740 320 0
754 295 0
763 265 0
766 235 0
766 218 0
766 214 0
763 238 0
759 281 0
759 298 0
759 312 0
760 323 0
761 331 0
762 336 0
763 339 0
774 336 0
787 330 0
794 329 0
799 333 0
806 340 0
816 350 0
826 358 0
837 364 0
846 369 1
681 230 0
675 235 1
