and
570 302 0
564 302 0
555 304 0
542 311 0
528 323 0
517 337 0
512 349 0
513 359 0
520 363 0
528 363 0
532 362 0
544 353 0
558 339 0
564 332 0
566 328 0
564 343 0
564 350 0
568 353 0
580 349 0
600 337 0
612 327 0
615 325 0
620 324 0
625 325 0
626 329 0
626 334 0
626 340 0
628 344 0
636 343 0
648 338 0
658 333 0
665 331 0
669 335 0
670 338 0
677 344 1
758 310 0
753 309 0
744 308 0
733 310 0
723 314 0
715 322 0
709 332 0
708 338 0
709 342 0
715 340 0
736 324 0
752 302 0
762 276 0
766 258 0
768 244 0
769 236 0
770 233 0
769 242 0
761 271 0
758 297 0
759 314 0
763 328 0
774 339 0
787 349 0
793 354 1
