hands
461 237 0
461 243 0
461 251 0
460 262 0
456 315 0
456 343 0
456 348 0
457 352 0
463 351 0
472 345 0
480 341 0
489 333 0
498 328 0
502 325 0
507 323 0
510 325 0
513 329 0
517 335 0
522 340 0
528 344 0
540 343 0
548 342 0
564 339 1
616 299 0
602 301 0
591 302 0
582 306 0
573 312 0
567 322 0
561 335 0
561 343 0
563 347 0
569 348 0
579 345 0
592 335 0
601 326 0
607 319 0
611 315 0
614 312 0
613 324 0
613 331 0
616 338 0
620 341 0
628 341 0
637 336 0
654 322 0
660 315 0
664 312 0
667 309 0
669 312 0
669 319 0
669 330 0
669 337 0
672 340 0
680 336 0
700 325 0
714 315 0
721 313 0
725 312 0
729 312 0
731 317 0
732 326 0
734 330 1
805 308 0
799 308 0
791 308 0
783 310 0
774 314 0
767 321 0
762 328 0
760 335 0
762 339 0
764 342 0
778 334 0
797 315 0
814 288 0
826 261 0
833 243 0
835 238 0
837 235 0
834 256 0
829 285 0
827 302 0
829 316 0
835 325 0
837 327 1
907 274 0
896 283 0
889 290 0
887 293 0
885 299 0
887 302 0
894 309 0
900 316 0
904 321 0
908 327 0
906 329 0
898 335 0
885 342 0
874 346 0
866 351 0
849 360 1
