men
425 282 0
426 286 0
426 296 0
426 310 0
427 323 0
427 327 0
427 335 0
427 339 0
427 343 0
427 346 0
427 349 0
429 341 0
430 333 0
431 329 0
432 324 0
437 319 0
442 315 0
449 311 0
457 309 0
463 311 0
469 315 0
476 322 0
481 327 0
485 331 0
490 333 0
494 329 0
502 320 0
508 310 0
513 306 0
524 297 0
528 298 0
531 301 0
533 307 0
536 313 0
539 319 0
543 323 0
557 325 0
573 323 0
590 319 0
600 313 0
612 302 0
617 296 0
618 292 0
617 288 0
610 284 0
604 283 0
597 284 0
591 288 0
587 295 0
586 303 0
589 314 0
594 322 0
602 325 0
616 322 0
635 310 0
642 307 0
645 305 0
647 306 0
652 311 0
655 316 0
657 322 0
660 326 0
667 328 0
675 326 0
690 319 0
701 314 0
708 311 0
711 311 0
717 312 0
720 317 0
725 328 0
731 337 1
