1755
396 364 0
410 352 0
434 323 0
454 289 0
465 270 0
469 267 0
472 264 0
477 290 0
480 318 0
482 344 0
481 364 0
481 382 0
481 390 1
504 282 0
511 285 0
519 288 0
538 292 0
554 296 0
559 299 0
565 303 0
568 315 0
570 336 0
570 353 0
568 370 0
567 384 0
566 393 1
554 337 0
563 338 0
588 335 0
614 330 1
685 301 0
675 304 0
668 307 0
663 310 0
661 311 0
661 314 0
666 315 0
682 321 0
696 329 0
698 331 0
699 337 0
687 358 0
661 381 0
650 385 0
646 386 1
664 305 0
688 301 0
712 295 0
726 292 1
772 298 0
762 307 0
754 316 0
753 323 0
755 326 0
763 331 0
777 338 0
790 344 0
797 347 0
799 349 0
800 352 0
794 359 0
777 366 0
760 368 0
754 369 0
738 369 1
784 293 0
796 296 0
812 296 0
831 296 1
