and
520 305 0
513 303 0
498 301 0
483 301 0
471 306 0
459 314 0
448 330 0
443 348 0
444 359 0
449 364 0
458 365 0
476 357 0
497 340 0
508 327 0
513 320 0
517 317 0
519 313 0
520 331 0
521 342 0
524 349 0
529 350 0
542 345 0
556 334 0
564 326 0
568 322 0
570 320 0
573 323 0
575 331 0
576 336 0
579 340 0
583 341 0
590 339 0
604 330 0
620 320 0
628 318 0
633 317 0
636 318 0
642 325 0
647 329 0
651 330 1
750 297 0
745 296 0
730 295 0
709 297 0
702 301 0
695 307 0
688 318 0
688 328 0
690 335 0
695 337 0
703 335 0
714 326 0
731 306 0
744 278 0
753 253 0
759 230 0
761 223 0
762 215 0
761 222 0
757 242 0
752 294 0
756 319 0
762 326 1
