hedgeman
260 250 0
259 261 0
257 280 0
255 301 0
255 308 0
253 333 0
253 341 0
254 344 0
269 328 0
280 319 0
290 313 0
294 311 0
299 312 0
301 318 0
304 325 0
307 334 0
312 340 0
321 344 0
337 340 0
360 328 0
378 315 0
385 308 0
388 305 0
390 300 0
386 300 0
376 303 0
361 310 0
351 317 0
349 325 0
350 330 0
359 333 0
371 334 0
389 335 1
477 302 0
459 298 0
446 299 0
436 302 0
427 309 0
421 318 0
419 325 0
420 329 0
435 324 0
448 312 0
466 271 0
471 252 0
472 249 0
474 247 0
474 252 0
470 267 0
468 290 0
469 303 0
472 315 0
480 324 1
538 296 0
533 297 0
525 299 0
519 301 0
514 304 0
512 308 0
511 311 0
517 313 0
522 313 0
526 313 0
530 315 0
535 322 0
541 337 0
544 361 0
541 379 0
535 395 0
526 408 0
521 413 0
516 413 0
516 396 0
528 371 0
544 351 0
560 336 0
576 323 0
591 309 0
599 299 0
602 295 0
601 292 0
597 287 0
591 291 0
587 300 0
587 310 0
590 318 0
596 322 0
607 321 0
615 318 0
619 315 0
623 311 0
626 309 0
629 307 0
632 306 0
635 311 0
637 319 0
639 325 0
641 329 0
643 332 0
647 330 0
657 323 0
664 317 0
668 314 0
674 312 0
677 313 0
683 321 0
690 321 0
704 316 0
715 311 0
722 309 0
728 307 0
733 307 0
736 310 0
741 313 0
747 316 0
750 318 1
842 300 0
836 299 0
825 298 0
809 300 0
794 305 0
784 311 0
779 321 0
779 327 0
786 329 0
798 328 0
813 322 0
824 316 0
826 313 0
831 309 0
833 307 0
836 306 0
837 316 0
839 322 0
841 325 0
852 326 0
860 322 0
867 315 0
875 305 0
881 297 0
885 294 0
888 295 0
890 303 0
893 314 0
897 322 0
900 326 0
904 327 0
912 323 0
927 314 0
942 307 0
947 306 0
953 307 0
956 309 0
961 312 0
966 318 0
973 323 1
