the
523 243 0
519 264 0
512 293 0
506 322 0
502 348 0
504 369 0
510 379 0
521 386 0
546 387 0
565 387 0
574 387 1
492 335 0
501 336 0
532 328 0
560 319 0
574 315 1
597 263 0
599 272 0
602 286 0
604 312 0
604 338 0
602 356 0
601 365 0
601 372 0
601 378 0
607 375 0
614 371 0
622 368 0
629 364 0
634 362 0
638 360 0
640 362 0
644 366 0
653 374 0
668 378 0
693 374 0
712 368 0
718 363 0
731 343 0
734 334 0
734 330 0
730 328 0
723 332 0
710 342 0
702 354 0
701 363 0
706 368 0
735 369 0
757 369 0
760 369 1
