lieutenant
284 357 0
288 355 0
296 344 0
310 319 0
322 293 0
331 270 0
334 256 0
335 253 0
333 248 0
332 244 0
328 241 0
323 239 0
316 244 0
310 254 0
298 282 0
289 310 0
284 352 0
285 373 0
286 377 0
293 381 0
300 379 0
311 371 0
320 362 0
327 351 0
332 343 0
335 338 0
337 335 0
340 338 0
339 348 0
339 361 0
341 371 0
346 377 0
355 380 0
369 375 0
392 360 0
400 351 0
406 341 0
411 332 0
413 326 0
415 321 0
411 317 0
407 320 0
400 329 0
396 337 0
393 346 0
393 358 0
394 369 0
396 373 0
401 376 0
412 370 0
426 359 0
436 348 0
441 340 0
445 336 0
447 333 0
450 336 0
451 347 0
452 358 0
454 365 0
470 362 0
481 354 0
487 350 0
490 348 0
493 353 0
495 362 0
500 370 0
506 373 0
520 372 0
544 367 1
556 237 0
557 253 0
557 260 0
555 287 0
549 332 0
546 348 0
544 356 0
543 360 0
541 365 0
542 367 0
542 369 0
542 373 0
539 365 0
538 360 0
538 356 0
537 353 0
542 352 0
547 354 0
556 354 0
562 353 0
570 351 0
590 341 0
599 332 0
602 326 0
601 319 0
595 314 0
589 314 0
585 320 0
579 333 0
576 350 0
579 362 0
586 366 0
598 363 0
619 349 0
628 336 0
632 330 0
635 326 0
637 324 0
638 329 0
638 336 0
640 343 0
641 348 0
643 351 0
646 351 0
656 347 0
665 343 0
670 342 0
673 342 0
678 345 0
681 348 0
683 352 0
689 356 0
692 357 1
761 334 0
756 333 0
746 326 0
741 323 0
737 322 0
733 327 0
728 343 0
726 355 0
726 359 0
731 361 0
739 355 0
746 346 0
752 336 0
756 329 0
758 326 0
760 332 0
760 343 0
762 351 0
767 355 0
775 355 0
783 352 0
791 346 0
798 339 0
803 335 0
808 334 0
810 335 0
815 339 0
816 342 0
819 347 0
828 349 0
842 344 0
859 334 0
866 330 0
869 330 0
875 338 0
884 346 0
892 348 1
926 238 0
928 246 0
928 249 0
930 262 0
933 304 0
937 345 0
938 350 0
938 357 0
939 363 0
929 348 0
920 334 0
915 327 0
911 324 0
909 320 0
914 316 0
936 308 0
975 297 0
990 293 1
367 245 0
368 249 0
362 267 0
353 293 1
