under
417 299 0
415 305 0
413 318 0
409 339 0
410 353 0
412 360 0
418 361 0
427 359 0
435 352 0
444 344 0
451 336 0
457 330 0
462 324 0
464 331 0
465 342 0
471 352 0
480 356 0
491 353 0
513 338 0
526 325 0
532 319 0
535 316 0
538 316 0
538 324 0
538 333 0
539 340 0
540 343 0
546 342 0
552 338 0
560 334 0
568 329 0
572 327 0
579 325 0
583 332 0
588 336 0
596 338 1
695 300 0
691 300 0
678 301 0
663 305 0
649 314 0
639 324 0
633 334 0
632 342 0
633 348 0
639 350 0
651 346 0
671 334 0
683 321 0
693 306 0
700 283 0
706 264 0
708 255 0
710 252 0
710 249 0
706 263 0
699 288 0
696 310 0
697 332 0
701 340 0
706 344 0
709 345 0
726 343 0
743 333 0
750 326 0
753 318 0
754 312 0
754 309 0
750 311 0
746 318 0
744 326 0
746 337 0
753 344 0
769 345 0
793 338 0
806 332 0
813 330 0
817 329 0
819 329 0
823 331 0
826 336 0
828 342 0
830 346 0
833 344 0
833 339 0
835 317 0
839 298 0
844 292 0
857 288 0
877 283 0
895 278 1
