29th
452 287 0
458 286 0
469 286 0
482 288 0
496 294 0
499 297 0
502 305 0
500 317 0
493 339 0
484 359 0
478 372 0
475 379 0
474 385 0
475 389 0
489 392 0
516 386 0
536 381 0
538 381 1
603 327 0
600 323 0
593 317 0
586 313 0
578 310 0
572 308 0
567 308 0
563 308 0
559 314 0
556 325 0
557 335 0
563 340 0
572 342 0
583 339 0
592 334 0
595 332 0
601 327 0
603 325 0
605 325 0
606 330 0
607 343 0
610 361 0
617 376 0
624 394 0
626 397 1
690 299 0
691 303 0
690 307 0
687 318 0
680 341 0
678 352 0
676 358 0
678 376 0
685 384 0
695 387 0
712 391 1
658 353 0
662 353 0
678 350 0
702 343 1
760 287 0
760 291 0
757 299 0
756 306 0
751 332 0
749 355 0
748 366 0
747 374 0
747 378 0
747 381 0
747 384 0
754 379 0
765 368 0
772 362 0
776 360 0
779 358 0
781 358 0
784 367 0
785 371 0
791 376 0
804 375 0
827 371 0
846 367 1
