him
476 239 0
476 244 0
477 248 0
478 281 0
478 330 0
479 346 0
481 355 0
482 363 0
483 366 0
486 367 0
494 360 0
513 341 0
530 324 0
538 317 0
541 316 0
546 327 0
549 338 0
553 350 0
557 357 0
560 360 0
564 360 0
570 358 0
577 353 0
588 344 0
594 338 0
597 335 0
600 332 0
605 340 0
608 347 0
616 356 0
629 357 0
650 344 0
671 327 0
681 317 0
684 314 0
687 314 0
689 313 0
691 315 0
692 321 0
693 330 0
694 336 0
695 339 0
696 342 0
699 343 0
703 339 0
708 335 0
713 333 0
717 334 0
721 340 0
722 343 0
727 348 0
739 346 0
761 337 0
775 330 0
781 328 0
786 328 0
792 334 0
798 340 0
803 345 1
576 253 0
570 257 1
