eight
442 322 0
445 326 0
448 327 0
458 326 0
474 320 0
493 308 0
500 303 0
504 299 0
504 294 0
498 292 0
492 293 0
480 300 0
469 312 0
462 325 0
459 339 0
458 342 0
461 349 0
473 351 0
496 342 0
516 328 0
525 320 0
528 318 0
531 315 0
534 314 0
533 324 0
534 333 0
537 339 0
546 343 0
567 341 0
589 337 1
651 302 0
647 303 0
640 303 0
632 303 0
623 306 0
617 310 0
613 315 0
612 321 0
627 313 0
643 300 0
647 298 0
649 295 0
653 299 0
655 306 0
659 325 0
661 349 0
659 374 0
652 397 0
644 414 0
636 421 0
627 427 0
621 426 0
617 418 0
616 404 0
621 388 0
633 370 0
641 358 0
656 342 0
698 290 0
722 258 0
723 248 0
724 237 0
723 228 0
722 224 0
717 231 0
707 265 0
699 303 0
701 317 0
703 329 0
708 334 0
715 335 0
724 333 0
731 330 0
735 330 0
738 330 0
742 334 0
744 341 0
756 344 0
764 340 0
770 335 0
778 321 0
798 267 0
808 240 0
813 227 0
815 223 0
818 221 0
819 237 0
817 269 0
811 301 0
810 320 0
809 332 0
809 336 0
809 339 0
809 342 0
809 333 0
807 323 0
807 315 0
808 309 0
812 305 0
821 302 1
543 222 0
543 226 1
