secured
417 270 0
411 280 0
404 290 0
402 296 0
402 300 0
407 307 0
416 314 0
429 323 0
435 329 0
436 336 0
432 348 0
424 360 0
412 365 0
406 365 1
458 332 0
461 335 0
470 332 0
479 325 0
488 314 0
491 304 0
488 294 0
483 288 0
476 286 0
468 290 0
450 305 0
439 326 0
438 341 0
442 356 0
451 362 0
466 371 0
469 373 1
567 292 0
560 292 0
550 295 0
541 299 0
533 307 0
526 319 0
523 333 0
525 342 0
532 348 0
550 345 0
578 334 0
596 322 0
602 317 0
605 314 0
609 310 0
612 312 0
612 319 0
613 327 0
613 331 0
616 335 0
620 337 0
626 333 0
635 325 0
642 318 0
645 315 0
647 312 0
650 325 0
653 333 0
661 337 0
676 334 0
695 325 0
701 321 0
706 320 0
709 320 0
714 322 0
716 326 0
717 330 0
718 321 0
718 318 0
719 312 0
721 311 0
733 309 0
750 307 0
761 305 0
769 304 0
772 303 0
777 302 0
777 298 0
776 293 0
769 298 0
766 308 0
762 320 0
764 328 0
775 334 0
792 333 0
813 331 1
884 297 0
875 296 0
861 295 0
845 297 0
833 301 0
827 306 0
822 313 0
822 324 0
826 329 0
838 330 0
859 321 0
879 301 0
891 277 0
896 258 0
897 249 0
898 242 0
900 238 0
900 235 0
889 267 0
887 293 0
891 318 0
897 330 0
914 337 0
927 341 0
941 345 1
