made
370 307 0
374 313 0
374 320 0
375 332 0
374 343 0
374 348 0
374 352 0
376 346 0
381 338 0
387 329 0
392 327 0
398 325 0
403 327 0
408 331 0
412 337 0
415 344 0
426 344 0
439 341 0
447 340 0
454 340 0
459 342 0
463 344 0
470 350 0
474 355 0
477 358 1
529 340 0
522 334 0
518 331 0
512 326 0
506 324 0
502 322 0
498 324 0
494 333 0
492 348 0
493 356 0
497 360 0
509 355 0
516 347 0
520 341 0
523 337 0
525 335 0
529 337 0
531 342 0
537 346 0
549 349 0
567 353 0
572 354 1
633 327 0
625 326 0
614 326 0
600 329 0
587 336 0
578 343 0
572 351 0
572 358 0
574 362 0
582 363 0
594 357 0
614 338 0
629 316 0
639 298 0
644 288 0
645 282 0
646 278 0
647 274 0
644 295 0
640 322 0
641 340 0
642 350 0
643 352 0
652 358 0
666 355 0
681 345 0
691 334 0
696 325 0
697 322 0
699 318 0
687 336 0
685 349 0
687 358 0
695 362 1
