you
539 306 0
538 310 0
537 318 0
538 328 0
542 336 0
550 338 0
570 334 0
594 324 0
604 319 0
608 317 0
613 315 0
615 316 0
614 322 0
612 336 0
609 359 0
607 384 0
603 400 0
597 413 0
590 422 0
583 426 0
575 426 0
567 422 0
562 418 0
563 411 0
575 384 0
610 347 0
624 337 0
647 322 0
662 314 0
669 311 0
673 309 0
675 308 0
672 314 0
668 322 0
665 330 0
666 337 0
670 341 0
679 341 0
689 336 0
697 330 0
701 326 0
703 323 0
702 318 0
697 314 0
689 311 0
685 309 0
681 308 0
706 303 0
726 297 0
736 295 0
741 294 0
745 294 0
748 294 0
748 297 0
748 304 0
747 321 0
747 335 0
749 341 0
754 345 0
761 344 0
769 342 0
779 334 0
788 327 0
793 322 0
796 320 0
798 323 0
800 331 0
803 338 0
820 340 0
842 340 0
849 340 1
