hall
441 240 0
445 250 0
449 276 0
451 304 0
451 322 0
451 334 0
452 341 0
457 344 0
466 341 0
477 335 0
483 333 0
486 333 0
495 335 0
499 337 0
505 343 0
508 346 0
513 348 0
516 349 1
602 301 0
596 303 0
590 304 0
583 305 0
576 307 0
570 309 0
565 315 0
559 326 0
556 335 0
556 339 0
559 343 0
571 341 0
579 336 0
583 333 0
588 328 0
590 325 0
593 322 0
594 332 0
595 338 0
601 341 0
612 341 0
634 329 0
656 313 0
675 292 0
689 268 0
698 248 0
699 242 0
698 239 0
683 248 0
660 276 0
646 302 0
642 328 0
649 341 0
660 343 0
680 336 0
704 319 0
723 295 0
737 270 0
742 255 0
744 250 0
744 248 0
733 267 0
718 294 0
711 320 0
711 338 0
720 347 0
733 355 0
749 363 1
