29th
432 271 0
448 266 0
491 258 0
525 257 0
533 258 0
531 290 0
520 316 0
509 339 0
503 356 0
503 364 0
507 371 0
520 372 0
555 366 0
572 363 1
648 282 0
644 279 0
638 274 0
629 270 0
618 268 0
604 269 0
590 274 0
584 283 0
585 291 0
590 295 0
602 297 0
619 292 0
629 288 0
635 286 0
638 284 0
639 299 0
637 317 0
639 339 0
642 350 0
648 355 1
739 259 0
739 268 0
737 288 0
733 314 0
730 331 0
728 339 0
727 347 0
727 350 0
727 354 0
723 346 0
721 337 0
719 332 0
718 329 0
736 322 0
763 313 0
787 301 0
799 291 0
804 281 0
807 273 0
807 264 0
807 260 0
801 268 0
791 291 0
786 316 0
783 332 0
783 338 0
785 342 0
786 344 0
795 342 0
806 337 0
816 334 0
820 334 0
827 341 0
831 348 0
833 354 0
840 357 0
850 359 0
869 360 1
