with
428 330 0
429 337 0
429 339 0
429 357 0
432 377 0
436 382 0
441 382 0
447 380 0
453 376 0
460 373 0
464 374 0
467 376 0
470 380 0
473 384 0
476 387 0
482 389 0
488 388 0
498 381 0
506 373 0
510 367 0
511 360 0
512 353 0
513 349 0
513 345 0
513 342 0
517 342 0
529 339 0
536 338 0
539 337 0
542 337 0
543 346 0
543 358 0
545 369 0
547 373 0
557 374 0
566 373 0
583 370 1
606 250 0
607 253 0
607 267 0
607 296 0
606 316 0
607 323 0
603 350 0
602 361 0
601 365 0
601 368 0
600 358 0
600 347 0
600 343 0
600 339 0
607 338 0
619 335 0
642 325 0
659 313 0
671 301 0
678 283 0
682 266 0
681 260 0
679 256 0
678 253 0
677 260 0
670 284 0
665 311 0
662 330 0
661 335 0
660 351 0
660 362 0
660 366 0
664 365 0
669 363 0
676 361 0
680 360 0
683 359 0
686 360 0
688 361 0
698 366 0
701 367 1
555 277 0
550 282 1
