williamsburgh
198 316 0
197 320 0
192 329 0
189 340 0
186 356 0
186 367 0
188 371 0
194 370 0
206 362 0
222 348 0
228 343 0
230 340 0
235 338 0
241 346 0
245 353 0
249 360 0
254 362 0
260 360 0
267 354 0
272 340 0
274 328 0
275 323 0
275 320 0
280 319 0
282 319 0
288 321 0
298 320 0
306 318 0
311 317 0
314 316 0
318 317 0
320 321 0
321 330 0
325 339 0
330 347 0
336 348 0
350 342 0
369 327 0
382 310 0
391 284 0
395 256 0
395 242 0
396 240 0
386 249 0
379 268 0
373 296 0
375 321 0
379 335 0
384 341 0
394 339 0
409 327 0
424 306 0
432 280 0
436 261 0
437 253 0
436 245 0
436 241 0
429 260 0
423 288 0
420 310 0
422 324 0
427 336 0
436 336 0
454 325 0
461 319 0
468 313 0
471 321 0
473 332 0
477 340 1
480 253 1
552 315 0
548 312 0
544 310 0
539 308 0
534 308 0
530 309 0
527 312 0
526 316 0
523 326 0
522 335 0
523 343 0
527 345 0
533 344 0
541 339 0
547 333 0
551 326 0
554 321 0
557 320 0
559 324 0
560 331 0
563 335 0
567 337 0
576 336 0
582 333 0
591 327 0
594 322 0
598 319 0
600 316 0
603 319 0
602 327 0
601 335 0
603 341 0
604 344 0
610 340 0
618 330 0
624 323 0
627 321 0
632 326 0
634 328 0
637 330 0
646 329 0
653 327 0
656 326 0
659 326 0
662 327 0
665 329 0
667 333 0
670 338 1
735 284 0
728 288 0
719 293 0
715 296 0
706 304 0
704 311 0
706 317 0
712 322 0
718 328 0
724 334 0
727 339 0
729 342 0
717 351 0
704 358 0
689 365 0
685 367 1
764 234 0
765 238 0
765 249 0
762 275 0
761 292 0
760 301 0
760 307 0
760 311 0
761 314 0
767 313 0
774 312 0
785 311 0
796 312 0
803 314 0
806 320 0
806 328 0
799 338 0
790 346 0
779 351 0
773 349 1
841 303 0
840 309 0
838 317 0
836 331 0
836 341 0
838 347 0
845 347 0
852 344 0
858 338 0
864 331 0
869 325 0
871 322 0
875 330 0
876 335 0
884 339 0
897 340 0
907 341 0
915 341 0
919 342 0
923 343 0
925 345 0
927 334 0
929 326 0
932 319 0
939 314 0
946 310 1
1001 313 0
996 310 0
981 310 0
973 313 0
968 323 0
971 328 0
977 330 0
982 330 0
989 328 0
997 324 0
999 323 0
1002 323 0
1004 329 0
1005 342 0
1002 367 0
998 384 0
994 398 0
991 405 0
985 412 0
978 413 0
971 412 0
967 408 0
970 404 0
988 384 0
1024 344 0
1036 328 0
1047 310 0
1058 284 0
1066 261 0
1068 252 0
1069 248 0
1071 244 0
1065 255 0
1057 275 0
1051 298 0
1050 314 0
1050 330 0
1052 337 0
1062 338 0
1070 335 0
1077 331 0
1081 330 0
1084 329 0
1086 330 0
1088 333 0
1106 342 0
1111 344 0
1126 350 1
301 224 0
304 225 0
305 228 1
470 233 1
465 235 0
473 240 1
