drummer
377 327 0
368 322 0
357 322 0
343 324 0
330 332 0
316 353 0
311 371 0
311 379 0
316 383 0
326 379 0
354 353 0
371 327 0
382 301 0
396 258 0
398 247 0
400 239 0
403 248 0
399 285 0
397 313 0
399 337 0
403 350 0
406 357 0
410 359 0
417 357 0
426 352 0
435 345 0
441 342 0
446 340 0
449 341 0
451 345 0
451 351 0
453 355 0
454 359 0
455 361 0
454 354 0
454 339 0
455 327 0
456 322 0
458 319 0
463 318 0
467 317 0
472 316 0
479 315 0
482 315 0
486 316 0
489 325 0
491 335 0
492 346 0
493 352 0
496 354 0
502 351 0
511 345 0
521 333 0
528 325 0
531 322 0
534 320 0
535 328 0
535 337 0
536 343 0
538 346 0
545 346 0
555 341 0
569 332 0
573 328 0
578 325 0
580 324 0
581 332 0
581 339 0
581 346 0
581 353 0
582 356 0
587 356 0
595 349 0
601 343 0
605 340 0
610 336 0
613 338 0
614 342 0
615 346 0
616 349 0
623 347 0
637 334 0
647 327 0
653 324 0
656 324 0
658 327 0
659 333 0
661 340 0
663 346 0
666 349 0
673 351 0
679 348 0
692 338 0
700 331 0
706 327 0
709 325 0
711 324 0
714 324 0
716 332 0
716 342 0
718 350 0
719 354 0
723 354 0
734 343 0
750 328 0
757 322 0
760 322 0
763 328 0
765 331 0
771 329 0
780 325 0
788 322 0
791 320 0
796 319 0
798 320 0
801 329 0
804 336 0
807 340 0
817 345 0
831 345 0
851 337 0
868 327 0
876 322 0
879 320 0
881 318 0
876 314 0
869 313 0
860 318 0
853 325 0
851 333 0
853 340 0
860 346 0
875 347 0
904 340 0
926 329 0
932 326 0
937 325 0
940 327 0
942 332 0
943 338 0
945 346 0
946 349 0
947 354 0
948 338 0
949 322 0
951 313 0
954 305 0
970 299 0
1000 293 0
1017 288 1
