orders
420 323 0
418 319 0
412 321 0
404 329 0
396 350 0
393 369 0
394 374 0
404 375 0
423 364 0
435 352 0
437 344 0
437 333 0
436 328 0
436 325 0
440 325 0
446 326 0
457 329 0
469 330 0
478 332 0
485 334 0
490 338 0
493 345 0
495 354 0
496 361 0
497 365 0
498 368 0
500 360 0
500 352 0
500 343 0
501 336 0
503 332 0
506 331 0
508 331 0
516 331 0
530 330 0
541 329 0
559 326 1
602 333 0
593 333 0
582 334 0
566 336 0
554 339 0
547 343 0
544 348 0
543 355 0
546 362 0
553 364 0
569 360 0
587 346 0
598 329 0
603 314 0
608 298 0
611 286 0
613 276 0
615 271 0
615 277 0
612 301 0
609 330 0
611 354 0
618 367 0
627 372 0
645 373 0
664 364 0
678 349 0
684 330 0
686 320 0
686 313 0
684 309 0
684 307 0
677 312 0
667 326 0
659 343 0
656 351 0
658 357 0
666 359 0
677 357 0
695 352 0
707 348 0
711 349 0
720 351 0
727 354 0
731 365 0
732 371 0
732 373 0
731 366 0
730 341 0
730 328 0
730 324 0
730 321 0
730 319 0
736 318 0
743 318 1
821 301 0
810 305 0
787 310 0
782 314 0
779 321 0
784 325 0
796 334 0
810 342 0
819 348 0
822 351 0
824 356 0
810 364 0
791 372 0
783 376 0
766 383 1
