you
489 318 0
490 322 0
492 327 0
506 332 0
516 329 0
525 324 0
530 321 0
532 319 0
535 318 0
537 317 0
539 325 0
540 347 0
539 376 0
538 398 0
534 416 0
527 432 0
518 442 0
512 446 0
509 440 0
508 422 0
519 391 0
534 370 0
552 353 0
570 342 0
587 333 0
596 328 0
599 326 0
603 324 0
599 332 0
594 338 0
589 347 0
589 355 0
595 362 0
620 366 0
632 364 0
637 361 0
637 357 0
634 351 0
623 337 0
612 323 0
608 317 0
605 315 0
613 316 0
620 316 0
633 315 0
644 313 0
652 312 0
657 312 0
661 312 0
664 312 0
666 312 0
668 320 0
670 336 0
675 344 0
680 347 0
689 344 0
704 336 0
718 328 0
726 323 0
730 321 0
733 319 0
735 323 0
737 330 0
740 337 0
753 344 0
771 349 0
789 353 1
