letters
375 328 0
384 324 0
405 306 0
425 284 0
439 263 0
443 253 0
443 246 0
441 242 0
433 240 0
422 242 0
398 260 0
375 294 0
360 329 0
357 355 0
361 373 0
372 380 0
392 383 0
429 369 0
459 349 0
470 336 0
475 324 0
474 316 0
469 313 0
461 315 0
447 326 0
432 346 0
426 365 0
429 374 0
438 379 0
450 381 0
468 383 1
520 255 0
520 259 0
520 269 0
519 287 0
520 305 0
520 326 0
520 339 0
522 341 0
524 350 0
525 356 0
527 359 0
529 363 0
529 366 0
529 369 0
529 372 0
523 367 0
517 354 0
510 333 0
509 327 0
509 322 0
516 322 0
519 321 1
562 258 0
565 268 0
568 283 0
570 313 0
570 341 0
570 358 0
570 366 0
570 369 0
566 365 0
562 360 0
563 356 0
566 352 0
574 346 0
587 339 0
598 335 0
612 329 0
620 326 0
623 322 0
622 318 0
618 317 0
614 326 0
613 336 0
611 348 0
615 357 0
621 361 0
627 360 0
636 354 0
642 349 0
646 347 0
649 346 0
653 347 0
656 348 0
661 352 0
664 356 0
665 359 0
664 345 0
661 329 0
661 325 0
661 321 0
662 319 1
744 286 0
735 292 0
725 298 0
716 305 0
713 310 0
720 316 0
728 319 0
735 322 0
737 330 0
732 343 0
725 355 0
713 364 0
702 372 0
697 375 1
