rendezvous
169 316 0
169 319 0
170 328 0
172 345 0
172 360 0
173 372 0
173 374 0
177 369 0
180 354 0
184 331 0
186 327 0
187 323 0
190 322 0
194 323 0
201 327 0
209 331 0
220 333 0
234 333 0
243 330 0
248 326 0
252 322 0
252 319 0
249 315 0
240 316 0
232 319 0
226 326 0
223 341 0
223 357 0
225 366 0
226 370 0
232 374 0
242 373 0
251 366 0
260 356 0
266 345 0
273 332 0
277 327 0
284 324 0
287 325 0
291 331 0
295 341 0
297 351 0
298 355 0
299 359 0
303 357 0
309 352 0
320 344 0
326 340 0
330 338 0
333 342 0
336 348 0
339 356 0
342 359 1
421 326 0
407 326 0
394 329 0
384 334 0
372 344 0
363 357 0
361 368 0
362 372 0
369 373 0
384 367 0
405 349 0
425 325 0
439 297 0
446 273 0
449 264 0
450 259 0
449 256 0
440 288 0
436 325 0
439 339 0
445 349 0
454 353 0
467 353 0
482 346 0
492 337 0
497 329 0
499 323 0
498 318 0
493 317 0
490 325 0
487 337 0
487 350 0
490 361 0
497 365 1
541 294 0
541 297 0
548 300 0
557 301 0
566 304 0
571 306 0
575 307 0
574 316 0
567 332 0
564 344 0
562 353 0
563 360 0
566 363 0
572 363 1
555 327 0
555 331 0
578 330 0
617 319 0
623 315 0
626 315 0
630 315 0
632 320 0
633 330 0
636 341 0
639 348 0
640 351 0
643 355 0
650 353 0
659 347 0
673 331 0
683 321 0
689 314 0
691 311 1
735 324 0
735 330 0
735 335 0
737 341 0
740 347 0
753 349 0
760 342 0
765 332 0
765 324 0
763 317 0
760 313 0
751 312 0
739 314 0
732 319 0
730 328 0
733 337 1
781 307 0
781 310 0
780 318 0
780 326 0
781 330 0
782 334 0
785 337 0
788 337 0
796 331 0
804 324 0
808 319 0
812 316 0
814 315 0
819 322 0
825 329 0
827 332 1
893 277 0
890 280 0
879 288 0
869 299 0
866 306 0
868 312 0
871 318 0
877 325 0
883 332 0
885 336 0
885 340 0
861 353 0
847 358 0
830 362 1
