from
424 378 0
431 380 0
449 364 0
482 331 0
495 312 0
501 299 0
504 287 0
503 279 0
502 274 0
492 297 0
483 346 0
481 369 0
480 392 0
480 414 0
478 431 0
476 442 0
474 447 0
473 451 0
473 441 0
478 417 0
488 405 0
499 398 0
516 388 0
528 384 0
536 384 0
541 386 0
544 391 0
546 399 0
546 403 0
546 407 0
544 393 0
543 382 0
545 373 0
546 370 0
555 366 0
564 363 0
575 362 0
582 361 0
588 361 0
593 361 0
596 361 0
599 361 0
600 365 0
596 373 0
595 380 0
597 390 0
598 393 0
602 397 0
611 393 0
619 384 0
624 371 0
623 360 0
619 351 0
617 347 0
613 345 0
613 348 0
630 346 0
641 343 0
651 342 0
655 341 0
660 342 0
665 349 0
669 358 0
671 370 0
674 380 0
676 387 0
679 390 0
686 383 0
693 374 0
697 369 0
700 365 0
705 369 0
708 376 0
712 385 0
718 392 0
733 386 0
754 372 0
762 367 0
768 366 0
770 373 0
773 378 0
776 384 0
782 388 0
788 390 1
