you
386 292 0
386 298 0
385 304 0
385 316 0
387 327 0
392 333 0
397 334 0
409 327 0
424 317 0
433 312 0
439 317 0
440 325 0
443 345 0
443 372 0
439 397 0
431 416 0
422 430 0
414 439 0
406 440 0
400 434 0
398 412 0
404 394 0
419 374 0
441 352 0
465 332 0
486 318 0
498 309 0
505 306 0
499 319 0
497 330 0
498 338 0
508 344 0
515 340 0
523 332 0
527 324 0
527 315 0
524 305 0
518 299 0
513 297 0
506 299 0
514 302 0
534 298 0
555 290 0
566 287 0
575 284 0
581 284 0
585 296 0
586 311 0
586 326 0
587 332 0
595 333 0
606 325 0
616 317 0
624 310 0
629 310 0
635 322 0
643 332 0
662 340 0
682 348 1
