private
347 323 0
347 329 0
348 338 0
350 347 0
354 391 0
355 416 0
355 420 0
355 422 0
357 390 0
362 354 0
369 339 0
376 328 0
383 323 0
390 322 0
396 324 0
399 326 0
402 335 0
401 343 0
396 352 0
387 359 0
377 364 0
374 365 1
436 323 0
439 327 0
439 330 0
439 337 0
438 343 0
438 347 0
437 351 0
437 340 0
437 333 0
438 329 0
439 326 0
443 325 0
447 324 0
453 323 0
459 322 0
462 321 0
466 322 0
467 327 0
467 334 0
467 337 0
469 341 0
475 347 0
482 349 1
512 317 0
514 321 0
515 332 0
516 340 0
518 346 0
520 350 0
521 353 0
525 345 0
531 333 0
535 324 0
539 320 0
548 307 0
550 303 1
604 326 0
594 323 0
587 324 0
580 327 0
574 333 0
572 340 0
572 344 0
584 344 0
592 338 0
597 335 0
601 334 0
605 337 0
607 341 1
660 240 0
660 252 0
657 271 0
653 299 0
651 328 0
649 344 0
648 350 0
648 354 0
648 341 0
648 335 0
648 331 0
653 330 0
665 328 0
690 322 0
702 317 0
706 315 0
711 311 0
709 306 0
708 304 0
704 304 0
701 306 0
696 317 0
693 333 0
693 351 0
702 361 0
713 364 0
733 370 1
481 237 0
479 246 1
