hence
378 276 0
378 280 0
379 287 0
379 302 0
379 328 0
379 351 0
380 367 0
379 378 0
378 388 0
378 393 0
378 397 0
393 382 0
403 372 0
411 366 0
415 364 0
420 363 0
424 373 0
430 383 0
438 397 0
445 405 0
453 408 0
467 405 0
487 390 0
500 376 0
504 369 0
506 362 0
507 357 0
508 354 0
503 357 0
494 378 0
490 393 0
491 399 0
492 403 0
495 402 0
502 399 0
515 386 0
529 370 0
534 364 0
538 361 0
540 362 0
541 367 0
542 376 0
544 383 0
548 389 0
555 390 0
566 384 0
586 372 0
594 368 0
598 367 0
600 372 0
602 379 0
604 384 0
605 388 0
611 393 1
674 355 0
666 356 0
661 358 0
656 364 0
650 374 0
649 384 0
649 392 0
655 398 0
667 400 0
684 397 0
705 389 0
714 383 0
723 372 0
727 366 0
726 358 0
721 355 0
718 356 0
714 360 0
709 372 0
707 385 0
711 397 0
718 401 0
736 400 0
761 398 0
769 398 1
