have
378 247 0
379 254 0
381 267 0
382 277 0
383 297 0
385 327 0
387 342 0
388 350 0
390 353 0
394 352 0
409 342 0
427 330 0
439 325 0
447 323 0
451 322 0
455 323 0
459 330 0
461 333 0
464 337 0
470 342 1
537 315 0
536 311 0
526 311 0
516 313 0
508 321 0
504 329 0
502 338 0
503 342 0
505 344 0
513 342 0
519 336 0
525 328 0
532 321 0
536 322 0
539 329 0
543 334 0
549 339 1
589 303 0
592 306 0
593 311 0
596 317 0
597 322 0
598 326 0
599 329 0
605 326 0
613 319 0
630 298 0
636 293 0
640 293 0
644 297 0
646 304 0
647 306 0
652 309 0
661 309 0
673 307 0
680 304 0
682 303 0
687 297 0
674 302 0
665 310 0
659 320 0
657 332 0
661 339 0
677 343 0
696 344 0
715 345 1
