should
461 317 0
458 320 0
451 326 0
447 335 0
445 341 0
446 348 0
449 356 0
456 366 0
463 374 0
466 377 0
468 382 0
464 388 0
455 395 0
447 398 0
441 395 0
439 392 1
491 278 0
494 275 0
497 279 0
499 293 0
500 323 0
498 350 0
497 366 0
496 374 0
497 379 0
497 382 0
501 380 0
509 374 0
516 370 0
520 370 0
523 369 0
525 372 0
527 376 0
529 379 0
534 381 0
539 379 1
593 342 0
584 353 0
578 361 0
573 370 0
572 378 0
572 381 0
576 385 0
586 380 0
597 371 0
604 360 0
606 350 0
603 342 0
597 337 0
590 337 0
587 340 0
586 345 1
632 343 0
632 346 0
633 350 0
634 359 0
635 369 0
636 376 0
639 379 0
643 379 0
651 375 0
657 369 0
661 365 0
666 363 0
669 368 0
671 372 0
675 375 0
681 377 0
695 370 0
713 351 0
726 328 0
731 310 0
733 301 0
733 295 0
732 292 0
719 313 0
710 334 0
709 346 0
710 359 0
714 370 0
721 377 1
811 350 0
808 349 0
801 349 0
794 350 0
784 355 0
776 363 0
771 371 0
769 377 0
770 380 0
790 361 0
807 324 0
813 299 0
814 288 0
815 282 0
818 291 0
816 313 0
812 340 0
812 362 0
817 368 1
