andria
341 318 0
330 316 0
320 316 0
307 320 0
292 331 0
276 349 0
272 364 0
272 376 0
280 381 0
291 380 0
312 366 0
326 351 0
332 342 0
337 336 0
338 333 0
337 352 0
336 365 0
338 373 0
346 374 0
361 367 0
382 352 0
392 345 0
397 340 0
401 335 0
404 335 0
405 345 0
406 357 0
406 365 0
419 358 0
430 350 0
433 348 0
438 346 0
441 349 0
445 356 0
449 363 0
455 367 1
533 330 0
525 330 0
515 330 0
503 333 0
494 337 0
489 349 0
487 362 0
489 367 0
501 367 0
517 358 0
535 336 0
547 312 0
556 287 0
561 266 0
564 256 0
565 253 0
566 249 0
566 256 0
563 274 0
558 300 0
555 325 0
556 338 0
559 346 0
561 350 0
568 352 0
579 347 0
592 337 0
600 331 0
605 327 0
607 328 0
608 336 0
606 343 0
604 351 0
604 355 0
607 341 0
609 332 0
612 326 0
613 323 0
616 321 0
620 319 0
628 317 0
637 315 0
644 314 0
650 314 0
653 314 0
656 314 0
659 314 0
659 318 0
659 327 0
661 339 0
669 351 0
677 355 0
680 356 1
771 310 0
767 310 0
761 310 0
754 310 0
745 312 0
737 316 0
731 322 0
725 332 0
721 342 0
721 345 0
725 349 0
736 346 0
746 339 0
756 329 0
762 322 0
765 321 0
768 329 0
771 336 0
774 341 0
783 345 0
799 341 0
817 333 0
823 330 1
669 227 0
669 230 0
668 235 1
