think
437 251 0
437 255 0
437 261 0
435 276 0
431 301 0
428 327 0
424 353 0
425 369 0
438 382 0
456 386 0
470 387 0
486 387 1
416 332 0
426 332 0
442 327 0
455 322 0
470 314 1
490 268 0
493 271 0
493 283 0
493 303 0
490 350 0
490 362 0
490 368 0
490 374 0
500 366 0
511 353 0
521 340 0
524 337 0
528 337 0
530 344 0
533 355 0
537 365 0
543 371 0
552 368 0
574 354 0
590 337 0
596 332 0
599 329 0
604 335 0
606 350 0
608 359 0
616 361 0
624 360 0
631 356 0
636 353 0
640 351 0
643 349 0
646 350 0
648 354 0
649 358 0
650 362 0
654 364 0
660 363 0
666 361 0
674 358 0
680 357 0
685 356 0
689 356 0
693 358 0
697 360 0
702 366 0
710 369 1
739 266 0
740 271 0
742 284 0
744 298 0
744 325 0
745 339 0
746 350 0
746 359 0
746 361 1
783 314 0
781 318 0
775 324 0
772 329 0
769 334 0
766 340 0
764 344 0
764 348 0
768 357 0
775 362 1
624 244 0
619 249 0
615 255 1
