augusta
309 309 0
305 308 0
301 307 0
292 309 0
282 317 0
275 327 0
270 342 0
269 352 0
270 359 0
274 362 0
279 360 0
287 353 0
295 343 0
303 333 0
306 328 0
310 324 0
312 322 0
315 321 0
318 329 0
320 341 0
324 351 0
326 355 0
330 359 0
334 356 0
339 352 0
344 344 0
349 335 0
352 330 0
354 327 0
357 336 0
360 341 0
366 344 0
373 344 0
381 339 0
389 332 0
392 330 0
396 326 0
398 326 0
401 331 0
404 337 0
406 340 1
464 312 0
459 313 0
453 315 0
447 320 0
441 328 0
438 336 0
438 340 0
441 344 0
447 340 0
454 336 0
459 332 0
463 329 0
465 327 0
471 335 0
475 356 0
478 379 0
473 401 0
467 417 0
460 429 0
447 440 0
436 443 0
431 442 0
429 441 0
447 396 0
463 365 0
472 352 0
479 342 0
485 333 0
489 328 0
492 325 0
495 328 0
496 336 0
496 345 0
498 349 0
506 351 0
514 346 0
522 338 0
529 329 0
534 325 0
537 322 0
539 325 0
540 331 0
543 339 0
548 348 0
553 353 1
628 298 0
622 302 0
612 308 0
599 318 0
592 325 0
590 330 0
591 333 0
595 336 0
601 339 0
607 342 0
612 348 0
611 351 0
604 356 0
602 357 1
664 243 0
664 248 0
662 263 0
657 290 0
653 313 0
651 333 0
650 343 0
649 350 0
649 353 0
648 355 0
646 350 0
641 338 0
639 328 0
637 324 0
638 321 0
651 319 0
669 316 0
687 313 0
700 311 1
743 313 0
735 313 0
728 315 0
720 318 0
710 325 0
702 334 0
698 342 0
696 346 0
699 351 0
705 349 0
713 343 0
721 336 0
727 327 0
729 323 0
734 320 0
736 329 0
738 337 0
745 345 1
