journey
383 312 0
386 312 0
386 325 0
388 349 0
390 374 0
392 391 0
391 409 0
389 426 0
386 445 0
383 456 0
378 463 0
373 467 0
368 470 0
350 474 0
340 471 0
338 464 0
341 453 0
352 431 0
368 410 0
389 393 0
414 375 0
436 359 0
453 346 0
461 341 0
467 339 0
464 346 0
460 359 0
459 370 0
460 376 0
464 380 0
472 378 0
480 371 0
485 363 0
486 360 0
486 355 0
482 345 0
479 338 0
477 335 0
487 339 0
501 337 0
511 334 0
515 333 0
520 332 0
525 342 0
527 352 0
529 360 0
531 367 0
537 370 0
543 369 0
550 365 0
556 358 0
560 350 0
565 344 0
567 344 0
569 355 0
572 362 0
579 370 0
585 370 0
594 370 0
604 368 0
615 368 0
622 369 0
625 372 0
628 374 0
628 363 0
629 355 0
632 345 0
635 339 0
638 337 0
641 336 0
647 335 0
651 336 0
653 336 0
656 343 0
658 348 0
661 353 0
665 357 0
669 357 0
675 356 0
681 353 0
687 351 0
691 349 0
693 350 0
698 352 0
703 356 0
712 359 0
731 360 0
748 356 0
766 347 0
784 331 0
787 324 0
787 321 0
782 318 0
774 322 0
762 332 0
756 337 0
755 349 0
759 354 0
771 355 0
788 351 0
808 338 0
817 330 0
820 326 0
824 324 0
828 328 0
830 337 0
833 342 0
841 345 0
849 345 0
856 343 0
861 341 0
865 338 0
868 335 0
870 333 0
873 331 0
879 337 0
881 340 0
882 347 0
880 385 0
875 409 0
869 419 0
855 428 0
843 428 0
831 426 0
829 417 0
837 401 0
869 366 0
882 352 0
884 350 1
401 222 0
400 227 0
397 236 1
