paying
355 300 0
355 304 0
359 320 0
362 352 0
365 379 0
365 399 0
365 408 0
364 411 0
362 406 0
356 377 0
352 338 0
355 338 0
362 324 0
374 315 0
385 313 0
393 316 0
399 323 0
399 331 0
396 338 0
392 345 0
384 347 0
382 347 1
470 318 0
464 317 0
455 316 0
450 315 0
448 315 0
443 322 0
441 329 0
443 337 0
447 341 0
452 342 0
460 337 0
467 332 0
471 328 0
475 324 0
478 324 0
480 329 0
485 335 0
490 338 0
496 339 0
505 337 0
512 333 0
516 331 0
521 329 0
523 328 0
526 326 0
531 334 0
538 336 0
548 333 0
556 327 0
563 323 0
566 321 0
568 320 0
571 319 0
574 320 0
577 329 0
580 345 0
583 368 0
582 382 0
577 393 0
567 404 0
556 411 0
549 413 0
545 412 0
543 408 0
544 402 0
557 381 0
566 368 0
571 363 0
594 339 0
604 327 0
609 324 0
611 322 0
614 331 0
617 339 0
620 344 0
627 346 0
635 344 0
646 337 0
654 330 0
658 327 0
662 327 0
664 336 0
665 340 0
667 344 0
670 346 0
672 347 0
681 344 0
696 334 0
702 331 0
707 331 0
714 334 0
716 338 0
718 340 1
782 322 0
786 322 0
780 322 0
774 324 0
766 331 0
758 338 0
755 342 0
753 347 0
761 345 0
770 337 0
781 329 0
787 325 0
791 325 0
794 327 0
796 335 0
798 347 0
800 368 0
798 390 0
792 406 0
781 420 0
769 428 0
760 429 0
754 423 0
754 412 0
761 398 0
794 367 0
824 341 0
837 330 1
629 237 0
625 244 0
623 248 1
