december
403 334 0
383 328 0
366 332 0
350 340 0
346 351 0
342 366 0
344 376 0
349 381 0
360 378 0
382 358 0
399 333 0
408 309 0
414 291 0
416 279 0
417 273 0
417 268 0
415 276 0
410 297 0
404 327 0
404 356 0
407 370 0
414 377 0
423 381 0
438 380 0
445 379 0
451 371 0
461 356 0
463 340 0
462 333 0
456 337 0
450 352 0
445 370 0
446 377 0
452 381 0
466 380 0
485 376 0
504 370 1
552 322 0
543 324 0
533 330 0
521 338 0
508 358 0
506 371 0
508 377 0
517 381 0
535 380 0
559 371 0
576 361 0
585 353 0
592 346 0
595 340 0
588 335 0
578 346 0
575 355 0
572 363 0
573 368 0
579 370 0
588 367 0
611 355 0
622 347 0
628 343 0
636 342 0
638 350 0
640 356 0
643 363 0
651 361 0
656 358 0
663 355 0
670 352 0
678 354 0
684 359 0
691 358 0
703 353 0
713 349 0
718 349 0
726 352 0
732 358 0
743 363 1
782 263 0
781 277 0
777 293 0
771 311 0
768 325 0
775 331 0
782 331 0
792 334 0
806 337 0
812 339 0
817 348 0
813 355 0
807 362 0
799 368 0
787 369 0
777 367 1
830 341 0
836 342 0
844 343 0
853 345 0
862 345 0
870 344 0
877 338 0
873 329 0
865 328 0
857 329 0
847 336 0
843 346 0
841 354 0
844 363 0
851 368 0
866 365 0
885 359 0
895 356 0
903 354 0
910 356 0
913 364 0
918 356 0
924 348 0
935 335 0
955 323 0
961 320 0
972 312 1
