deducted
465 333 0
455 333 0
446 334 0
434 338 0
422 349 0
413 364 0
408 377 0
410 386 0
414 391 0
423 391 0
448 375 0
479 339 0
492 311 0
498 286 0
501 277 0
503 272 0
504 270 0
504 274 0
500 295 0
496 328 0
495 355 0
499 372 0
506 379 0
518 382 0
538 376 0
558 360 0
564 348 0
567 338 0
568 334 0
563 329 0
556 332 0
549 340 0
542 352 0
540 365 0
542 371 0
550 375 0
563 375 0
584 373 1
643 333 0
634 334 0
625 335 0
615 337 0
605 342 0
595 352 0
588 365 0
588 371 0
591 375 0
599 373 0
620 358 0
637 336 0
646 311 0
651 286 0
652 274 0
652 270 0
652 266 0
653 276 0
649 307 0
649 332 0
650 347 0
652 358 0
657 364 0
662 364 0
669 361 0
675 354 0
679 347 0
682 341 0
683 337 0
685 335 0
685 345 0
686 354 0
693 360 0
702 361 0
713 357 0
723 349 0
732 337 0
734 333 0
737 330 0
740 338 0
745 350 0
752 357 1
801 325 0
790 328 0
782 333 0
777 340 0
772 348 0
770 356 0
774 365 0
782 368 0
798 368 0
818 367 1
837 262 0
837 265 0
837 272 0
838 283 0
837 308 0
838 330 0
837 348 0
837 356 0
837 362 0
837 365 0
833 359 0
832 355 0
832 352 0
837 352 0
846 350 0
862 347 0
879 342 0
888 338 0
893 334 0
895 328 0
893 323 0
883 327 0
871 336 0
863 346 0
861 356 0
862 361 0
871 365 1
967 332 0
957 334 0
944 335 0
930 335 0
922 337 0
914 343 0
911 349 0
909 357 0
910 364 0
916 368 0
920 371 0
927 367 0
943 342 0
955 315 0
958 295 0
960 285 0
961 279 0
961 275 0
959 288 0
955 314 0
955 338 0
956 350 0
965 357 0
984 361 0
1005 364 0
1008 365 1
