colonel
393 292 0
389 293 0
380 296 0
369 301 0
364 303 0
358 309 0
349 326 0
345 344 0
348 353 0
355 359 0
369 362 0
382 363 0
399 364 1
481 320 0
476 318 0
468 318 0
457 318 0
448 321 0
439 327 0
435 334 0
433 341 0
437 347 0
445 350 0
456 347 0
460 345 0
471 337 0
474 330 0
475 325 0
475 322 0
481 320 0
497 314 0
525 299 0
550 280 0
567 261 0
575 248 0
577 241 0
577 234 0
576 230 0
574 226 0
568 229 0
558 238 0
544 261 0
535 287 0
531 312 0
533 325 0
537 336 0
543 340 1
605 303 0
603 307 0
599 317 0
591 338 0
592 344 0
593 349 0
602 349 0
614 343 0
624 333 0
628 325 0
630 317 0
631 311 0
630 308 0
627 307 0
618 309 1
656 304 0
657 308 0
657 313 0
657 321 0
658 329 0
659 333 0
663 335 0
671 329 0
678 324 0
685 320 0
691 318 0
697 320 0
704 326 0
706 330 0
711 333 0
717 333 0
726 330 0
734 324 0
743 316 0
750 302 0
754 294 0
755 291 0
753 302 0
751 318 0
752 330 0
756 338 0
766 339 0
784 332 0
807 318 0
822 304 0
835 285 0
841 268 0
843 254 0
842 245 0
841 242 0
837 239 0
829 241 0
821 247 0
815 262 0
811 288 0
813 306 0
822 320 0
834 329 0
853 343 1
