joshua
367 302 0
369 307 0
372 336 0
373 371 0
373 388 0
371 406 0
367 420 0
358 436 0
349 447 0
342 445 0
339 435 0
340 420 0
351 400 0
369 377 0
390 356 0
409 338 0
422 326 0
428 322 0
432 321 0
435 319 0
429 331 0
427 342 0
430 355 0
438 359 0
444 356 0
448 354 0
451 347 0
452 339 0
450 331 0
447 325 0
445 322 0
445 318 0
453 319 0
463 316 0
478 312 0
484 310 1
515 300 0
512 303 0
506 305 0
503 308 0
502 320 0
506 329 0
511 336 0
517 343 0
519 347 0
521 351 0
512 356 0
505 359 0
498 360 1
559 234 0
560 238 0
560 249 0
560 280 0
561 308 0
558 328 0
558 337 0
558 340 0
558 342 0
561 340 0
566 334 0
575 327 0
579 324 0
583 323 0
586 323 0
589 332 0
591 340 0
595 346 0
601 349 0
613 347 0
626 340 0
634 332 0
640 327 0
643 323 0
645 324 0
647 329 0
649 338 0
650 343 0
653 347 0
660 346 0
663 346 0
669 343 0
675 340 0
678 338 0
681 336 0
683 338 0
688 342 0
697 345 0
708 344 0
724 342 0
730 341 1
785 313 0
774 312 0
764 312 0
756 312 0
746 319 0
737 327 0
735 333 0
736 337 0
736 339 0
757 333 0
772 325 0
776 323 0
779 321 0
781 321 0
784 327 0
785 332 0
790 338 0
802 342 0
821 348 1
372 210 0
370 213 0
366 219 1
