you
483 339 0
483 343 0
482 353 0
481 368 0
484 377 0
489 379 0
498 377 0
514 367 0
525 356 0
528 355 0
531 351 0
535 350 0
539 369 0
540 395 0
538 418 0
535 435 0
531 447 0
527 454 0
522 458 0
518 458 0
516 454 0
515 444 0
519 428 0
527 412 0
538 398 0
554 381 0
562 373 0
572 366 0
580 360 0
584 358 0
587 356 0
589 355 0
592 355 0
593 359 0
589 367 0
588 372 0
589 378 0
592 384 0
597 386 0
605 384 0
620 373 0
626 367 0
630 363 0
629 359 0
625 356 0
623 353 0
618 349 0
615 348 0
612 347 0
622 347 0
626 347 0
635 346 0
646 345 0
655 344 0
658 344 0
663 343 0
665 343 0
668 344 0
670 348 0
670 359 0
671 369 0
673 377 0
677 381 0
683 382 0
692 380 0
704 373 0
708 369 0
712 366 0
715 365 0
718 367 0
720 371 0
728 379 0
733 383 1
