between
295 252 0
297 259 0
299 279 0
301 305 0
305 328 0
306 334 0
307 340 0
317 333 0
326 327 0
338 323 0
354 325 0
362 329 0
368 336 0
370 346 0
365 360 0
356 371 0
343 377 0
330 381 0
326 380 0
325 370 0
366 320 0
377 323 0
380 325 0
391 329 0
400 333 0
408 336 0
419 337 0
430 336 0
438 332 0
442 329 0
445 323 0
434 319 0
424 319 0
418 322 0
411 329 0
406 341 0
406 356 0
411 365 0
423 370 0
445 361 0
459 354 0
473 346 1
501 250 0
498 251 0
498 257 0
498 271 0
499 297 0
499 314 0
499 331 0
498 344 0
498 352 0
497 358 0
497 361 0
494 350 0
492 342 0
492 338 0
492 334 0
498 330 0
507 327 0
514 325 0
519 325 0
522 326 0
527 336 0
529 345 0
532 352 0
541 356 0
545 355 0
547 354 0
549 350 0
553 348 0
556 348 0
560 351 0
571 357 0
579 359 0
587 359 0
592 358 0
596 353 0
599 344 0
601 335 0
602 331 0
603 327 0
603 325 1
632 337 0
635 338 0
638 338 0
644 332 0
646 327 0
646 324 0
645 321 0
644 319 0
639 315 0
636 314 0
633 324 0
633 334 0
636 346 0
642 355 0
659 357 0
686 346 0
713 322 0
720 314 0
721 310 0
713 315 0
705 324 0
701 331 0
698 339 0
698 345 0
701 349 0
707 353 0
714 355 0
723 352 0
735 345 0
744 336 0
749 333 0
753 330 0
755 329 0
757 332 0
761 340 0
763 344 0
771 348 0
779 347 0
792 342 0
805 337 0
812 336 0
815 337 0
823 346 0
844 355 0
860 359 0
876 365 1
