mcclenachan
224 321 0
224 324 0
224 336 0
225 352 0
226 362 0
226 370 0
227 375 0
227 378 0
231 367 0
234 359 0
237 353 0
241 350 0
251 348 0
255 350 0
257 354 0
259 356 0
263 362 0
267 362 0
273 359 0
282 354 0
288 349 0
292 348 0
294 347 0
297 349 0
300 358 0
304 364 1
384 325 0
375 327 0
367 329 0
359 332 0
353 337 0
345 344 0
340 353 0
338 361 0
340 369 0
348 376 0
364 380 0
379 380 0
396 379 1
470 330 0
467 330 0
462 332 0
457 333 0
453 335 0
447 340 0
443 345 0
440 353 0
440 362 0
442 368 0
448 373 0
468 366 0
495 350 0
513 331 0
524 316 0
529 302 0
533 286 0
535 276 0
535 268 0
535 264 0
533 260 0
528 268 0
520 283 0
514 300 0
512 323 0
514 339 0
520 353 0
524 360 0
530 363 0
539 363 0
548 360 0
556 357 0
559 355 0
565 350 0
565 344 0
565 341 0
565 337 0
560 344 0
561 350 0
562 358 0
564 364 0
571 366 0
580 363 0
591 355 0
599 347 0
603 344 0
606 343 0
611 346 0
613 349 0
618 354 0
625 358 0
633 357 0
645 350 0
655 345 0
660 344 0
663 343 0
667 348 0
671 354 0
678 361 1
750 348 0
746 349 0
741 348 0
734 349 0
727 352 0
720 358 0
712 366 0
706 373 0
705 377 0
704 380 0
708 382 0
712 381 0
721 376 0
724 373 0
731 367 0
735 363 0
737 361 0
740 360 0
742 359 0
745 359 0
749 364 0
748 372 0
749 381 0
752 393 0
753 397 0
760 397 1
817 343 0
813 347 0
809 355 0
804 367 0
802 379 0
802 384 0
807 384 0
819 379 0
837 363 0
854 341 0
866 319 0
872 293 0
875 272 0
876 267 0
873 282 0
865 320 0
864 339 0
867 347 0
869 351 0
879 354 0
886 353 0
893 353 0
900 356 0
903 359 0
905 362 0
908 367 0
913 371 0
921 372 1
1000 335 0
995 335 0
986 336 0
975 338 0
964 343 0
955 350 0
951 357 0
949 364 0
952 369 0
958 372 0
970 370 0
984 362 0
999 346 0
1006 338 0
1011 331 0
1014 332 0
1013 338 0
1013 345 0
1016 353 0
1019 357 0
1023 359 0
1030 357 0
1036 355 0
1043 350 0
1050 347 0
1054 348 0
1057 351 0
1060 354 0
1063 357 0
1075 359 0
1084 358 0
1093 357 0
1099 357 0
1102 357 0
1107 357 0
1112 361 0
1120 364 0
1123 365 1
