first
418 337 0
432 333 0
456 311 0
462 304 0
474 284 0
485 260 0
489 249 0
484 243 0
477 245 0
466 255 0
445 290 0
436 317 0
432 347 0
429 375 0
428 402 0
428 417 0
428 433 0
427 440 0
430 418 0
433 397 0
439 377 0
443 369 0
449 364 0
457 359 0
469 353 0
480 349 0
485 347 0
492 346 0
493 359 0
494 366 0
497 373 0
505 376 0
518 373 0
539 361 0
550 354 0
556 350 0
561 355 0
564 362 0
569 365 0
569 360 0
569 354 0
569 348 0
570 339 0
580 333 0
586 332 1
628 320 0
620 324 0
615 333 0
628 344 0
633 350 0
636 360 0
633 366 0
625 371 0
619 373 0
610 375 0
600 375 0
584 374 1
669 277 0
670 285 0
670 297 0
667 323 0
668 342 0
669 359 0
669 371 0
669 378 0
666 367 0
666 361 0
668 353 0
678 347 1
536 262 0
533 270 0
529 277 1
