tober
494 258 0
491 272 0
486 294 0
482 321 0
480 343 0
480 360 0
483 373 0
488 381 0
498 388 0
509 392 0
527 397 1
475 351 0
485 353 0
507 353 0
534 351 0
557 345 0
568 341 0
571 340 0
573 340 0
576 340 0
576 344 0
574 351 0
573 363 0
574 374 0
577 378 0
582 378 0
591 374 0
599 366 0
604 357 0
606 350 0
606 345 0
604 339 0
600 336 0
597 336 1
646 275 0
644 285 0
639 310 0
636 336 0
635 353 0
634 362 0
635 365 0
639 362 0
650 354 0
665 347 0
673 347 0
679 348 0
683 351 0
684 355 0
680 363 0
670 375 0
660 382 0
652 383 1
692 360 0
695 361 0
702 362 0
717 360 0
726 358 0
729 356 0
731 355 0
731 351 0
726 348 0
720 346 0
714 349 0
707 354 0
702 363 0
701 371 0
704 378 0
711 382 0
725 382 0
746 376 0
761 372 0
771 371 0
776 372 0
779 374 0
783 381 0
784 383 0
782 371 0
783 360 0
787 352 0
791 348 0
799 347 0
808 347 0
825 344 1
