1755
325 352 0
335 351 0
363 327 0
389 300 0
399 289 0
407 279 0
416 272 0
420 288 0
418 334 0
418 370 0
418 377 1
458 255 0
465 259 0
479 260 0
499 263 0
511 267 0
517 274 0
523 284 0
525 303 0
521 330 0
515 354 0
508 372 0
507 379 1
481 318 0
490 321 0
509 319 0
528 318 0
546 315 1
596 283 0
578 301 0
572 308 0
573 317 0
579 323 0
587 329 0
597 337 0
601 343 0
603 349 0
604 357 0
596 362 1
592 282 0
602 282 0
622 277 0
646 272 1
685 279 0
679 283 0
673 288 0
669 297 0
680 308 0
697 323 0
705 333 0
708 341 0
709 347 0
707 353 0
700 358 0
688 357 0
678 354 0
663 349 1
692 282 0
701 285 0
717 286 0
737 287 0
746 287 1
