mercer
310 323 0
310 333 0
310 346 0
310 362 0
311 371 0
312 377 0
322 372 0
335 356 0
343 349 0
350 344 0
356 343 0
362 352 0
368 362 0
380 366 0
400 352 0
419 336 0
428 329 0
435 327 0
442 340 0
446 347 0
453 353 0
462 357 0
471 358 0
483 351 0
501 337 0
508 330 0
510 324 0
501 328 0
497 340 0
496 353 0
498 363 0
506 366 0
521 363 0
545 350 0
557 341 0
564 336 0
570 343 0
571 351 0
575 336 0
577 327 0
587 318 0
593 316 1
664 305 0
654 310 0
644 316 0
635 324 0
628 334 0
627 340 0
631 348 0
635 354 0
666 354 0
700 340 0
709 333 0
714 327 0
716 319 0
711 316 0
705 318 0
698 333 0
697 341 0
701 349 0
710 353 0
727 352 0
745 348 0
752 346 0
758 347 0
765 349 0
773 355 0
776 343 0
779 330 0
784 320 0
795 317 1
