after
478 323 0
474 324 0
467 325 0
459 328 0
448 336 0
438 355 0
434 373 0
436 379 0
440 382 0
446 382 0
454 378 0
463 371 0
469 365 0
472 361 0
475 359 0
478 357 0
481 364 0
484 369 0
490 372 0
504 369 0
525 354 0
545 332 0
558 310 0
563 291 0
561 275 0
560 271 0
560 266 0
557 265 0
555 269 0
552 281 0
547 314 0
543 345 0
540 369 0
538 385 0
537 395 0
536 402 0
536 406 0
536 409 0
536 412 0
532 407 0
530 405 0
532 395 0
533 390 0
534 387 0
543 380 0
554 370 0
570 352 0
583 332 0
586 323 0
588 312 0
589 298 0
590 292 0
591 288 0
592 285 0
595 286 0
597 292 0
598 308 0
598 339 0
596 358 0
596 366 0
596 371 0
596 373 0
595 367 0
595 364 0
597 361 0
603 359 0
612 356 0
624 351 0
632 346 0
636 342 0
638 337 0
640 334 0
638 329 0
633 338 0
633 351 0
634 362 0
638 368 0
643 372 0
650 374 0
656 374 0
662 374 0
667 374 0
670 375 0
674 376 0
678 368 0
680 348 0
681 339 0
682 336 0
687 334 1
