november
278 298 0
278 305 0
278 315 0
280 340 0
285 356 0
298 347 0
316 327 0
324 320 0
333 315 0
339 325 0
344 333 0
350 339 1
381 303 0
379 313 0
379 322 0
382 331 0
389 335 0
402 329 0
411 323 0
415 317 0
415 308 0
411 299 0
406 295 0
396 300 1
442 295 0
444 302 0
445 309 0
446 316 0
447 323 0
449 329 0
457 323 0
470 306 0
476 299 1
493 317 0
506 318 0
514 312 0
520 305 0
522 298 0
521 293 0
512 288 0
505 292 0
496 299 0
493 308 0
493 319 0
498 329 0
507 334 0
531 326 0
550 316 0
558 310 0
565 311 0
566 317 0
566 324 0
567 330 0
573 336 0
581 327 0
586 322 0
594 317 0
599 317 0
604 326 0
610 326 0
619 322 0
627 320 0
633 320 0
644 328 0
650 333 1
674 238 0
675 247 0
673 260 0
672 278 0
671 290 0
672 299 0
674 307 0
683 303 0
693 301 0
702 302 0
708 305 0
715 314 0
715 320 0
711 330 0
704 338 0
699 341 0
690 338 0
681 333 0
676 330 1
747 315 0
756 316 0
761 309 0
758 301 0
755 294 0
747 290 0
739 298 0
737 307 0
739 319 0
743 326 0
751 329 0
762 328 0
775 324 0
786 320 0
794 318 0
799 321 0
801 328 0
806 313 0
812 295 0
817 290 0
823 287 0
832 287 1
