raise
452 319 0
453 330 0
454 350 0
454 361 0
454 366 0
455 350 0
456 342 0
459 334 0
467 329 0
477 326 0
501 323 0
512 322 0
526 320 1
578 313 0
573 316 0
554 318 0
542 319 0
536 321 0
530 324 0
522 332 0
520 341 0
520 353 0
524 360 0
532 363 0
537 363 0
542 361 0
553 356 0
559 351 0
565 344 0
569 338 0
572 346 0
574 354 0
581 364 0
588 367 0
599 364 0
615 355 0
623 346 0
628 337 0
630 330 0
632 322 0
633 328 0
633 334 0
636 341 0
645 345 0
655 343 1
710 308 0
702 314 0
711 323 0
719 330 0
727 337 0
727 345 0
719 351 0
701 359 0
691 360 0
672 361 1
758 327 0
764 327 0
771 323 0
779 315 0
774 310 0
767 310 0
762 316 0
756 328 0
755 339 0
759 347 0
776 353 0
805 352 0
829 352 1
658 234 0
651 243 1
