wrote
375 316 0
376 319 0
377 328 0
377 342 0
379 358 0
381 367 0
384 371 0
389 372 0
392 371 0
396 368 0
403 360 0
407 356 0
411 352 0
415 351 0
417 354 0
420 359 0
426 368 0
433 373 0
442 375 0
453 371 0
460 366 0
464 362 0
466 358 0
467 354 0
467 349 0
467 345 0
467 341 0
467 338 0
470 336 0
483 335 0
506 331 0
514 331 0
519 335 0
522 342 0
525 350 0
527 357 0
528 363 0
527 366 0
529 359 0
529 348 0
530 338 0
532 332 0
534 328 0
537 327 0
544 328 0
553 329 0
560 332 0
567 334 0
573 335 0
576 336 0
578 337 0
579 341 0
577 351 0
581 361 0
587 365 0
596 363 0
605 359 0
613 350 0
615 342 0
615 335 0
611 329 0
603 324 0
594 322 0
588 322 0
584 328 1
648 250 0
649 253 0
651 257 0
652 266 0
653 283 0
652 313 0
649 338 0
648 352 0
646 361 0
646 365 0
645 367 0
639 355 0
637 345 0
636 339 0
637 335 0
641 334 0
654 335 0
665 337 0
675 338 0
680 338 0
686 337 0
694 332 0
699 326 0
701 322 0
701 319 0
695 317 0
690 321 0
682 332 0
679 344 0
681 356 0
689 362 0
704 368 0
720 373 1
