been
418 252 0
420 256 0
422 269 0
426 300 0
429 338 0
431 360 0
432 368 0
434 371 0
440 359 0
447 348 0
454 343 0
465 340 0
475 339 0
482 342 0
485 348 0
485 356 0
479 370 0
468 382 0
458 387 0
447 389 0
438 387 0
435 387 1
493 357 0
502 358 0
512 358 0
523 355 0
532 352 0
535 348 0
535 345 0
534 341 0
533 338 0
525 332 0
518 332 0
511 342 0
510 357 0
513 370 0
518 376 0
531 378 0
562 375 0
587 364 0
605 355 0
611 351 0
617 345 0
620 333 0
617 329 0
615 326 0
600 333 0
584 344 0
580 352 0
577 361 0
579 368 0
584 374 0
593 378 0
621 366 0
640 352 0
652 340 0
660 334 0
662 333 0
665 334 0
665 339 0
668 349 0
669 360 0
670 365 0
672 369 0
679 366 0
686 363 0
690 362 0
695 362 0
704 364 0
711 370 0
720 376 0
729 380 1
