the
473 260 0
474 266 0
475 273 0
474 286 0
471 306 0
466 337 0
463 362 0
462 378 0
466 389 0
477 399 0
484 403 0
490 403 0
506 405 0
513 407 1
455 350 0
462 352 0
479 343 0
498 332 0
514 321 1
537 275 0
540 281 0
541 291 0
541 311 0
542 350 0
541 381 0
541 389 0
542 393 0
544 397 0
551 391 0
559 383 0
565 377 0
569 373 0
573 371 0
576 374 0
580 381 0
587 388 0
601 391 0
631 387 0
657 374 0
672 361 0
679 353 0
681 346 0
681 343 0
678 338 0
668 338 0
658 345 0
645 362 0
639 389 0
645 399 0
665 400 0
703 394 0
726 391 0
730 390 1
