captain
389 300 0
381 298 0
371 299 0
360 302 0
349 307 0
342 315 0
336 326 0
334 341 0
334 353 0
337 363 0
344 366 0
355 366 0
377 366 1
453 323 0
444 322 0
425 322 0
408 326 0
401 330 0
398 336 0
399 342 0
405 348 0
414 350 0
433 343 0
445 335 0
452 329 0
460 339 1
518 333 0
522 344 0
523 362 0
521 384 0
517 406 0
515 413 0
508 389 0
503 344 0
504 321 0
512 310 0
518 307 0
526 307 0
536 307 0
545 311 0
552 317 0
554 323 0
553 332 0
551 340 0
548 347 1
592 236 0
592 251 0
593 275 0
593 302 0
592 326 0
592 341 0
592 349 0
591 357 0
587 349 0
585 340 0
584 333 0
585 323 0
590 320 0
600 315 0
613 309 0
628 301 1
687 301 0
677 303 0
666 307 0
656 310 0
647 321 0
644 328 0
644 335 0
653 339 0
661 336 0
668 330 0
674 325 0
682 318 0
688 328 0
697 334 0
706 335 0
714 333 0
724 326 0
731 321 0
737 315 0
745 324 0
754 328 0
765 325 0
775 320 0
783 317 0
790 317 0
800 326 0
808 327 0
818 326 0
830 326 0
841 329 0
849 333 0
858 339 1
724 223 0
719 229 1
