you
455 337 0
456 340 0
460 356 0
461 361 0
467 367 0
481 366 0
494 361 0
500 357 0
505 353 0
507 352 0
512 350 0
514 361 0
517 383 0
519 411 0
524 434 0
520 445 0
516 452 0
510 457 0
500 459 0
491 456 0
488 448 0
491 434 0
504 411 0
522 392 0
542 374 0
557 361 0
566 355 0
570 352 0
573 352 0
571 359 0
569 366 0
571 373 0
575 377 0
585 379 0
597 375 0
607 368 0
610 362 0
611 357 0
608 352 0
603 348 0
596 346 0
590 345 0
586 343 0
580 342 0
587 344 0
598 343 0
624 335 0
635 333 0
639 333 0
646 338 0
648 342 0
648 348 0
649 358 0
651 368 0
653 374 0
658 376 0
666 373 0
674 367 0
683 362 0
687 356 0
690 353 0
695 350 0
697 354 0
701 360 0
709 366 0
715 368 1
