hereby
323 241 0
323 250 0
323 261 0
320 287 0
317 305 0
315 315 0
313 327 0
311 340 0
323 341 0
344 331 0
361 324 0
370 322 0
378 324 0
384 328 0
390 335 0
399 347 0
405 356 0
409 361 0
415 361 0
424 356 0
436 345 0
443 331 0
447 321 0
449 313 0
443 312 0
441 321 0
441 330 0
442 336 0
459 338 0
476 332 0
485 330 0
492 329 0
497 330 0
503 335 0
505 328 0
507 323 0
512 314 0
523 312 0
528 312 0
535 311 0
541 308 0
549 306 0
558 299 0
551 310 0
551 323 0
553 332 0
564 335 1
611 240 0
610 265 0
610 281 0
610 293 0
610 301 0
618 305 0
625 305 0
635 306 0
643 307 0
651 308 0
659 313 0
658 319 0
648 330 0
634 336 0
621 337 1
685 298 0
687 306 0
687 315 0
690 320 0
697 322 0
713 318 0
726 311 0
733 308 0
739 304 0
746 301 0
750 316 0
752 340 0
754 359 0
753 371 0
751 380 0
744 385 0
734 387 0
725 386 0
722 376 0
742 350 0
758 330 0
765 320 1
