will
413 308 0
413 318 0
413 338 0
414 358 0
416 366 0
420 370 0
427 370 0
435 365 0
444 358 0
451 355 0
454 354 0
463 356 0
468 359 0
474 362 0
478 363 0
481 362 0
484 359 0
488 353 0
489 344 0
490 337 0
491 332 0
493 328 0
496 327 0
510 325 0
521 320 0
527 318 0
531 318 0
534 319 0
537 326 0
539 334 0
543 343 0
551 351 0
556 353 0
565 351 0
584 342 0
605 326 0
624 307 0
633 289 0
638 274 0
639 264 0
639 261 0
634 261 0
627 267 0
619 278 0
612 300 0
612 319 0
620 333 0
636 347 0
663 337 0
705 308 0
711 287 0
712 280 0
712 275 0
711 272 0
707 274 0
699 283 0
693 298 0
689 317 0
693 331 0
702 340 0
716 345 0
736 351 1
563 264 0
556 272 0
544 286 0
531 298 0
528 301 1
