complete
440 330 0
436 331 0
431 333 0
427 337 0
420 346 0
414 359 0
413 371 0
416 379 0
424 385 0
435 389 0
460 398 1
484 366 0
482 370 0
479 374 0
478 379 0
482 384 0
490 385 0
501 381 0
518 368 0
525 359 0
528 353 0
526 348 0
522 344 0
515 341 0
511 341 0
505 344 0
504 351 1
561 338 0
562 342 0
563 347 0
564 355 0
563 363 0
563 370 0
563 374 0
563 376 0
567 371 0
571 364 0
576 358 0
580 354 0
582 351 0
585 353 0
590 362 0
594 367 0
599 368 0
608 365 0
617 361 0
622 361 0
626 360 0
630 362 0
633 365 1
669 372 0
670 377 0
672 396 0
673 413 0
673 427 0
673 435 0
674 427 0
675 393 0
681 358 0
687 346 0
694 337 0
699 333 0
704 333 0
706 334 0
707 340 0
708 344 0
707 349 0
699 364 0
690 373 0
684 374 0
681 373 0
681 369 0
686 365 0
692 361 0
697 358 0
700 356 0
705 355 0
712 354 0
721 351 0
733 346 0
743 339 0
750 332 0
754 325 0
756 317 0
755 307 0
752 296 0
750 290 0
744 288 0
739 299 0
738 303 0
732 326 0
731 368 0
734 379 0
741 381 0
751 380 0
770 369 0
779 360 0
783 353 0
785 347 0
784 342 0
780 341 0
777 345 0
773 351 0
771 360 0
772 369 0
777 375 0
780 377 1
816 276 0
816 282 0
816 290 0
816 304 0
813 330 0
813 355 0
813 371 0
813 377 0
814 380 0
813 370 0
813 365 0
814 362 0
818 361 0
824 360 0
834 357 0
845 353 0
851 350 0
857 346 0
859 341 0
859 336 0
857 333 0
854 337 0
849 346 0
844 362 0
844 373 0
846 377 0
856 381 0
867 383 0
884 386 1
