regularly
280 284 0
280 290 0
281 296 0
283 311 0
284 329 0
285 340 0
286 346 0
287 350 0
289 340 0
290 332 0
294 324 0
298 317 0
302 315 0
313 316 0
320 317 0
329 317 0
337 316 0
346 313 0
352 309 0
357 307 0
358 298 0
354 297 0
351 297 0
345 299 0
340 304 0
338 309 0
338 318 0
340 328 0
343 337 0
347 342 0
352 343 0
355 343 1
420 307 0
415 306 0
409 304 0
404 305 0
398 311 0
391 324 0
391 332 0
396 334 0
402 330 0
406 326 0
410 322 0
413 320 0
419 331 0
423 349 0
423 374 0
420 393 0
415 407 0
409 414 0
405 416 0
398 418 0
395 413 0
396 404 0
401 379 0
411 355 0
420 339 0
428 329 0
430 326 0
433 323 0
436 319 0
440 314 0
443 318 0
445 325 0
447 328 0
450 330 0
458 326 0
468 320 0
474 317 0
479 316 0
482 318 0
488 326 0
496 331 0
507 327 0
531 312 0
551 289 0
562 261 0
566 233 0
567 216 0
566 212 0
559 222 0
556 228 0
544 265 0
533 304 0
532 316 0
532 324 0
533 327 0
539 331 1
610 300 0
606 301 0
602 302 0
597 303 0
593 305 0
586 312 0
583 318 0
583 324 0
584 327 0
587 326 0
595 319 0
596 317 0
602 312 0
604 311 0
608 312 0
615 322 0
622 325 0
630 325 0
639 323 0
649 320 0
655 319 0
658 318 0
662 318 0
664 319 0
667 319 0
667 312 0
667 304 0
668 298 0
672 295 0
676 295 0
682 293 0
699 286 0
721 267 0
732 252 0
735 246 0
734 240 0
730 233 0
727 231 0
721 232 0
714 240 0
701 266 0
695 289 0
693 302 0
699 313 0
706 316 0
715 315 0
725 312 0
734 307 0
741 303 0
746 302 0
749 302 0
750 305 0
752 309 0
759 313 0
761 313 0
766 311 0
775 306 0
783 302 0
786 301 0
789 302 0
791 306 0
796 316 0
802 337 0
804 359 0
801 379 0
796 389 0
787 394 0
775 392 0
770 385 0
772 374 0
788 349 0
806 326 0
814 314 1
