must
382 325 0
382 329 0
383 333 0
384 345 0
386 363 0
388 374 0
388 378 0
391 383 0
394 380 0
397 372 0
401 364 0
405 357 0
409 353 0
412 351 0
414 351 0
417 356 0
419 362 0
421 365 0
426 363 0
432 360 0
440 355 0
446 351 0
450 350 0
452 350 0
457 352 0
463 361 0
470 365 0
474 367 0
487 362 0
498 351 0
505 341 0
509 337 0
511 334 0
513 338 0
514 340 0
517 351 0
522 360 0
530 363 0
541 362 0
553 354 0
559 347 0
563 341 0
565 337 0
568 333 0
571 336 0
574 339 0
576 342 0
582 349 0
589 355 1
650 310 0
645 311 0
641 313 0
637 318 0
634 325 0
633 331 0
638 337 0
643 343 0
650 352 0
650 357 0
646 363 0
633 371 0
621 374 0
596 378 1
688 247 0
691 253 0
692 264 0
693 295 0
693 324 0
691 349 0
690 361 0
690 367 0
690 370 0
689 363 0
688 339 0
689 330 0
689 324 0
697 321 0
701 320 1
