times
460 250 0
462 254 0
463 262 0
463 281 0
463 312 0
467 353 0
471 367 0
477 371 0
486 372 1
462 318 0
463 322 0
466 323 0
474 325 0
488 324 0
502 322 0
513 320 0
520 319 0
523 319 0
526 321 0
529 332 0
530 345 0
537 353 0
545 355 0
554 351 0
570 340 0
583 330 0
586 327 0
590 325 0
592 327 0
592 334 0
592 341 0
592 350 0
592 358 0
592 361 0
595 362 0
600 360 0
609 352 0
621 343 0
629 339 0
632 339 0
634 340 0
638 345 0
640 350 0
648 351 0
655 347 0
662 344 0
667 342 0
671 343 0
674 347 0
677 350 0
684 355 0
696 358 0
711 356 0
732 346 0
743 337 0
749 332 0
751 326 0
751 321 0
750 316 0
742 319 0
740 320 0
734 331 0
732 342 0
734 351 0
739 358 0
748 360 0
753 360 0
761 359 0
780 357 1
842 302 0
833 304 0
827 306 0
820 309 0
817 315 0
818 322 0
820 326 0
823 331 0
826 337 0
828 343 0
827 351 0
821 361 0
814 365 1
550 234 0
549 239 0
548 248 1
