mutiny
355 335 0
357 343 0
359 357 0
363 378 0
364 384 0
367 385 0
370 390 0
373 388 0
379 376 0
385 367 0
392 360 0
396 359 0
399 361 0
403 366 0
408 374 0
410 379 0
415 383 0
419 382 0
427 374 0
442 357 0
446 352 0
450 351 0
453 359 0
455 369 0
457 376 0
460 380 0
464 381 0
471 379 0
475 375 0
491 360 0
501 348 0
505 345 0
507 344 0
509 356 0
511 367 0
513 373 0
519 377 0
523 378 0
531 374 0
539 365 0
547 356 0
552 351 0
556 346 0
559 355 0
563 362 0
568 369 0
574 372 0
579 372 1
620 262 0
621 265 0
623 270 0
628 299 0
631 332 0
632 361 0
632 376 0
632 381 0
632 383 0
628 381 0
620 372 0
616 364 0
614 360 0
614 355 0
621 352 0
629 347 0
639 344 0
650 343 0
655 343 0
658 344 0
664 348 0
665 353 0
669 361 0
674 367 0
682 368 0
692 363 0
701 355 0
708 347 0
712 343 0
716 341 0
719 344 0
722 349 0
727 355 0
731 362 0
734 366 0
739 369 0
744 363 0
751 356 0
756 352 0
760 352 0
763 353 0
771 363 0
775 370 0
780 373 0
787 373 0
797 366 0
807 358 0
811 353 0
815 349 0
818 351 0
823 358 0
826 363 0
831 367 0
838 368 0
848 364 0
855 357 0
862 349 0
866 345 0
868 343 0
874 345 0
877 350 0
881 367 0
883 397 0
878 426 0
868 447 0
860 454 0
853 459 0
845 456 0
860 412 0
882 377 0
889 365 1
682 261 0
680 270 0
677 283 0
672 301 0
669 311 1
