for
530 338 0
534 340 0
542 338 0
559 329 0
585 301 0
594 276 0
596 264 0
596 260 0
593 255 0
588 254 0
581 257 0
570 269 0
559 293 0
555 326 0
554 374 0
557 393 0
558 404 0
559 416 0
559 422 0
556 403 0
553 378 0
554 364 0
556 356 0
561 352 0
572 348 0
588 343 0
603 339 0
614 337 0
618 337 0
621 337 0
617 341 0
610 348 0
606 357 0
607 367 0
613 375 0
623 377 0
634 374 0
644 365 0
649 358 0
649 351 0
648 345 0
646 341 0
643 341 0
649 343 0
664 340 0
680 338 0
692 336 0
700 340 0
706 348 0
712 359 0
716 368 0
718 373 0
720 376 0
715 354 0
712 339 0
712 331 0
716 327 0
726 323 0
745 322 0
756 322 0
771 320 1
