was
452 333 0
453 342 0
452 358 0
452 374 0
453 382 0
456 384 0
464 383 0
475 379 0
487 376 0
495 379 0
502 386 0
510 394 0
517 400 0
525 402 0
537 397 0
549 388 0
555 380 0
559 374 0
560 372 0
562 360 0
567 343 0
571 332 0
576 316 1
655 341 0
649 340 0
640 339 0
629 339 0
618 344 0
606 357 0
599 371 0
598 379 0
602 383 0
610 383 0
630 372 0
649 360 0
656 352 0
660 351 0
663 354 0
665 362 0
668 369 0
674 374 0
681 376 0
683 376 1
773 314 0
766 319 0
755 325 0
743 335 0
737 343 0
735 350 0
736 354 0
738 359 0
741 365 0
741 369 0
738 375 0
734 381 0
730 384 1
