none
435 312 0
437 320 0
438 345 0
438 371 0
439 383 0
440 387 0
441 389 0
454 375 0
474 351 0
483 345 0
489 343 0
494 344 0
499 349 0
502 358 0
506 367 0
510 375 0
515 381 0
521 384 0
524 383 1
587 333 0
582 336 0
575 342 0
569 350 0
563 362 0
561 368 0
565 371 0
574 371 0
588 365 0
599 354 0
604 346 0
605 339 0
604 333 0
601 328 0
599 324 0
596 323 0
598 328 0
605 330 0
621 330 0
631 331 0
638 333 0
644 337 0
648 344 0
652 358 0
655 367 0
657 371 0
659 374 0
667 370 0
676 363 0
686 357 0
693 353 0
697 352 0
701 353 0
706 357 0
710 362 0
715 368 0
722 373 0
732 373 0
743 367 0
755 359 0
763 346 0
767 335 0
767 331 0
760 331 0
755 340 0
750 353 0
750 363 0
755 369 0
772 370 0
789 370 0
806 370 1
