printed
470 352 0
472 357 0
475 380 0
478 426 0
480 445 0
481 456 0
482 462 0
481 465 0
479 445 0
480 386 0
489 346 0
497 341 0
507 337 0
517 340 0
522 349 0
525 365 0
523 379 0
521 386 0
512 392 0
502 393 0
492 386 0
486 381 1
544 360 0
548 363 0
550 366 0
552 371 0
552 379 0
552 382 0
552 386 0
552 367 0
553 355 0
556 347 0
559 343 0
567 342 0
571 342 0
574 343 0
577 344 0
580 345 0
582 347 0
584 351 0
585 359 0
586 367 0
590 375 0
596 380 0
602 379 0
615 370 0
630 355 0
632 351 0
637 346 0
640 345 0
643 348 0
644 352 0
647 360 0
650 365 0
657 367 0
665 365 0
674 360 0
681 354 0
687 351 0
691 351 0
696 352 0
699 357 0
702 362 0
707 366 0
713 367 1
727 258 0
729 262 0
734 294 0
736 324 0
737 353 0
737 369 0
738 376 0
738 382 0
735 375 0
735 366 0
737 359 0
743 355 0
750 355 0
759 354 0
770 351 0
781 346 0
787 342 0
791 339 0
792 334 0
791 330 0
787 328 0
780 342 0
779 360 0
783 366 0
790 370 1
886 333 0
877 335 0
863 338 0
852 345 0
841 356 0
835 366 0
833 374 0
834 377 0
840 378 0
852 372 0
868 354 0
878 330 0
881 322 0
885 302 0
888 284 0
890 277 0
890 285 0
887 314 0
886 343 0
889 364 0
896 375 0
908 377 0
915 377 0
930 376 1
586 255 0
586 261 0
586 264 1
