commissaries
204 293 0
203 297 0
197 307 0
189 317 0
183 329 0
181 346 0
182 352 0
188 360 0
212 368 0
230 372 0
233 373 1
261 327 0
259 332 0
258 341 0
260 349 0
264 355 0
273 357 0
284 352 0
296 343 0
302 334 0
304 329 0
304 324 0
296 320 0
286 320 0
278 321 0
270 324 1
330 314 0
332 319 0
333 325 0
334 333 0
335 341 0
336 347 0
337 350 0
337 353 0
342 340 0
348 327 0
352 320 0
356 318 0
359 320 0
361 323 0
363 330 0
363 335 0
364 337 0
372 334 0
387 317 0
398 311 0
404 308 0
408 309 0
411 312 0
413 319 0
416 328 0
418 337 1
441 297 0
445 301 0
448 312 0
452 324 0
453 328 0
455 334 0
457 337 0
458 339 0
462 332 0
465 325 0
469 319 0
473 314 0
476 311 0
479 319 0
480 325 0
482 328 0
485 329 0
498 318 0
511 309 0
517 305 0
522 306 0
525 308 0
527 315 0
530 324 0
532 331 0
536 337 0
539 337 0
550 322 0
559 310 0
561 307 0
565 308 0
566 312 0
568 320 0
572 329 0
578 334 0
591 333 0
606 329 0
627 323 1
645 283 0
645 286 0
643 289 0
640 293 0
639 298 0
641 302 0
646 306 0
653 313 0
658 320 0
660 326 0
658 332 0
654 340 0
645 346 0
640 347 1
706 288 0
704 293 0
697 301 0
695 305 0
694 308 0
695 311 0
697 314 0
698 318 0
701 328 0
697 350 0
694 359 0
688 364 1
782 327 0
779 323 0
773 320 0
766 318 0
758 318 0
750 322 0
743 328 0
740 335 0
739 344 0
740 350 0
745 352 0
757 343 0
768 329 0
774 323 0
778 319 0
780 318 0
783 327 0
786 335 0
790 340 0
796 341 0
803 340 0
811 337 0
814 336 0
819 336 0
823 337 0
826 338 0
828 340 0
826 332 0
825 327 0
826 324 0
829 316 0
834 311 0
839 309 0
845 308 0
850 307 0
854 307 0
858 307 0
862 307 0
866 307 0
869 308 0
869 311 0
870 320 0
872 327 0
876 333 0
884 337 0
895 336 0
910 329 0
925 319 0
930 312 0
933 304 0
933 297 0
928 295 0
922 299 0
916 311 0
912 325 0
914 335 0
920 339 0
923 341 1
998 297 0
991 299 0
980 302 0
972 305 0
968 307 0
965 311 0
968 315 0
975 320 0
980 326 0
983 331 0
983 337 0
979 343 0
967 348 0
954 353 0
938 358 1
878 237 0
878 241 1
576 228 0
576 232 1
