until
419 315 0
419 320 0
419 325 0
418 332 0
417 365 0
419 380 0
423 383 0
434 378 0
455 359 0
469 342 0
476 333 0
480 330 0
481 346 0
480 366 0
482 376 0
486 379 0
494 378 0
512 367 0
523 354 0
528 349 0
531 346 0
536 345 0
539 354 0
542 362 0
546 367 0
553 366 0
567 360 0
575 357 0
580 356 0
584 357 0
587 359 0
592 361 0
596 363 1
643 253 0
644 261 0
642 274 0
641 302 0
641 330 0
643 349 0
643 358 0
643 362 0
643 366 0
643 368 0
638 364 0
634 360 0
630 356 0
628 351 0
628 347 0
632 343 0
639 340 0
656 334 0
667 331 0
671 330 0
675 328 0
677 328 0
680 336 0
682 342 0
688 349 0
697 355 0
708 355 0
728 349 0
737 345 0
749 332 0
762 308 0
769 288 0
769 282 0
767 274 0
765 268 0
760 266 0
757 269 0
751 282 0
745 312 0
746 341 0
751 352 0
759 361 0
771 362 0
786 362 0
803 360 1
684 245 0
686 250 1
