chief
468 352 0
464 355 0
455 364 0
450 376 0
448 391 0
451 403 0
457 411 0
465 413 0
483 405 0
508 386 0
525 362 0
540 335 0
548 311 0
551 294 0
551 288 0
550 284 0
546 283 0
542 292 0
534 313 0
530 340 0
526 366 0
526 391 0
529 404 0
530 407 0
538 401 0
556 385 0
570 374 0
578 372 0
582 374 0
586 379 0
592 388 0
598 397 0
600 401 0
605 405 0
612 401 0
619 394 0
627 386 0
632 382 0
634 380 0
638 385 0
642 391 0
652 395 0
663 395 0
672 391 0
684 373 0
688 358 0
687 353 0
686 349 0
683 353 0
679 361 0
677 374 0
678 388 0
681 397 0
688 402 0
699 399 0
724 379 0
755 336 0
763 319 0
768 300 0
770 288 0
771 282 0
768 285 0
761 302 0
754 332 0
752 364 0
752 398 0
750 443 0
750 448 0
750 431 0
748 413 0
748 409 0
750 405 0
755 403 0
766 399 0
781 391 0
798 382 1
652 273 0
652 283 1
