colonel
434 343 0
424 345 0
417 348 0
405 361 0
398 377 0
401 388 0
407 398 0
421 402 0
438 399 0
454 393 0
461 388 0
466 384 0
473 375 0
475 372 0
477 369 0
479 367 0
482 366 0
485 364 0
488 364 0
483 365 0
477 370 0
474 377 0
474 383 0
476 387 0
483 391 0
493 390 0
505 384 0
514 376 0
516 373 0
514 367 0
508 363 0
502 361 0
499 359 0
503 359 0
514 358 0
528 356 0
539 354 0
548 351 0
555 348 0
557 347 0
567 337 0
578 323 0
585 293 0
585 276 0
584 271 0
581 268 0
571 283 0
554 316 0
544 353 0
545 369 0
551 380 0
560 386 0
572 386 0
586 385 0
594 383 1
624 350 0
622 354 0
618 357 0
612 364 0
609 373 0
609 382 0
614 386 0
630 380 0
644 369 0
648 362 0
647 355 0
642 350 0
635 349 0
626 351 0
620 356 0
618 360 1
679 343 0
681 347 0
682 353 0
683 361 0
684 370 0
685 378 0
686 380 0
692 378 0
696 373 0
713 358 0
721 354 0
724 356 0
728 363 0
732 371 0
737 379 0
744 383 0
751 383 0
767 374 0
782 361 0
787 353 0
791 347 0
791 343 0
784 343 0
778 348 0
772 359 0
770 368 0
772 374 0
777 379 0
788 379 0
811 370 0
829 356 0
843 335 0
855 309 0
859 275 0
858 258 0
856 254 0
852 256 0
840 274 0
822 315 0
815 350 0
820 366 0
834 379 0
872 380 0
891 379 0
903 377 1
