fifty
431 375 0
436 375 0
443 371 0
468 341 0
493 296 0
495 286 0
494 278 0
491 273 0
488 272 0
483 275 0
475 287 0
466 315 0
459 363 0
455 391 0
455 404 0
454 422 0
453 434 0
453 438 0
453 441 0
452 434 0
448 422 0
447 413 0
449 405 0
453 399 0
462 391 0
476 380 0
481 377 0
485 374 0
490 372 0
492 374 0
493 378 0
494 385 0
495 391 0
500 396 0
509 395 0
532 383 0
557 360 0
567 346 0
581 321 0
588 299 0
589 291 0
590 285 0
588 294 0
583 320 0
577 363 0
572 391 0
570 413 0
567 428 0
566 431 0
563 424 0
562 418 0
561 411 0
563 404 0
567 398 0
573 393 0
584 384 0
602 369 0
621 348 0
634 327 0
640 310 0
643 299 0
644 292 0
646 289 0
647 297 0
648 316 0
647 349 0
641 375 0
639 389 0
638 394 0
634 377 0
633 371 0
633 369 0
641 367 0
649 366 0
657 365 0
664 365 0
667 365 0
670 365 0
673 371 0
675 378 0
680 383 0
688 383 0
698 381 0
708 374 0
714 369 0
720 365 0
725 371 0
729 381 0
731 402 0
728 421 0
719 443 0
708 454 0
698 460 0
692 461 0
691 452 0
701 424 0
736 381 0
738 377 0
746 367 1
544 282 0
544 287 0
542 295 1
