that
507 260 0
507 265 0
506 276 0
504 294 0
502 322 0
501 354 0
508 381 0
515 393 0
526 398 0
548 399 0
569 400 0
573 400 1
491 362 0
495 363 0
511 363 0
526 363 0
543 362 1
584 290 0
583 296 0
582 316 0
580 346 0
578 377 0
577 384 0
577 389 0
592 381 0
615 365 0
630 360 0
634 359 0
638 362 0
642 370 0
644 378 0
647 385 0
651 388 0
656 388 0
663 384 1
727 356 0
721 356 0
705 356 0
693 357 0
687 359 0
680 366 0
677 375 0
677 384 0
679 391 0
687 392 0
701 387 0
713 377 0
722 369 0
726 365 0
729 362 0
731 366 0
733 372 0
737 379 0
744 385 0
751 389 0
754 391 1
800 258 0
801 262 0
801 270 0
801 294 0
801 324 0
802 354 0
801 374 0
800 386 0
800 394 0
800 397 0
798 393 0
795 386 0
792 378 0
792 374 0
793 371 0
799 368 0
814 364 0
838 360 0
857 355 1
