act
542 355 0
541 350 0
537 344 0
530 340 0
523 336 0
514 335 0
506 338 0
498 349 0
494 366 0
495 377 0
497 383 0
506 384 0
517 378 0
529 367 0
537 357 0
540 353 0
543 350 0
544 357 0
545 366 0
548 375 0
554 381 0
563 382 1
620 334 0
615 335 0
609 337 0
602 340 0
595 345 0
590 354 0
586 365 0
584 375 0
588 382 0
595 386 0
613 384 0
633 382 1
663 255 0
663 258 0
663 267 0
664 286 0
664 316 0
665 348 0
666 369 0
667 377 0
668 382 0
670 385 0
661 370 0
657 359 0
656 352 0
661 345 0
667 343 0
670 343 0
674 342 1
