want
403 332 0
404 337 0
406 355 0
409 377 0
412 387 0
413 392 0
419 394 0
426 390 0
435 385 0
442 382 0
448 382 0
454 385 0
461 387 0
470 389 0
481 388 0
497 377 0
508 366 0
509 362 0
511 357 0
509 346 0
509 343 1
603 335 0
589 333 0
580 334 0
569 337 0
559 344 0
553 355 0
552 366 0
555 370 0
560 370 0
571 365 0
587 349 0
595 337 0
601 331 0
603 336 0
604 343 0
605 352 0
607 356 0
608 359 0
617 362 0
624 361 0
630 360 0
639 349 0
643 345 0
648 344 0
652 345 0
655 348 0
660 356 0
663 363 0
667 366 0
669 368 0
683 361 0
698 352 0
711 352 0
717 354 0
723 361 0
731 368 0
738 371 0
746 371 0
753 369 1
797 235 0
798 243 0
798 269 0
794 302 0
790 333 0
787 357 0
785 368 0
786 371 0
773 352 0
768 340 0
767 336 0
766 333 0
772 332 0
781 332 0
796 330 0
821 327 1
