ominous
349 320 0
344 321 0
339 324 0
332 333 0
329 344 0
329 357 0
332 365 0
337 369 0
344 370 0
353 366 0
361 356 0
367 347 0
368 339 0
366 332 0
363 325 0
361 322 0
360 319 0
363 316 0
373 315 0
380 314 0
387 314 0
392 315 0
397 317 0
401 322 0
403 329 0
406 342 0
408 352 0
408 360 0
409 364 0
417 353 0
426 340 0
432 333 0
436 331 0
439 332 0
442 342 0
444 348 0
446 352 0
447 354 0
450 353 0
461 342 0
474 333 0
481 332 0
482 335 0
484 340 0
486 346 0
486 351 0
489 355 0
493 354 0
506 345 0
518 334 0
524 329 0
527 326 0
529 324 0
531 325 0
533 330 0
533 339 0
533 346 0
534 351 0
539 355 0
543 356 0
550 355 0
571 345 0
591 332 0
593 330 0
598 328 0
603 330 0
605 333 0
605 339 0
605 345 0
605 349 0
605 353 0
606 355 0
611 353 0
618 347 0
625 342 0
631 338 0
634 337 0
638 336 0
644 342 0
647 346 0
652 350 0
657 351 0
661 352 0
666 348 0
669 345 1
723 323 0
718 323 0
713 323 0
704 326 0
695 329 0
689 336 0
688 345 0
689 353 0
695 359 0
704 359 0
717 351 0
727 341 0
730 333 0
731 324 0
730 320 0
730 316 0
737 315 0
744 314 0
751 312 0
757 311 0
760 310 0
764 310 0
767 320 0
768 330 0
770 337 0
771 340 0
774 345 0
777 345 0
783 340 0
790 334 0
793 329 0
798 325 0
804 334 0
808 339 0
811 342 1
864 302 0
857 309 0
853 312 0
851 314 0
853 317 0
854 321 0
857 327 0
858 334 0
859 343 0
858 350 0
854 356 1
549 233 0
549 237 1
