you
462 303 0
462 316 0
463 325 0
467 335 0
472 339 0
479 339 0
489 333 0
500 325 0
505 322 0
509 318 0
512 317 0
515 319 0
516 325 0
522 350 0
524 380 0
520 406 0
515 424 0
509 435 0
504 442 0
501 443 0
497 440 0
492 429 0
491 412 0
501 384 0
529 347 0
548 327 0
556 323 0
562 319 0
565 318 0
568 318 0
565 323 0
560 332 0
558 339 0
561 346 0
567 353 0
580 358 0
597 354 0
614 344 0
619 334 0
619 327 0
614 320 0
605 315 0
597 312 0
594 312 0
590 310 0
603 312 0
615 308 0
628 305 0
636 303 0
641 303 0
645 303 0
649 305 0
652 310 0
656 319 0
659 334 0
663 341 0
665 345 0
670 345 0
675 337 0
682 330 0
688 325 0
692 323 0
698 329 0
702 334 0
709 340 0
723 346 0
733 349 0
736 350 0
759 356 1
