command
393 319 0
390 320 0
384 322 0
377 329 0
369 342 0
365 357 0
367 369 0
374 377 0
392 378 0
413 375 0
431 371 1
440 340 0
438 344 0
435 352 0
436 368 0
442 375 0
448 377 0
456 374 0
474 358 0
483 346 0
485 341 0
484 335 0
478 332 0
472 332 0
464 334 0
461 337 1
496 330 0
499 333 0
501 337 0
501 342 0
502 352 0
504 360 0
505 363 0
506 365 0
510 364 0
513 360 0
517 353 0
521 349 0
524 346 0
527 347 0
530 351 0
534 355 0
539 355 0
549 350 0
556 347 0
562 347 0
565 349 0
568 350 0
571 353 0
575 358 0
579 360 1
593 331 0
595 334 0
596 342 0
596 346 0
597 349 0
597 352 0
602 345 0
605 340 0
608 337 0
612 335 0
616 337 0
618 339 0
621 344 0
624 350 0
628 354 0
632 353 0
637 350 0
650 341 0
663 335 0
668 334 0
673 335 0
679 342 0
682 347 1
760 320 0
756 320 0
746 320 0
737 321 0
728 325 0
718 332 0
711 339 0
710 348 0
716 354 0
728 354 0
743 346 0
756 336 0
763 329 0
767 325 0
770 323 0
771 334 0
772 341 0
774 346 0
777 349 0
782 349 0
786 347 0
793 341 0
802 334 0
809 330 0
813 329 0
816 330 0
819 335 0
822 342 0
824 346 0
825 349 0
835 344 0
858 330 0
866 328 0
871 329 0
877 332 0
882 336 0
888 340 0
891 341 1
974 322 0
965 323 0
954 325 0
938 328 0
925 334 0
917 342 0
913 350 0
912 357 0
913 360 0
923 355 0
945 331 0
958 308 0
966 285 0
972 266 0
974 257 0
976 253 0
976 251 0
976 264 0
971 292 0
967 318 0
967 336 0
970 347 0
973 351 1
