ket
567 287 0
568 291 0
569 306 0
570 350 0
570 385 0
570 394 0
572 402 0
574 412 0
577 426 1
629 348 0
620 356 0
608 366 0
592 375 0
585 382 0
581 388 0
578 395 0
581 403 0
590 410 0
607 413 0
637 403 0
661 390 0
678 379 0
692 367 0
696 363 0
699 360 0
694 357 0
686 357 0
676 360 0
668 371 0
663 382 0
662 397 0
668 405 0
678 408 0
704 402 0
722 395 0
741 387 1
744 275 0
746 280 0
749 295 0
753 328 0
755 356 0
756 381 0
757 387 0
757 395 0
758 403 0
758 405 0
753 395 0
747 381 0
744 371 0
745 368 0
752 367 0
760 368 1
