should
566 328 0
559 331 0
551 338 0
534 353 0
528 361 0
525 366 0
525 369 0
543 375 0
554 381 0
558 385 0
560 387 0
560 390 0
553 395 0
543 402 0
533 406 0
531 407 0
533 399 1
592 278 0
592 284 0
592 293 0
591 315 0
589 337 0
587 355 0
586 365 0
586 372 0
588 379 0
592 386 0
596 390 0
599 389 0
605 386 0
614 379 0
620 374 0
624 373 0
627 376 0
629 380 0
633 384 0
642 387 1
694 352 0
690 358 0
684 364 0
679 376 0
683 383 0
689 383 0
700 379 0
710 372 0
715 364 0
715 357 0
713 353 0
709 351 0
703 353 0
697 356 0
695 359 1
745 348 0
748 358 0
750 366 0
752 374 0
754 378 0
756 381 0
760 378 0
770 371 0
777 369 0
782 368 0
786 369 0
792 373 0
802 376 0
816 375 0
839 366 0
858 350 0
867 335 0
876 313 0
878 300 0
878 293 0
876 291 0
865 302 0
852 326 0
845 349 0
844 361 0
849 370 0
861 376 0
871 378 0
886 380 1
949 355 0
945 355 0
937 355 0
926 355 0
916 359 0
907 366 0
902 372 0
902 376 0
905 378 0
913 377 0
933 362 0
946 342 0
954 324 0
957 305 0
959 290 0
960 287 0
961 283 0
960 294 0
958 318 0
956 346 0
960 365 0
963 366 0
975 374 0
991 385 1
