this
516 265 0
518 276 0
522 299 0
525 331 0
528 362 0
529 386 0
532 400 0
537 408 0
543 410 0
550 410 0
563 410 0
578 410 1
506 368 0
520 368 0
548 362 0
562 358 0
578 353 1
597 283 0
599 294 0
600 311 0
600 339 0
602 363 0
604 376 0
605 381 0
607 385 0
613 381 0
622 374 0
629 369 0
634 367 0
637 367 0
639 372 0
642 379 0
645 388 0
650 395 0
658 399 0
665 398 0
671 393 0
677 382 0
683 370 0
685 367 0
688 364 0
691 371 0
696 378 0
703 385 0
711 389 0
715 390 1
780 341 0
776 344 0
769 348 0
762 352 0
759 357 0
760 361 0
764 365 0
770 370 0
773 373 0
777 377 0
777 382 0
774 388 0
766 390 0
763 391 1
697 279 0
699 284 1
