safety
500 332 0
492 338 0
483 347 0
475 359 0
475 366 0
481 371 0
493 378 0
508 386 0
515 393 0
515 401 0
513 405 0
506 408 0
495 407 0
490 405 1
560 365 0
556 362 0
548 361 0
543 364 0
538 373 0
535 384 0
534 392 0
536 397 0
548 393 0
560 383 0
563 379 0
567 377 0
570 384 0
575 390 0
582 395 0
592 394 0
614 382 0
640 355 0
653 330 0
661 304 0
663 287 0
665 281 0
660 291 0
653 315 0
649 345 0
646 375 0
643 402 0
642 426 0
641 434 0
640 437 0
639 442 0
638 431 0
635 418 0
635 410 0
635 405 0
639 402 0
645 398 0
653 396 0
664 393 0
671 389 0
679 382 0
687 372 0
692 366 0
693 361 0
693 356 0
687 364 0
685 377 0
684 390 0
687 398 0
693 399 0
705 390 0
712 385 0
718 379 0
725 372 1
747 287 0
748 291 0
748 295 0
749 306 0
749 338 0
747 364 0
747 377 0
747 386 0
747 394 0
747 397 0
744 396 0
738 383 0
738 377 0
741 374 0
747 372 0
753 370 0
763 366 0
772 365 0
777 370 0
779 375 0
782 382 0
787 386 0
790 389 0
800 384 0
810 376 0
816 370 0
819 366 0
824 365 0
830 376 0
834 391 0
838 416 0
835 437 0
830 448 0
819 457 0
807 461 0
797 461 0
796 454 0
802 437 0
822 404 0
832 388 1
