instructions
157 296 0
160 299 0
160 307 0
162 318 0
163 330 0
165 339 0
167 343 0
173 343 0
184 336 0
195 327 0
203 320 0
210 314 0
213 311 0
216 313 0
218 318 0
220 325 0
221 331 0
224 331 0
231 327 0
239 323 0
246 321 0
249 321 0
254 322 0
257 326 0
260 331 0
264 334 1
329 280 0
325 282 0
322 286 0
318 291 0
315 297 0
313 303 0
314 306 0
318 310 0
326 314 0
332 318 0
336 321 0
337 325 0
335 330 0
330 336 0
324 338 0
321 337 1
375 219 0
375 225 0
376 236 0
376 264 0
373 295 0
371 320 0
371 328 0
371 332 0
371 336 0
371 327 0
370 320 0
370 317 0
370 311 0
373 309 0
384 305 0
393 304 0
400 303 0
406 304 0
409 309 0
412 318 0
415 326 0
415 328 0
416 315 0
418 305 0
421 297 0
423 292 0
427 290 0
431 292 0
436 294 0
442 296 0
447 298 0
452 299 0
455 300 0
459 301 0
461 305 0
462 312 0
465 317 0
469 321 0
474 322 0
479 321 0
482 317 0
494 308 0
501 304 0
504 303 0
508 307 0
510 313 0
512 318 1
557 299 0
553 303 0
550 307 0
547 316 0
548 322 0
553 324 0
556 324 0
561 323 1
596 227 0
598 231 0
600 237 0
602 249 0
605 270 0
607 292 0
607 304 0
607 315 0
607 319 0
608 324 0
608 320 0
606 314 0
606 311 0
606 309 0
610 304 0
619 300 0
627 297 0
634 295 0
639 294 0
642 295 0
645 296 0
646 305 0
648 313 0
651 318 0
657 320 0
659 320 1
704 288 0
701 288 0
696 293 0
691 300 0
688 308 0
689 312 0
693 316 0
701 313 0
708 309 0
713 303 0
715 296 0
715 290 0
714 286 0
724 282 0
732 281 0
738 281 0
744 281 0
748 281 0
751 282 0
752 285 0
752 292 0
753 300 0
755 304 0
756 306 0
762 304 0
769 301 0
775 298 0
779 298 0
783 300 0
788 307 1
843 265 0
837 271 0
834 274 0
830 279 0
829 283 0
834 292 0
837 297 0
839 304 0
840 312 0
839 319 0
834 323 0
831 326 1
667 231 0
667 234 0
667 238 1
170 217 0
170 220 1
