near
433 303 0
435 312 0
437 326 0
439 350 0
440 357 0
445 360 0
457 349 0
471 335 0
479 330 0
482 328 0
486 327 0
492 332 0
498 337 0
507 344 0
516 349 0
527 349 0
545 340 0
566 324 0
578 311 0
581 305 0
580 298 0
574 298 0
567 301 0
558 307 0
551 320 0
548 333 0
549 342 0
553 349 0
567 353 0
586 357 0
590 358 1
682 315 0
672 312 0
662 309 0
648 308 0
639 311 0
630 318 0
624 328 0
622 337 0
625 344 0
633 348 0
641 346 0
656 337 0
669 324 0
674 318 0
676 314 0
678 311 0
679 322 0
681 336 0
683 344 0
687 346 0
694 345 0
704 338 0
721 330 0
732 327 0
738 328 0
741 330 0
745 333 0
748 336 0
748 340 0
750 342 0
750 329 0
753 320 0
755 315 0
757 313 0
766 312 0
768 312 1
