shall
497 302 0
493 306 0
479 320 0
472 330 0
470 333 0
476 340 0
485 344 0
495 351 0
499 357 0
498 363 0
494 370 0
484 378 0
471 387 0
463 388 1
511 243 0
514 249 0
517 257 0
523 285 0
526 307 0
527 315 0
529 347 0
530 361 0
530 363 0
538 356 0
553 338 0
563 329 0
566 328 0
570 332 0
572 341 0
577 354 0
583 364 0
586 366 1
647 329 0
642 329 0
633 330 0
628 332 0
625 332 0
616 346 0
613 357 0
616 362 0
625 362 0
632 359 0
639 354 0
642 352 0
646 349 0
654 360 0
661 366 0
668 368 0
683 362 0
703 344 0
716 324 0
724 303 0
727 279 0
727 261 0
727 254 0
718 265 0
709 289 0
709 299 0
709 341 0
717 362 0
726 361 0
748 346 0
776 314 0
780 298 0
783 274 0
781 264 0
780 259 0
772 276 0
763 309 0
758 352 0
760 361 0
765 363 1
