that
484 268 0
482 281 0
479 308 0
479 339 0
479 366 0
484 381 0
491 391 0
500 395 0
515 399 0
519 400 1
463 355 0
468 355 0
476 354 0
486 351 0
527 336 0
545 329 1
558 289 0
558 294 0
558 303 0
557 323 0
556 350 0
554 367 0
554 375 0
554 381 0
559 378 0
572 368 0
586 358 0
595 356 0
598 357 0
600 360 0
604 368 0
609 376 0
610 379 0
614 383 0
626 381 0
643 377 0
649 376 1
687 349 0
680 348 0
674 348 0
667 348 0
660 351 0
654 356 0
644 370 0
640 381 0
641 386 0
644 389 0
655 385 0
669 373 0
680 363 0
683 361 0
687 358 0
689 357 0
696 370 0
702 379 0
710 382 0
719 379 1
755 265 0
756 274 0
757 287 0
756 317 0
756 346 0
755 371 0
756 383 0
756 389 0
757 392 0
755 386 0
749 373 0
746 365 0
742 353 0
742 349 0
750 349 0
765 347 0
784 344 0
801 340 1
