evils
468 366 0
469 370 0
471 375 0
478 379 0
491 379 0
511 371 0
524 361 0
529 353 0
531 346 0
529 342 0
521 341 0
497 356 0
484 373 0
485 382 0
488 394 0
497 401 0
519 402 0
532 402 0
548 400 1
575 352 0
575 356 0
578 363 0
581 370 0
584 377 0
586 381 0
588 385 0
591 385 0
596 376 0
601 369 1
633 343 0
634 347 0
635 351 0
635 359 0
636 369 0
638 377 0
640 381 0
643 384 0
653 382 0
665 374 0
680 360 0
692 338 0
698 321 0
700 299 0
699 286 0
698 280 0
697 276 0
689 289 0
671 334 0
674 362 0
678 370 0
685 376 0
700 382 0
716 381 0
732 379 0
736 378 1
760 325 0
759 329 0
757 334 0
754 342 0
753 351 0
752 358 0
755 364 0
757 369 0
761 375 0
763 381 0
763 386 0
762 390 0
757 394 1
643 253 0
644 260 0
640 267 1
