blank
478 275 0
479 290 0
480 313 0
480 338 0
480 353 0
481 359 0
485 357 0
493 351 0
507 343 0
518 342 0
526 345 0
531 351 0
532 363 0
531 378 0
524 389 0
512 399 0
504 401 0
492 392 0
481 381 0
469 368 1
569 278 0
569 281 0
566 304 0
555 355 0
551 374 0
552 379 0
554 384 0
562 387 0
564 387 1
648 339 0
644 340 0
639 342 0
633 344 0
626 351 0
619 362 0
614 375 0
613 383 0
614 386 0
618 385 0
623 381 0
627 377 0
639 361 0
644 355 0
647 354 0
649 353 0
653 364 0
657 377 0
663 389 0
668 394 0
673 394 0
682 391 0
695 381 0
703 374 0
708 371 0
710 369 0
714 372 0
717 376 0
720 379 0
725 380 0
735 377 0
743 373 0
750 372 0
757 374 0
765 379 0
776 386 0
785 388 1
827 262 0
827 265 0
827 274 0
827 299 0
824 339 0
821 364 0
818 379 0
816 386 1
866 334 0
862 339 0
851 344 0
840 349 0
833 354 0
830 360 0
830 366 0
835 371 0
851 380 0
862 385 0
874 392 1
