have
477 253 0
477 257 0
476 270 0
475 298 0
473 329 0
472 350 0
473 358 0
475 364 0
480 363 0
486 357 0
491 353 0
494 352 0
498 351 0
504 358 0
510 364 0
520 364 1
604 312 0
596 312 0
590 312 0
581 313 0
572 316 0
566 322 0
560 332 0
560 341 0
563 348 0
567 349 0
579 345 0
592 336 0
600 329 0
604 325 0
607 323 0
611 327 0
617 336 0
622 338 1
647 319 0
647 323 0
648 327 0
651 334 0
652 337 0
660 331 0
668 320 0
674 311 1
699 316 0
703 319 0
707 320 0
710 318 0
713 316 0
715 312 0
710 310 0
707 310 0
701 317 0
695 330 0
692 342 0
695 351 0
709 358 0
748 358 0
766 358 1
