can
538 339 0
533 340 0
521 343 0
508 352 0
504 361 0
502 371 0
504 383 0
511 393 0
521 399 0
535 399 0
558 400 1
621 350 0
613 350 0
602 350 0
591 354 0
582 359 0
575 368 0
573 377 0
573 381 0
580 386 0
591 385 0
609 376 0
621 366 0
623 363 0
625 359 0
626 355 0
630 354 0
631 359 0
632 366 0
635 374 0
638 378 0
643 381 0
649 378 0
658 371 0
660 369 0
671 364 0
675 364 0
679 368 0
682 373 0
684 378 0
690 383 0
697 383 0
709 379 0
723 374 0
733 373 0
739 375 0
745 379 0
749 384 0
755 388 0
763 389 1
