those
444 290 0
445 293 0
445 303 0
445 327 0
443 374 0
447 393 0
449 405 0
454 414 0
464 419 0
483 417 0
501 414 0
506 413 1
428 385 0
455 383 0
474 379 0
492 374 1
535 312 0
535 316 0
534 324 0
531 350 0
529 377 0
528 395 0
528 402 0
529 406 0
530 409 0
537 404 0
548 397 0
558 391 0
560 390 0
565 391 0
568 394 0
569 397 0
578 404 0
593 409 0
605 408 0
620 406 0
625 405 1
635 364 0
630 370 0
627 378 0
626 392 0
628 402 0
631 407 0
639 409 0
648 405 0
657 398 0
663 388 0
663 377 0
661 370 0
644 371 0
626 379 0
623 382 1
710 360 0
707 363 0
702 367 0
699 371 0
696 376 0
695 381 0
698 386 0
703 393 0
706 399 0
708 403 0
708 407 0
706 411 0
701 413 1
751 395 0
753 398 0
760 396 0
762 391 0
764 388 0
765 381 0
765 377 0
764 371 0
759 369 0
756 370 0
752 375 0
750 383 0
751 395 0
756 404 0
769 410 0
794 407 0
814 404 1
