hundred
373 262 0
375 270 0
375 278 0
370 331 0
369 373 0
372 385 0
373 391 0
374 394 0
379 394 0
383 389 0
393 377 0
401 371 0
404 369 0
408 368 0
410 371 0
416 382 0
420 387 0
425 391 0
435 393 0
443 391 0
449 386 0
456 377 0
461 370 0
462 367 0
465 364 0
467 362 0
469 371 0
473 379 0
479 386 0
484 389 0
493 388 0
512 377 0
525 366 0
530 362 0
533 360 0
536 360 0
538 369 0
542 376 0
547 380 0
554 381 0
569 372 0
587 357 0
596 352 0
599 350 0
603 349 0
605 357 0
606 361 0
608 365 0
612 367 0
621 367 0
630 364 0
636 361 0
642 360 0
646 359 0
648 359 0
656 360 0
662 363 0
668 367 1
757 355 0
748 357 0
740 358 0
735 359 0
730 360 0
716 370 0
713 378 0
714 384 0
724 384 0
741 368 0
758 343 0
767 323 0
771 312 0
773 303 0
774 299 0
775 296 0
774 315 0
769 343 0
767 364 0
768 375 0
770 377 0
776 379 0
784 377 0
798 373 0
808 373 0
811 374 0
817 379 0
819 384 0
821 387 0
824 380 0
826 376 0
829 374 0
835 373 0
847 373 0
858 373 0
869 371 0
880 366 0
885 362 0
889 356 0
889 350 0
886 345 0
882 342 0
879 343 0
873 356 0
872 365 0
875 372 0
883 376 0
897 375 0
918 373 1
970 350 0
965 352 0
955 353 0
946 357 0
935 367 0
929 374 0
925 382 0
926 389 0
929 391 0
938 388 0
957 372 0
975 347 0
983 323 0
986 308 0
988 300 0
989 296 0
989 292 0
987 306 0
982 338 0
980 363 0
982 377 0
990 386 0
998 390 0
1012 397 1
