orders
459 303 0
449 303 0
441 305 0
432 311 0
422 319 0
414 343 0
413 360 0
415 365 0
421 368 0
433 357 0
449 340 0
456 322 0
457 311 0
457 307 0
457 305 0
468 310 0
479 309 0
491 308 0
499 310 0
504 313 0
510 321 0
517 334 0
520 342 0
523 346 0
519 345 0
516 338 0
514 329 0
513 322 0
513 317 0
522 312 0
530 309 1
621 309 0
615 307 0
608 306 0
600 308 0
590 315 0
582 326 0
574 339 0
573 345 0
581 347 0
588 342 0
607 315 0
629 270 0
637 253 0
639 250 0
640 247 0
637 259 0
633 281 0
632 302 0
632 317 0
637 329 0
644 338 0
653 338 0
670 331 0
685 318 0
691 308 0
692 302 0
691 296 0
687 292 0
682 293 0
679 295 0
672 304 0
670 314 0
670 317 0
676 331 0
687 334 0
698 333 0
712 330 0
720 329 0
726 329 0
730 330 0
735 331 0
738 327 0
738 318 0
741 310 0
742 302 0
745 298 0
748 296 0
750 295 1
798 287 0
795 290 0
790 293 0
789 297 0
796 306 0
799 314 0
800 323 0
798 335 0
793 345 0
787 349 1
