with
414 313 0
414 318 0
414 324 0
415 335 0
417 347 0
420 355 0
423 360 0
429 361 0
438 358 0
446 355 0
452 356 0
458 360 0
467 364 0
474 365 0
481 363 0
488 360 0
494 355 0
496 350 0
496 345 0
496 338 0
495 330 0
495 323 0
498 318 0
504 319 0
511 321 0
519 321 0
528 320 0
537 318 0
543 317 0
545 317 0
548 318 0
549 326 0
552 338 0
558 344 0
568 345 0
577 345 0
595 345 1
603 235 0
605 243 0
607 253 0
610 274 0
610 301 0
611 329 0
611 341 0
611 346 0
611 348 0
610 340 0
609 337 0
608 335 0
608 331 0
615 329 0
625 326 0
638 318 0
657 301 0
669 279 0
673 260 0
673 251 0
673 247 0
673 244 0
671 256 0
668 288 0
666 318 0
667 340 0
670 349 0
678 347 0
697 336 0
709 330 0
715 331 0
721 335 0
727 340 0
731 345 0
734 349 0
741 353 1
550 250 0
550 253 0
548 258 1
