represented
290 349 0
292 357 0
294 378 0
295 386 0
297 391 0
299 378 0
301 367 0
302 359 0
305 356 0
308 356 0
314 358 0
322 363 0
333 366 0
350 362 0
368 350 0
375 342 0
377 335 0
378 330 0
374 327 0
362 329 0
354 341 0
346 363 0
349 381 0
360 387 0
386 381 0
407 373 0
425 365 1
420 352 0
422 362 0
424 376 0
424 404 0
424 418 0
423 423 0
422 427 0
421 418 0
420 400 0
426 354 0
433 338 0
442 330 0
451 329 0
457 333 0
460 339 0
458 355 0
454 364 0
448 370 0
443 371 0
440 367 1
490 351 0
491 355 0
491 362 0
491 366 0
491 370 0
489 362 0
489 354 0
489 349 0
490 345 0
499 343 0
514 342 0
525 341 0
532 337 0
538 332 0
541 327 0
534 326 0
530 331 0
529 342 0
529 355 0
533 364 0
538 368 1
597 318 0
591 326 0
588 333 0
589 339 0
591 343 0
595 348 0
599 354 0
602 361 0
601 368 0
597 375 0
592 377 0
588 375 1
647 351 0
651 353 0
654 345 0
655 340 0
653 334 0
651 329 0
647 329 0
639 343 0
635 357 0
635 366 0
637 369 0
644 370 0
652 368 0
661 362 0
669 352 0
673 346 0
677 343 0
681 342 0
683 347 0
685 355 0
688 362 0
692 366 0
698 367 0
706 364 0
716 357 0
725 352 0
730 351 0
735 354 0
741 361 0
750 365 0
753 365 1
789 246 0
789 250 0
789 260 0
789 287 0
788 316 0
787 340 0
785 355 0
784 363 0
783 367 0
783 369 0
782 356 0
781 346 0
781 342 0
783 339 0
798 343 0
813 343 0
824 343 0
833 340 0
839 335 0
842 329 0
843 324 0
843 321 0
839 320 0
836 319 0
832 327 0
828 336 0
828 344 0
830 352 0
836 358 0
847 361 0
862 363 0
872 365 1
929 332 0
918 333 0
907 335 0
895 340 0
885 350 0
883 357 0
882 363 0
887 367 0
894 367 0
906 360 0
921 338 0
930 314 0
933 297 0
934 286 0
936 277 0
937 271 0
936 269 0
935 277 0
933 298 0
931 340 0
934 361 0
939 373 0
945 378 1
