will
478 335 0
478 338 0
479 348 0
480 366 0
484 379 0
487 385 0
493 387 0
504 385 0
518 378 0
526 374 0
532 371 0
535 371 0
538 374 0
542 376 0
545 379 0
552 379 0
559 375 0
565 369 0
569 363 0
572 358 0
572 353 0
573 349 0
573 346 0
577 343 0
581 343 0
589 341 0
600 337 0
613 330 0
618 327 0
622 326 0
625 326 0
630 338 0
634 349 0
639 360 0
645 366 0
655 367 0
665 364 0
671 361 0
705 330 0
723 301 0
728 288 0
729 276 0
727 262 0
726 258 0
721 262 0
712 281 0
701 318 0
693 359 0
698 367 0
704 371 0
723 367 0
755 346 0
783 316 0
791 302 0
794 280 0
793 272 0
793 267 0
783 273 0
774 289 0
767 315 0
763 341 0
767 358 0
788 362 0
809 367 1
643 244 0
637 256 0
630 269 0
622 284 1
