and
512 311 0
502 311 0
494 313 0
486 317 0
476 330 0
462 359 0
460 370 0
463 374 0
487 362 0
504 344 0
513 332 0
520 322 0
523 316 0
526 313 0
525 325 0
524 342 0
524 355 0
526 361 0
533 362 0
549 352 0
568 335 0
580 325 0
583 322 0
588 319 0
593 321 0
594 325 0
597 335 0
601 339 0
606 337 0
617 331 0
633 323 0
640 320 0
643 319 0
648 319 0
651 322 0
654 326 0
658 330 0
663 332 1
741 311 0
729 311 0
720 312 0
716 313 0
712 317 0
706 329 0
702 347 0
703 352 0
707 354 0
718 342 0
731 321 0
739 295 0
746 271 0
751 258 0
754 251 0
758 247 0
755 270 0
753 298 0
756 324 0
761 346 0
774 354 0
783 358 0
797 365 1
