honour
302 249 0
303 253 0
304 263 0
306 293 0
306 321 0
307 345 0
309 362 0
310 365 0
312 369 0
323 355 0
331 348 0
335 345 0
338 343 0
346 351 0
349 358 0
355 362 0
362 364 1
424 322 0
416 325 0
410 326 0
402 330 0
395 339 0
389 349 0
389 358 0
394 363 0
402 363 0
415 355 0
427 345 0
433 337 0
435 334 0
435 329 0
432 326 0
429 325 0
437 324 0
443 323 0
449 323 0
454 323 0
460 325 0
464 330 0
467 336 0
470 343 0
472 348 0
473 352 0
476 355 0
482 351 0
484 350 0
487 349 0
490 350 0
494 355 0
495 358 0
500 362 1
571 325 0
563 323 0
555 322 0
548 322 0
542 324 0
534 331 0
531 342 0
532 354 0
537 362 0
545 365 0
555 362 0
567 356 0
575 347 0
578 340 0
578 333 0
576 329 0
575 326 0
571 324 0
575 327 0
584 326 0
593 324 0
601 321 0
605 320 0
608 319 0
611 320 0
612 332 0
613 341 0
615 352 0
617 357 0
624 360 0
631 354 0
638 344 0
647 333 0
651 328 0
654 325 0
656 328 0
657 337 0
661 344 0
667 350 0
670 351 0
675 350 0
690 345 0
704 340 0
706 341 0
712 344 0
716 350 0
718 354 0
720 357 0
724 358 0
726 353 0
727 339 0
729 328 0
731 324 0
733 321 0
736 319 0
740 319 0
747 318 1
