for
507 335 0
511 338 0
520 336 0
533 327 0
551 310 0
563 288 0
568 271 0
568 265 0
566 260 0
558 260 0
550 269 0
537 292 0
530 319 0
530 345 0
534 372 0
536 390 0
538 400 0
539 407 0
539 410 0
537 403 0
534 389 0
528 374 0
526 366 0
527 359 0
529 354 0
534 349 0
545 344 0
563 340 0
582 338 0
591 338 0
595 338 0
600 337 0
592 337 0
585 345 0
580 356 0
580 363 0
587 366 0
596 362 0
605 356 0
608 352 0
609 346 0
608 342 0
619 337 0
629 338 0
636 341 0
643 344 0
648 349 0
653 357 0
655 364 0
656 367 0
658 372 0
660 374 0
659 368 0
656 357 0
656 340 0
660 331 0
670 327 0
682 327 0
700 324 0
704 324 1
