prove
380 316 0
382 321 0
383 325 0
384 345 0
384 395 0
384 414 0
384 417 0
384 422 0
383 415 0
380 392 0
380 352 0
386 329 0
395 315 0
406 306 0
413 306 0
417 307 0
421 313 0
422 322 0
419 333 0
413 340 0
405 344 0
397 346 0
392 345 1
457 313 0
458 317 0
458 324 0
458 336 0
458 344 0
458 347 0
455 340 0
455 331 0
457 322 0
460 316 0
465 312 0
469 310 0
472 310 0
476 310 0
484 312 0
487 313 0
490 316 0
491 320 0
493 324 0
494 331 0
497 337 0
506 342 0
517 344 0
523 343 0
529 338 0
532 331 0
534 325 0
531 318 0
528 314 0
522 311 0
516 312 0
511 315 0
508 318 1
549 287 0
551 291 0
552 294 0
554 301 0
557 314 0
561 325 0
567 325 0
574 318 0
585 305 0
595 296 0
607 285 0
610 282 1
606 330 0
609 330 0
619 325 0
629 317 0
634 311 0
636 306 0
637 303 0
634 302 0
629 302 0
624 305 0
620 311 0
616 323 0
615 348 0
625 354 0
650 352 0
678 346 0
692 342 1
