clause
495 322 0
486 323 0
472 326 0
463 331 0
456 342 0
453 358 0
455 373 0
461 380 0
471 383 0
501 371 0
536 341 0
549 326 0
560 308 0
568 290 0
570 281 0
569 274 0
567 269 0
565 266 0
556 271 0
546 284 0
533 311 0
526 340 0
529 360 0
534 370 0
546 377 0
562 377 0
575 377 0
590 374 1
643 332 0
640 333 0
633 335 0
625 336 0
612 342 0
601 350 0
594 360 0
593 367 0
596 374 0
601 378 0
611 377 0
625 369 0
638 356 0
645 343 0
650 334 0
652 330 0
654 339 0
654 348 0
656 359 0
659 363 0
665 363 0
671 361 0
678 355 0
685 347 0
692 339 0
697 333 0
698 341 0
699 347 0
702 355 0
704 360 0
709 362 0
713 360 0
716 358 0
722 352 0
725 349 0
728 348 0
730 351 0
739 358 0
746 360 1
783 308 0
775 315 0
771 320 0
770 327 0
770 334 0
773 340 0
777 344 0
780 348 0
781 360 0
779 367 0
775 370 1
836 349 0
840 350 0
842 346 0
842 337 0
841 329 0
837 323 0
833 318 0
829 316 0
827 315 0
821 320 0
817 328 0
815 340 0
817 353 0
822 360 0
836 361 0
860 357 0
882 353 1
