carolina
381 323 0
373 321 0
364 322 0
354 326 0
348 332 0
344 344 0
344 357 0
348 368 0
359 377 0
374 378 0
384 376 0
408 370 1
458 328 0
451 329 0
440 330 0
431 332 0
422 338 0
416 349 0
412 361 0
413 370 0
417 374 0
423 374 0
435 366 0
444 353 0
450 346 0
452 342 0
455 340 0
458 349 0
460 360 0
464 370 0
467 374 0
476 376 0
487 373 0
508 367 0
516 365 0
519 366 0
522 368 0
526 371 0
525 362 0
524 351 0
522 342 0
521 335 0
520 330 0
521 328 0
525 327 0
534 325 0
549 325 0
557 325 0
563 327 0
567 329 0
570 330 0
571 332 0
570 342 0
570 350 0
572 361 0
578 367 0
581 369 0
588 366 0
604 350 0
608 339 0
607 332 0
603 325 0
599 321 0
595 319 0
600 322 0
607 323 0
624 320 0
648 310 0
664 298 0
672 287 0
677 272 0
679 258 0
679 252 0
677 248 0
673 247 0
663 262 0
654 289 0
651 300 0
649 322 0
652 351 0
658 363 0
665 365 0
675 361 0
688 349 0
695 339 0
700 335 0
702 332 0
704 338 0
706 344 0
708 349 0
712 350 0
719 347 0
726 344 0
732 340 0
735 339 0
739 338 0
741 344 0
743 349 0
746 352 0
751 353 0
760 350 0
783 339 0
786 338 0
789 339 0
793 341 0
797 345 0
802 348 1
860 330 0
853 327 0
846 326 0
842 327 0
833 334 0
827 341 0
826 347 0
828 352 0
831 354 0
837 350 0
847 340 0
850 336 0
853 334 0
855 341 0
859 348 0
866 354 0
877 357 0
897 362 1
720 259 0
719 263 0
719 268 1
