beeves
378 236 0
380 243 0
382 272 0
384 319 0
385 340 0
386 348 0
388 351 0
393 340 0
394 337 0
402 330 0
413 328 0
423 329 0
429 333 0
434 339 0
436 352 0
432 368 0
428 378 0
422 382 0
415 382 0
408 378 0
402 372 0
398 369 1
450 337 0
454 339 0
463 340 0
474 339 0
481 338 0
484 337 0
487 333 0
486 330 0
476 325 0
470 325 0
462 338 0
460 350 0
462 361 0
470 368 0
485 368 0
499 368 0
513 366 1
538 342 0
541 345 0
549 342 0
553 340 0
555 332 0
555 327 0
550 322 0
545 323 0
539 327 0
535 338 0
533 350 0
535 358 0
540 364 0
548 366 1
589 322 0
592 328 0
593 334 0
594 341 0
595 348 0
596 351 0
597 355 0
600 355 0
603 349 0
614 325 0
620 312 0
625 298 1
641 330 0
643 333 0
646 337 0
651 337 0
657 335 0
660 331 0
661 323 0
656 319 0
650 321 0
645 325 0
640 332 0
641 344 0
645 356 0
655 363 0
667 364 0
689 365 0
692 365 1
744 308 0
737 314 0
734 316 0
730 320 0
730 325 0
734 331 0
737 337 0
741 343 0
743 351 0
742 360 0
738 367 0
732 371 1
