enough
392 372 0
397 375 0
404 373 0
419 366 0
435 352 0
443 341 0
448 333 0
449 328 0
449 325 0
442 324 0
433 325 0
419 333 0
409 341 0
405 352 0
405 365 0
409 377 0
417 383 0
430 384 0
446 377 0
464 364 0
472 355 0
478 348 0
480 345 0
481 343 0
484 340 0
487 349 0
488 361 0
490 368 0
492 372 0
496 373 0
504 369 0
514 364 0
520 361 0
526 362 0
535 369 0
541 374 0
548 375 1
590 342 0
586 344 0
582 350 0
580 358 0
582 366 0
583 369 0
592 372 0
602 367 0
612 357 0
614 351 0
612 343 0
608 336 0
601 335 0
594 337 0
589 343 0
588 348 1
651 337 0
651 341 0
650 350 0
651 361 0
653 367 0
660 368 0
666 366 0
674 360 0
680 354 0
684 350 0
688 347 0
691 351 0
697 361 0
700 365 1
763 338 0
760 339 0
747 351 0
739 364 0
738 369 0
740 372 0
745 371 0
754 365 0
762 357 0
766 351 0
768 347 0
770 344 0
772 343 0
775 350 0
778 364 0
781 387 0
781 412 0
777 431 0
771 447 0
764 453 0
757 456 0
748 456 0
742 449 0
741 439 0
747 415 0
755 401 0
760 392 0
790 335 0
800 304 0
806 284 0
810 274 0
813 267 0
815 263 0
816 258 0
810 268 0
805 293 0
800 332 0
800 357 0
802 368 0
804 372 0
813 372 0
827 365 0
843 358 0
850 357 0
857 359 0
862 364 0
867 370 0
870 373 0
875 378 1
