morthy
366 318 0
369 336 0
369 357 0
372 375 0
373 380 0
375 384 0
390 360 0
403 341 0
410 333 0
413 331 0
417 336 0
419 341 0
420 347 0
422 350 0
425 350 0
436 344 0
446 338 0
451 336 0
455 336 0
458 339 0
463 346 0
467 354 0
471 359 1
523 330 0
520 334 0
519 339 0
518 348 0
518 355 0
530 356 0
542 347 0
556 334 0
560 327 0
559 321 0
558 318 0
551 313 0
546 313 0
543 314 0
523 325 0
511 333 1
590 317 0
591 323 0
591 331 0
591 341 0
590 352 0
589 357 0
589 359 0
589 348 0
590 337 0
591 330 0
594 323 0
599 319 0
604 317 0
613 317 1
674 223 0
676 228 0
677 236 0
677 258 0
675 290 0
673 319 0
674 345 0
674 355 0
674 359 0
666 344 0
664 335 0
664 330 0
665 325 0
671 326 0
686 319 0
699 312 0
712 303 1
725 233 0
725 237 0
724 253 0
724 283 0
722 311 0
722 331 0
722 339 0
723 343 0
724 346 0
727 343 0
733 337 0
739 333 0
743 331 0
747 331 0
750 332 0
756 342 0
763 346 0
771 347 0
781 342 0
789 335 0
794 330 0
798 325 0
800 324 0
800 329 0
802 336 0
805 341 0
810 345 0
814 346 0
822 343 0
828 339 0
836 333 0
842 330 0
846 328 0
850 330 0
854 336 0
859 352 0
861 384 0
859 414 0
856 427 0
852 437 0
842 441 0
829 438 0
818 425 0
820 407 0
838 380 0
853 362 0
861 350 1
