giving
489 342 0
485 342 0
480 341 0
472 341 0
459 344 0
444 351 0
434 362 0
430 373 0
432 379 0
437 382 0
450 378 0
464 368 0
476 360 0
482 355 0
484 352 0
488 353 0
490 366 0
493 392 0
494 423 0
493 450 0
488 467 0
486 473 0
481 478 0
472 480 0
467 474 0
464 462 0
467 439 0
477 423 0
492 403 0
511 384 0
523 370 0
527 364 0
531 361 0
534 358 0
535 369 0
537 376 0
540 381 0
546 382 0
553 379 0
560 374 0
563 370 1
578 333 0
578 337 0
579 343 0
580 352 0
582 362 0
583 368 0
586 373 0
592 370 0
598 358 0
609 337 0
614 327 0
620 313 1
646 326 0
646 335 0
645 343 0
644 355 0
645 361 0
654 362 0
662 357 0
671 351 0
676 348 0
679 346 0
684 345 0
686 349 0
688 354 0
690 363 0
692 368 0
694 372 0
699 373 0
705 370 0
713 366 0
720 362 0
726 362 0
732 366 0
736 370 0
742 372 0
747 374 0
754 375 0
761 372 1
839 340 0
836 340 0
831 340 0
823 341 0
815 344 0
806 350 0
801 356 0
797 362 0
797 366 0
806 366 0
813 363 0
820 361 0
826 361 0
832 364 0
838 371 0
849 393 0
853 416 0
851 427 0
845 437 0
834 445 0
824 449 0
816 447 0
813 441 0
819 419 0
831 392 0
837 379 0
842 363 1
696 258 0
696 262 0
693 267 1
538 275 0
536 281 1
