inconve
383 344 0
383 348 0
383 359 0
383 374 0
385 390 0
389 401 0
396 404 0
405 401 0
426 387 0
447 361 0
455 351 0
458 350 0
461 364 0
462 376 0
464 384 0
468 388 0
470 390 0
481 383 0
504 365 0
517 355 0
523 353 0
527 353 0
530 354 0
535 364 0
538 370 0
545 378 1
624 334 0
616 335 0
610 337 0
599 343 0
588 356 0
582 368 0
579 379 0
581 387 0
589 394 0
601 397 0
616 399 0
623 400 1
689 350 0
685 353 0
679 357 0
672 369 0
668 382 0
669 388 0
672 391 0
679 388 0
688 381 0
693 372 0
695 366 0
693 359 0
692 356 0
689 353 0
687 355 0
700 354 0
714 348 0
729 345 0
737 344 0
743 348 0
747 355 0
751 364 0
753 371 0
754 377 0
756 381 0
769 378 0
781 373 0
788 373 0
794 376 0
800 378 0
806 381 0
811 382 1
821 349 0
824 353 0
827 359 0
829 364 0
832 370 0
834 375 0
837 379 0
843 374 0
855 359 0
863 350 0
873 334 1
878 365 0
881 369 0
888 366 0
895 361 0
901 354 0
904 347 0
904 341 0
904 337 0
900 340 0
892 353 0
889 363 0
891 371 0
901 377 0
926 377 0
944 376 0
961 374 1
428 244 0
424 249 0
410 265 0
396 278 1
