who
474 352 0
478 368 0
482 383 0
486 394 0
487 398 0
492 402 0
500 398 0
510 394 0
518 392 0
523 392 0
532 396 0
543 398 0
551 397 0
561 392 0
567 385 0
571 378 0
573 375 0
575 369 0
575 363 0
573 356 0
573 353 0
580 353 0
588 353 0
600 347 0
608 344 0
623 335 1
623 272 0
625 276 0
627 287 0
630 316 0
631 347 0
630 371 0
631 384 0
632 389 0
634 393 0
643 383 0
654 373 0
660 369 0
664 370 0
668 379 0
672 385 0
678 389 0
684 390 1
747 337 0
742 340 0
732 345 0
723 356 0
715 367 0
714 377 0
716 385 0
722 389 0
732 387 0
743 381 0
750 373 0
751 363 0
750 356 0
747 351 0
745 348 0
753 351 1
