case
437 312 0
425 317 0
414 325 0
401 339 0
390 361 0
389 369 0
392 375 0
400 379 0
414 380 0
433 380 0
436 380 1
500 329 0
497 328 0
488 327 0
478 326 0
469 330 0
462 337 0
457 347 0
458 358 0
464 365 0
474 365 0
488 357 0
499 347 0
506 339 0
509 333 0
511 331 0
512 336 0
514 343 0
519 351 0
525 354 0
527 355 1
586 312 0
582 314 0
575 317 0
570 322 0
569 329 0
572 332 0
579 336 0
588 342 0
594 348 0
597 354 0
596 360 0
595 363 0
585 367 1
626 338 0
632 340 0
635 339 0
638 336 0
641 332 0
642 329 0
642 327 0
639 324 0
635 322 0
632 329 0
632 338 0
636 349 0
643 357 0
656 362 0
679 364 0
702 365 1
