december
272 304 0
266 304 0
260 303 0
252 304 0
242 308 0
233 314 0
228 319 0
226 323 0
223 341 0
225 352 0
228 356 0
236 355 0
247 344 0
263 320 0
274 295 0
281 274 0
285 263 0
289 253 0
292 247 0
293 244 0
291 264 0
287 291 0
285 314 0
286 328 0
289 337 0
297 342 0
310 343 0
326 338 0
341 326 0
346 322 0
352 309 0
353 301 0
350 298 0
345 298 0
341 300 0
338 306 0
334 317 0
333 328 0
335 337 0
341 342 0
356 343 0
367 342 0
385 339 1
413 297 0
409 299 0
405 301 0
402 302 0
394 316 0
393 329 0
397 338 0
404 343 0
415 344 0
432 340 0
447 332 0
460 323 0
467 315 0
470 309 0
471 305 0
468 300 0
461 301 0
454 303 0
449 309 0
444 318 0
442 330 0
444 339 0
449 344 0
458 343 0
477 334 0
493 321 0
500 314 0
506 309 0
509 308 0
512 319 0
513 326 0
514 330 0
514 335 0
523 330 0
532 323 0
538 318 0
542 316 0
546 314 0
548 317 0
549 320 0
553 326 0
557 328 0
564 325 0
572 321 0
579 318 0
582 318 0
587 319 0
591 322 0
595 325 0
597 326 1
623 238 0
627 254 0
628 270 0
629 284 0
629 294 0
630 298 0
631 301 0
634 299 0
643 296 0
652 295 0
660 295 0
667 298 0
671 300 0
672 305 0
671 311 0
666 320 0
660 324 0
657 323 1
687 312 0
693 311 0
700 309 0
709 306 0
714 304 0
719 299 0
718 295 0
711 292 0
707 292 0
703 296 0
698 304 0
696 313 0
701 319 0
708 321 0
719 319 0
731 317 0
742 315 0
748 315 0
751 317 0
755 320 0
758 325 0
762 332 0
765 324 0
767 304 0
771 291 0
774 288 0
777 287 0
781 287 0
785 287 0
792 287 1
