has
489 252 0
489 256 0
489 291 0
488 351 0
490 366 0
491 369 0
498 367 0
509 356 0
519 349 0
525 346 0
528 346 0
532 347 0
536 353 0
541 359 0
545 363 0
551 365 0
560 365 0
564 363 1
643 322 0
638 323 0
635 323 0
623 325 0
601 329 0
591 334 0
585 339 0
582 346 0
582 354 0
585 357 0
596 358 0
614 351 0
625 345 0
631 341 0
634 339 0
638 336 0
641 341 0
643 347 0
648 353 0
656 356 1
720 303 0
715 307 0
708 313 0
704 322 0
704 329 0
706 335 0
712 342 0
714 345 0
718 352 0
718 359 0
715 365 0
710 369 0
702 371 1
