may
440 303 0
446 323 0
449 348 0
451 362 0
452 365 0
460 355 0
473 332 0
480 321 0
484 315 0
489 313 0
491 316 0
494 323 0
497 331 0
500 337 0
504 340 0
510 337 0
519 331 0
525 327 0
531 323 0
538 320 0
544 319 0
548 320 0
552 323 0
559 331 0
560 333 1
631 309 0
626 306 0
617 303 0
610 303 0
604 306 0
598 310 0
592 321 0
587 331 0
587 334 0
596 335 0
609 327 0
619 317 0
626 311 0
630 307 0
632 306 0
635 311 0
637 318 0
638 324 0
640 328 0
643 329 0
656 324 0
663 320 0
670 317 0
673 315 0
676 314 0
679 312 0
681 311 0
685 312 0
686 308 0
685 312 0
685 317 0
685 320 0
694 320 0
704 314 0
711 309 0
715 307 0
717 305 0
721 306 0
725 314 0
730 330 0
736 357 0
735 375 0
732 390 0
725 405 0
716 414 0
709 416 0
703 410 0
703 391 0
715 359 0
737 325 0
744 313 1
