inten
516 322 0
517 329 0
516 338 0
513 361 0
513 374 0
515 380 0
525 383 0
539 371 0
556 350 0
564 338 0
568 334 0
569 331 0
573 335 0
573 348 0
575 364 0
577 370 0
580 373 0
588 370 0
613 354 0
625 349 0
631 349 0
635 352 0
638 353 0
641 358 0
648 362 1
681 243 0
682 247 0
683 274 0
682 307 0
682 339 0
683 365 0
683 380 0
683 386 0
675 366 0
674 356 0
674 352 0
676 348 0
683 348 0
689 348 0
702 346 0
714 344 0
723 340 0
729 336 0
733 327 0
734 325 0
732 322 0
727 321 0
722 326 0
713 338 0
708 353 0
709 364 0
714 369 0
720 371 0
734 366 0
763 333 0
770 324 0
773 324 0
776 327 0
781 337 0
786 347 0
790 353 0
792 356 0
800 355 0
806 353 0
812 351 0
819 351 0
825 352 0
829 353 0
835 355 1
531 243 0
529 247 1
