many
375 283 0
372 294 0
370 308 0
368 328 0
367 338 0
368 343 0
369 347 0
376 336 0
383 327 0
389 320 0
396 313 0
402 309 0
406 308 0
412 316 0
415 324 0
419 331 0
421 334 0
424 338 0
427 338 0
442 327 0
448 323 0
452 321 0
455 322 0
458 325 0
463 329 0
471 333 0
478 333 1
557 295 0
550 294 0
545 295 0
537 295 0
529 299 0
521 305 0
513 314 0
510 319 0
510 323 0
510 327 0
517 329 0
528 324 0
541 314 0
549 306 0
554 302 0
558 301 0
560 302 0
562 306 0
563 312 0
565 318 0
568 322 0
584 314 0
593 304 0
600 296 0
604 293 0
607 294 0
609 297 0
615 306 0
620 312 0
624 315 0
627 315 0
635 309 0
643 301 0
649 296 0
655 295 0
658 298 0
661 301 0
664 305 0
670 308 0
674 309 0
678 309 0
682 308 0
690 300 0
697 293 0
701 290 0
704 289 0
707 291 0
709 295 0
712 300 0
719 303 0
723 302 0
728 298 0
731 295 0
734 293 0
738 290 0
741 289 0
745 290 0
748 295 0
752 307 0
755 334 0
751 363 0
743 388 0
730 406 0
718 415 0
712 416 0
707 408 0
713 387 0
739 352 0
761 327 0
766 321 1
