bill
518 309 0
521 318 0
524 351 0
526 389 0
525 401 0
526 406 0
527 408 0
530 404 0
542 390 0
558 374 0
566 369 0
574 367 0
582 369 0
589 372 0
589 385 0
582 412 0
576 427 0
569 429 0
559 427 0
548 415 0
542 407 0
531 393 1
620 375 0
621 378 0
621 386 0
621 393 0
623 400 0
624 404 0
631 406 0
638 405 0
646 401 0
667 379 0
684 349 0
689 333 0
692 326 0
694 320 0
686 335 0
675 366 0
671 394 0
671 410 0
676 415 0
687 415 0
710 403 0
732 384 0
742 361 0
748 342 0
747 332 0
746 325 0
744 322 0
742 320 0
736 329 0
728 354 0
725 381 0
726 395 0
740 400 0
760 406 1
643 290 0
646 294 1
