proceedings
325 304 0
327 310 0
328 321 0
333 349 0
336 379 0
337 400 0
338 409 0
338 413 0
338 416 0
333 392 0
334 361 0
339 338 0
343 328 0
345 326 0
355 318 0
362 317 0
366 320 0
369 327 0
372 338 0
372 346 0
371 352 0
369 356 0
364 359 0
358 360 0
354 361 1
412 317 0
410 326 0
409 337 0
408 347 0
408 351 0
407 355 0
406 357 0
404 353 0
401 337 0
401 328 0
403 321 0
412 315 0
418 315 0
430 315 0
440 315 0
446 315 0
450 315 0
452 316 0
455 326 0
455 337 0
455 345 0
459 352 0
468 356 0
477 356 0
491 350 0
503 340 0
506 336 0
507 331 0
504 321 0
498 314 0
492 311 0
485 310 0
478 312 1
553 309 0
550 311 0
546 312 0
536 320 0
533 328 0
533 338 0
538 347 0
547 352 0
554 353 0
585 340 0
610 321 0
613 317 0
613 313 0
611 310 0
607 309 0
604 309 0
599 316 0
595 326 0
595 337 0
598 344 0
606 348 0
622 350 0
647 343 0
658 335 0
667 329 0
670 325 0
672 319 0
670 315 0
666 312 0
662 311 0
658 314 0
654 320 0
653 327 0
652 339 0
653 343 0
669 353 0
683 357 0
698 362 1
758 320 0
753 320 0
746 320 0
739 324 0
729 330 0
722 340 0
722 347 0
723 352 0
729 353 0
739 348 0
744 344 0
759 327 0
776 286 0
788 251 0
791 244 0
795 243 0
796 248 0
796 264 0
791 291 0
789 314 0
788 326 0
789 335 0
793 338 0
801 336 0
818 328 0
829 322 0
835 319 0
839 316 0
841 316 0
842 320 0
843 328 0
845 335 0
846 337 0
861 327 0
876 313 0
881 308 0
884 308 0
889 317 0
892 325 0
896 333 0
900 336 0
915 330 0
923 325 0
930 322 0
936 322 0
939 324 0
943 326 0
946 329 1
1003 303 0
997 304 0
991 304 0
986 307 0
979 312 0
971 320 0
968 324 0
967 329 0
975 327 0
981 324 0
986 320 0
991 317 0
996 316 0
1002 317 0
1006 321 0
1012 330 0
1018 351 0
1019 372 0
1017 387 0
1008 401 0
999 408 0
988 410 0
977 403 0
974 393 0
998 353 0
1011 333 0
1018 322 1
1058 286 0
1056 289 0
1051 293 0
1046 296 0
1042 301 0
1040 310 0
1043 312 0
1050 316 0
1057 320 0
1063 325 0
1066 330 0
1064 336 0
1059 343 1
844 233 0
844 237 1
