said
553 357 0
549 355 0
535 361 0
515 374 0
506 382 0
507 385 0
511 388 0
523 393 0
541 400 0
549 404 0
551 409 0
549 415 0
542 424 0
535 429 0
521 432 0
515 428 0
513 424 1
633 380 0
628 380 0
625 379 0
610 378 0
588 380 0
578 386 0
573 394 0
571 403 0
573 413 0
578 418 0
587 418 0
602 409 0
617 397 0
625 387 0
630 380 0
634 377 0
635 383 0
635 393 0
637 400 0
638 404 0
643 410 0
650 409 0
658 404 0
668 395 0
674 387 0
678 385 0
680 388 0
681 393 0
683 399 0
685 404 0
690 407 1
786 376 0
780 375 0
772 373 0
759 371 0
744 373 0
736 376 0
731 384 0
729 391 0
732 399 0
740 401 0
752 398 0
771 381 0
786 358 0
794 332 0
796 314 0
797 305 0
798 301 0
798 298 0
793 318 0
790 351 0
789 376 0
793 390 0
797 399 0
807 402 0
820 402 0
838 399 1
690 286 0
687 292 1
