while
375 323 0
376 328 0
377 337 0
379 355 0
381 367 0
384 373 0
388 377 0
393 377 0
400 372 0
408 365 0
413 363 0
421 366 0
426 370 0
431 372 0
436 373 0
439 373 0
444 371 0
447 368 0
450 361 0
452 354 0
453 346 0
454 337 0
454 331 0
455 328 0
458 326 0
463 327 0
470 327 1
501 282 0
499 278 0
496 272 0
495 268 0
494 264 0
495 279 0
495 307 0
496 333 0
497 350 0
498 357 0
498 359 0
502 360 0
508 352 0
515 343 0
519 339 0
523 334 0
525 334 0
530 341 0
531 344 0
534 348 0
540 351 0
544 352 0
551 347 0
556 343 0
560 337 0
562 335 0
565 336 0
566 340 0
570 347 0
577 354 0
586 356 0
598 353 0
624 329 0
641 294 0
645 274 0
646 264 0
646 261 0
629 286 0
622 314 0
621 342 0
627 364 0
636 370 0
653 370 0
677 357 0
691 339 0
694 329 0
693 321 0
692 318 0
686 324 0
681 333 0
677 346 0
676 357 0
680 364 0
686 369 0
702 368 0
721 367 1
589 236 0
587 240 0
586 244 1
