cartouch
392 317 0
385 317 0
375 319 0
361 325 0
346 335 0
332 353 0
325 369 0
324 378 0
330 387 0
340 392 0
352 396 0
369 399 1
456 350 0
444 351 0
434 354 0
421 357 0
412 366 0
404 376 0
402 385 0
405 393 0
410 393 0
422 387 0
445 363 0
453 348 0
455 343 0
457 355 0
461 370 0
465 378 0
474 382 0
488 378 0
509 366 0
516 363 0
521 362 0
524 366 0
526 370 0
528 373 0
531 371 0
532 357 0
532 342 0
533 335 0
534 333 0
539 331 0
545 329 1
581 237 0
582 246 0
582 255 0
583 266 0
583 310 0
576 358 0
575 370 0
575 375 0
575 379 0
568 365 0
563 351 0
562 346 0
561 343 0
568 340 0
585 335 0
597 331 0
605 329 0
608 329 0
612 328 0
612 336 0
612 345 0
619 359 0
630 367 0
636 368 0
640 366 0
657 350 0
664 333 0
663 327 0
658 322 0
649 320 0
638 324 0
632 328 0
630 333 1
721 327 0
721 330 0
719 334 0
716 344 0
716 354 0
716 362 0
718 367 0
720 369 0
736 352 0
749 337 0
753 335 0
755 341 0
758 348 0
763 355 1
834 310 0
831 312 0
824 319 0
813 335 0
807 350 0
809 358 0
815 361 0
824 360 0
842 345 0
869 307 0
873 279 0
873 253 0
872 249 0
869 248 0
861 261 0
851 289 0
846 312 0
847 330 0
852 337 0
859 338 0
867 340 0
875 342 0
881 346 0
888 352 0
894 361 0
903 370 0
915 377 0
934 387 1
