you
453 312 0
451 327 0
451 344 0
456 354 0
464 356 0
475 353 0
488 347 0
500 338 0
508 332 0
512 330 0
515 331 0
519 335 0
524 345 0
528 368 0
529 393 0
525 409 0
518 422 0
503 439 0
496 443 0
487 441 0
479 423 0
485 394 0
501 369 0
525 352 0
549 334 0
569 322 0
578 316 0
581 314 0
584 313 0
584 318 0
581 331 0
583 348 0
589 359 0
593 361 0
603 358 0
614 346 0
619 333 0
617 325 0
613 315 0
609 311 0
604 308 0
600 309 0
613 310 0
635 308 0
643 308 0
648 310 0
652 314 0
655 322 0
658 333 0
661 337 0
664 342 0
670 345 0
678 345 0
691 341 0
700 336 0
705 337 0
708 338 0
711 341 0
728 348 0
748 354 1
