jones
556 330 0
557 336 0
558 362 0
564 390 0
567 417 0
565 437 0
561 449 0
558 455 0
555 458 0
551 457 0
548 449 0
551 433 0
561 410 0
577 391 0
596 372 0
620 356 0
633 346 0
636 343 0
640 342 0
637 352 0
636 357 0
634 371 0
639 379 0
650 379 0
663 373 0
671 367 0
673 361 0
673 357 0
668 349 0
661 342 0
656 338 0
653 335 0
663 334 0
685 327 0
699 324 0
706 325 0
711 328 0
715 336 0
718 347 0
722 357 0
727 361 0
736 363 0
743 361 0
751 359 0
757 357 0
762 357 0
768 359 0
775 364 0
781 370 0
791 375 0
806 376 0
824 368 0
838 360 0
846 352 0
850 342 0
850 334 0
847 331 0
844 330 0
839 332 0
831 339 0
825 348 0
824 358 0
826 365 0
832 369 0
834 371 1
906 323 0
902 326 0
897 333 0
896 339 0
897 343 0
900 348 0
903 354 0
905 360 0
906 366 0
905 369 0
897 375 1
577 211 0
574 215 1
