wilper
326 322 0
326 325 0
326 339 0
329 361 0
332 375 0
336 382 0
345 382 0
359 375 0
375 362 0
383 358 0
389 358 0
391 358 0
397 362 0
406 369 0
418 369 0
427 365 0
435 357 0
441 347 0
443 339 0
443 332 0
443 329 0
443 327 0
446 326 0
450 327 0
460 329 0
471 330 0
476 331 0
480 330 0
483 331 0
484 335 0
484 343 0
486 355 0
490 366 0
497 373 0
507 373 0
516 370 1
555 343 0
555 346 0
561 339 0
567 326 0
572 308 0
573 288 0
571 275 0
569 267 0
566 264 0
561 266 0
554 273 0
541 310 0
545 369 0
550 378 0
557 382 0
568 382 0
586 373 0
599 362 0
603 359 0
607 355 0
610 354 0
613 355 0
614 359 0
615 373 0
616 396 0
618 413 0
619 420 0
620 426 0
619 406 0
618 369 0
622 360 0
628 345 0
636 337 0
642 334 0
644 335 0
649 343 0
649 361 0
643 375 0
636 381 0
632 384 1
684 338 0
687 342 0
692 344 0
697 337 0
698 329 0
697 323 0
695 320 0
690 328 0
688 342 0
689 353 0
696 360 0
704 364 0
708 365 0
716 366 0
729 368 0
738 369 0
742 369 0
745 367 0
747 359 0
749 352 0
750 346 0
752 340 0
755 334 0
762 327 1
499 232 0
492 242 1
