octo
444 332 0
438 332 0
430 332 0
418 335 0
402 345 0
388 367 0
383 384 0
382 400 0
387 407 0
398 406 0
423 392 0
443 373 0
451 361 0
452 358 0
453 352 0
451 350 0
448 351 0
469 351 0
490 349 0
495 348 1
555 342 0
550 343 0
543 344 0
533 349 0
520 359 0
511 374 0
509 383 0
512 392 0
519 397 0
524 397 1
594 266 0
597 279 0
600 306 0
600 338 0
598 367 0
597 387 0
596 397 0
596 400 0
596 402 0
594 393 0
589 372 0
588 365 0
589 362 0
590 360 0
600 357 0
618 356 0
642 354 0
657 355 0
662 355 0
666 355 0
671 353 0
665 357 0
663 361 0
661 369 0
666 384 0
674 392 0
682 392 0
691 388 0
695 379 0
695 371 0
693 362 0
690 353 0
716 352 0
740 349 0
753 347 1
