each
392 320 0
390 324 0
392 328 0
400 330 0
411 326 0
426 318 0
438 308 0
442 300 0
441 295 0
440 292 0
428 293 0
417 300 0
405 317 0
396 340 0
392 362 0
395 371 0
402 375 0
432 373 0
452 369 0
463 367 1
518 323 0
512 322 0
504 322 0
496 323 0
485 327 0
476 334 0
470 342 0
465 353 0
464 363 0
470 366 0
480 363 0
497 350 0
511 337 0
515 333 0
516 331 0
519 329 0
523 336 0
527 344 0
533 349 1
596 302 0
590 307 0
579 317 0
563 335 0
556 346 0
556 356 0
559 363 0
565 366 0
580 362 0
607 343 0
624 318 0
635 292 0
639 268 0
638 258 0
638 256 0
634 256 0
628 269 0
620 295 0
618 318 0
622 331 0
628 337 0
636 338 0
651 332 0
662 329 0
668 329 0
672 331 0
680 340 0
688 347 0
691 351 1
