are
535 303 0
529 303 0
521 304 0
509 311 0
493 335 0
490 348 0
491 355 0
498 357 0
507 353 0
522 344 0
540 329 0
544 326 0
548 322 0
550 319 0
553 318 0
553 326 0
553 339 0
556 351 0
561 355 0
575 350 0
598 335 0
612 325 0
616 322 0
619 321 0
622 323 0
623 328 0
624 337 0
626 343 0
629 330 0
630 323 0
633 320 0
637 319 0
646 320 0
661 323 0
688 324 0
708 321 0
719 317 0
725 313 0
728 306 0
727 299 0
724 297 0
718 300 0
705 312 0
691 335 0
688 348 0
692 355 0
719 357 0
732 357 0
748 356 0
764 355 1
