and
479 330 0
475 330 0
467 330 0
457 330 0
442 334 0
427 343 0
416 357 0
406 373 0
404 380 0
405 384 0
409 388 0
421 384 0
439 372 0
449 364 0
457 358 0
459 356 0
463 352 0
464 358 0
465 367 0
469 373 0
477 375 0
495 367 0
518 352 0
531 342 0
538 339 0
543 342 0
544 348 0
545 360 0
547 369 0
553 369 0
566 360 0
585 348 0
592 345 0
596 344 0
597 354 0
597 362 0
600 370 0
604 371 1
700 343 0
695 342 0
687 341 0
677 342 0
669 345 0
662 351 0
657 358 0
654 366 0
654 371 0
659 373 0
670 368 0
691 350 0
705 327 0
713 311 0
718 292 0
723 273 0
725 267 0
723 282 0
719 308 0
715 336 0
714 360 0
719 368 0
725 373 1
