quantity
401 298 0
391 294 0
382 292 0
365 296 0
346 312 0
341 324 0
341 330 0
345 333 0
354 331 0
373 318 0
386 311 0
390 310 0
394 311 0
399 328 0
400 365 0
402 383 0
404 393 0
406 398 1
453 286 0
453 290 0
452 299 0
453 307 0
454 314 0
455 317 0
458 316 0
467 307 0
474 298 0
478 295 0
482 303 0
484 309 0
488 313 1
570 287 0
563 284 0
553 286 0
544 291 0
536 300 0
534 310 0
534 318 0
538 321 0
545 321 0
556 313 0
564 305 0
569 298 0
571 295 0
575 299 0
577 309 0
585 318 0
594 320 0
604 317 0
613 314 0
619 312 0
623 311 0
627 313 0
633 316 0
641 315 0
655 316 0
664 318 0
669 320 0
674 321 1
727 206 0
727 216 0
727 235 0
725 265 0
724 292 0
723 305 0
723 312 0
723 316 0
719 307 0
719 297 0
722 293 0
729 288 0
738 285 0
754 279 0
762 278 0
766 278 0
771 283 0
773 290 0
775 297 0
777 304 0
778 308 1
823 203 0
823 214 0
824 237 0
828 263 0
827 284 0
827 294 0
826 299 0
826 303 0
824 307 0
824 315 0
826 301 0
828 290 0
829 287 0
833 282 0
836 281 0
840 280 0
845 281 0
847 283 0
850 292 0
853 309 0
859 316 0
865 315 0
872 313 0
879 305 0
886 296 0
889 294 0
893 291 0
896 295 0
899 302 0
903 324 0
906 351 0
904 371 0
901 388 0
892 398 0
886 400 0
876 394 0
870 374 0
878 348 0
897 325 0
905 317 0
914 305 1
775 220 0
775 224 1
