them
481 217 0
482 226 0
480 245 0
475 290 0
468 315 0
464 344 0
463 369 0
467 385 0
471 392 0
477 396 0
493 407 0
507 417 1
459 321 0
459 324 0
485 323 0
514 317 0
530 313 1
557 246 0
551 271 0
547 298 0
545 326 0
542 350 0
539 375 0
540 379 0
542 383 0
553 376 0
575 363 0
592 353 0
600 350 0
605 352 0
608 353 0
615 368 0
621 373 0
632 375 0
658 367 0
679 355 0
695 337 0
698 329 0
698 326 0
697 323 0
690 322 0
681 324 0
667 332 0
657 346 0
653 358 0
652 363 0
658 369 0
671 366 0
693 355 0
707 345 0
714 337 0
720 329 0
724 326 0
725 341 0
725 353 0
726 361 0
726 365 0
733 365 0
743 357 0
754 348 0
762 342 0
770 339 0
774 338 0
778 342 0
781 352 0
784 361 0
788 365 0
795 364 0
813 357 0
834 347 0
844 347 0
847 350 0
853 358 0
859 365 0
874 370 0
886 372 0
903 374 1
