instructions
127 312 0
122 329 0
118 345 0
119 357 0
123 364 0
134 361 0
150 345 0
166 328 0
171 321 0
174 319 0
177 320 0
180 324 0
182 330 0
185 333 0
191 331 0
200 326 0
209 321 0
213 319 0
218 317 0
219 324 0
221 331 0
223 335 0
227 338 0
230 338 1
292 298 0
288 302 0
284 304 0
280 306 0
278 310 0
283 317 0
290 323 0
299 330 0
303 332 0
306 338 0
300 348 0
285 359 0
272 361 0
264 358 0
263 355 1
367 231 0
367 234 0
367 242 0
369 261 0
364 290 0
361 309 0
357 331 0
354 341 0
352 351 0
350 361 0
349 365 0
347 369 0
344 354 0
338 340 0
335 332 0
333 328 0
332 326 0
353 320 0
378 312 0
395 308 0
403 306 0
407 307 0
409 312 0
410 320 0
409 327 0
408 333 0
406 336 0
407 338 0
407 341 0
407 345 0
407 350 0
408 353 0
410 357 0
411 361 0
410 352 0
407 339 0
405 333 0
406 330 0
409 326 0
416 322 0
423 319 0
427 318 0
431 317 0
435 316 0
437 317 0
440 317 0
442 317 0
444 321 0
443 331 0
444 338 0
455 342 0
468 337 0
476 332 0
478 331 0
482 329 0
483 333 0
486 337 0
496 340 1
543 310 0
541 314 0
538 316 0
536 320 0
533 324 0
530 332 0
529 339 0
529 343 1
610 234 0
611 239 0
611 246 0
609 264 0
606 286 0
603 308 0
599 324 0
595 334 0
593 340 0
592 344 0
588 339 0
588 331 0
588 327 0
594 319 0
602 316 0
609 315 0
615 314 0
621 314 0
625 314 0
630 314 0
632 314 0
633 320 0
633 326 0
633 334 0
636 340 0
642 342 0
653 340 0
661 339 0
676 334 1
710 305 0
701 306 0
694 309 0
688 315 0
685 322 0
683 330 0
684 335 0
691 338 0
700 335 0
711 328 0
719 322 0
720 317 0
720 312 0
720 309 0
727 308 0
732 308 0
737 308 0
740 309 0
743 311 0
747 316 0
749 319 0
752 323 0
762 319 0
770 318 0
774 318 0
779 321 0
782 322 0
785 327 0
787 331 0
790 334 0
793 335 1
857 287 0
846 293 0
834 299 0
827 303 0
824 305 0
826 309 0
836 315 0
848 323 0
850 327 0
846 334 0
844 336 1
665 237 0
663 242 1
139 226 0
139 230 1
