die
580 361 0
564 355 0
553 357 0
539 362 0
526 374 0
521 384 0
519 395 0
520 401 0
527 403 0
542 394 0
566 372 0
581 346 0
589 322 0
591 303 0
590 289 0
590 278 0
590 273 0
590 269 0
590 277 0
584 307 0
579 340 0
576 376 0
576 392 0
579 403 0
590 402 0
612 389 0
625 376 0
628 373 0
631 369 0
634 372 0
637 381 0
641 391 0
650 398 0
667 397 0
695 386 0
709 374 0
715 365 0
717 354 0
718 348 0
714 345 0
708 349 0
700 358 0
693 372 0
690 387 0
693 396 0
705 400 0
722 401 0
737 401 1
670 287 0
666 292 1
