now
366 297 0
366 312 0
367 344 0
368 368 0
371 376 0
375 379 0
381 373 0
397 356 0
407 345 0
410 345 0
413 345 0
420 352 0
426 357 0
429 359 1
504 312 0
498 315 0
492 323 0
485 345 0
483 360 0
484 365 0
489 369 0
498 363 0
505 352 0
507 338 0
506 330 0
503 325 0
497 321 0
494 320 0
501 323 0
518 320 0
542 317 0
553 316 0
557 316 0
560 316 0
562 323 0
565 332 0
567 343 0
569 346 0
572 349 0
582 340 0
588 331 0
591 329 0
594 329 0
598 334 0
602 340 0
608 345 0
618 347 0
627 343 0
633 337 0
637 328 0
640 320 0
642 313 0
644 310 1
