ten
496 253 0
497 257 0
496 263 0
492 295 0
489 334 0
486 360 0
486 374 0
490 382 0
501 388 0
519 391 0
535 392 0
543 392 1
481 346 0
487 348 0
501 351 0
529 352 0
552 350 0
559 347 0
563 345 0
569 343 0
573 341 0
577 340 0
579 338 0
573 335 0
568 335 0
563 338 0
559 342 0
559 352 0
560 363 0
563 371 0
568 375 0
578 374 0
588 369 0
596 361 0
600 356 0
604 351 0
607 352 0
608 358 0
613 369 0
615 374 0
617 374 0
635 367 0
657 354 0
666 352 0
671 353 0
675 357 0
679 362 0
687 368 0
698 369 0
720 372 1
