you
469 294 0
476 319 0
481 333 0
488 339 0
495 338 0
503 332 0
513 322 0
516 318 0
521 314 0
524 315 0
528 327 0
532 347 0
534 370 0
533 395 0
530 408 0
525 417 0
516 423 0
503 423 0
494 418 0
490 408 0
492 395 0
510 369 0
538 339 0
562 321 0
583 309 0
590 305 0
593 305 0
590 309 0
585 320 0
584 330 0
585 335 0
599 334 0
614 324 0
618 320 0
621 318 0
620 315 0
617 311 0
614 306 0
611 301 0
611 299 0
619 303 0
627 303 0
642 300 0
664 294 0
668 294 0
672 294 0
675 302 0
677 311 0
679 319 0
680 324 0
682 327 0
685 325 0
692 322 0
696 319 0
699 318 0
706 320 0
712 325 0
725 330 0
750 333 0
768 333 0
774 333 1
