deductions
272 336 0
266 333 0
256 331 0
243 330 0
232 330 0
216 340 0
200 366 0
195 383 0
197 391 0
204 396 0
213 395 0
237 378 0
268 345 0
279 323 0
292 297 0
299 277 0
301 271 0
302 266 0
302 264 0
298 273 0
284 299 0
275 330 0
271 357 0
273 373 0
279 380 0
291 384 0
308 382 0
322 374 0
337 359 0
342 350 0
342 345 0
338 344 0
329 353 0
318 372 0
315 381 0
316 387 0
323 390 0
325 391 1
431 331 0
423 333 0
410 335 0
396 340 0
377 350 0
364 365 0
357 377 0
354 387 0
358 393 0
361 395 0
367 393 0
406 361 0
430 323 0
443 298 0
448 278 0
451 267 0
453 261 0
453 271 0
446 301 0
438 331 0
435 360 0
435 374 0
439 381 0
444 384 0
456 378 0
474 358 0
483 340 0
488 332 0
490 329 0
492 334 0
490 354 0
492 366 0
493 372 0
505 369 0
522 354 0
528 348 0
531 347 0
533 348 0
535 351 0
538 361 0
542 370 0
546 375 0
549 377 1
622 325 0
617 328 0
608 331 0
592 335 0
582 341 0
574 348 0
569 356 0
565 367 0
565 372 0
566 374 0
580 375 0
604 373 0
621 372 1
651 272 0
651 276 0
650 282 0
650 297 0
649 324 0
649 344 0
648 355 0
648 363 0
648 367 0
649 370 0
649 372 0
649 375 0
648 371 0
645 364 0
646 356 0
646 350 0
655 344 0
667 338 0
675 336 0
684 337 0
688 338 0
692 341 0
692 349 0
692 358 0
694 365 0
697 370 0
704 371 0
716 366 0
730 360 0
745 352 1
810 315 0
804 317 0
784 326 0
765 341 0
759 351 0
758 358 0
759 361 0
766 365 0
777 362 0
786 356 0
793 347 0
796 337 0
798 330 0
798 328 0
807 332 0
816 331 0
826 329 0
836 328 0
844 330 0
848 335 0
850 340 0
850 345 0
850 349 0
850 351 0
860 352 0
873 351 0
884 351 0
892 353 0
898 355 0
902 357 0
904 359 0
907 361 1
958 311 0
953 313 0
945 316 0
937 323 0
934 330 0
935 337 0
940 342 0
947 347 0
954 354 0
957 362 0
951 368 0
936 372 0
922 373 0
907 374 1
710 238 0
707 242 0
703 246 0
702 249 1
