shoes
453 290 0
445 295 0
432 304 0
420 314 0
415 321 0
417 324 0
420 328 0
428 333 0
437 341 0
443 348 0
445 355 0
443 361 0
439 366 0
436 368 1
483 223 0
483 229 0
483 250 0
482 290 0
483 314 0
483 330 0
484 336 0
487 339 0
496 339 0
502 339 0
508 343 0
514 350 0
519 357 0
521 361 0
526 363 1
606 304 0
601 307 0
595 309 0
586 316 0
578 326 0
573 341 0
572 351 0
575 355 0
583 355 0
596 348 0
608 337 0
612 328 0
613 324 0
612 317 0
615 317 0
624 316 1
659 336 0
662 339 0
670 331 0
675 321 0
675 311 0
670 304 0
663 299 0
656 299 0
649 305 0
643 319 0
639 335 0
642 345 0
652 351 0
670 353 0
690 355 1
742 290 0
731 296 0
720 303 0
715 311 0
715 318 0
718 324 0
726 332 0
732 339 0
735 342 0
736 347 0
729 354 0
719 359 0
699 367 1
