said
490 315 0
482 321 0
472 331 0
469 341 0
471 347 0
476 352 0
489 359 0
504 370 0
509 377 0
513 384 0
513 391 0
507 398 0
496 402 0
487 403 1
588 344 0
585 343 0
577 342 0
565 347 0
552 358 0
546 370 0
543 378 0
545 381 0
549 384 0
557 383 0
565 376 0
572 368 0
577 362 0
580 359 0
583 357 0
586 361 0
587 368 0
590 374 0
594 380 0
602 383 0
617 378 0
630 368 0
636 359 0
639 354 0
642 351 0
645 352 0
646 358 0
649 363 0
654 369 0
660 371 0
668 372 1
752 337 0
746 336 0
737 335 0
723 337 0
711 343 0
702 351 0
696 361 0
693 366 0
693 372 0
699 377 0
713 373 0
738 352 0
753 328 0
760 303 0
762 284 0
763 274 0
763 268 0
763 265 0
764 278 0
762 306 0
762 336 0
765 361 0
770 371 0
778 376 1
656 262 0
655 265 1
