delivered
356 348 0
353 348 0
347 346 0
340 343 0
329 341 0
316 344 0
304 353 0
297 366 0
294 379 0
297 387 0
303 390 0
313 387 0
330 369 0
347 343 0
357 317 0
362 294 0
367 271 0
368 263 0
370 269 0
364 298 0
354 345 0
350 371 0
352 372 0
361 381 0
381 379 0
404 363 0
417 350 0
421 343 0
421 338 0
421 334 0
418 335 0
405 342 0
401 355 0
402 370 0
407 376 0
415 381 0
427 377 0
451 354 0
472 311 0
477 281 0
478 260 0
478 251 0
477 249 0
468 260 0
453 298 0
442 343 0
449 372 0
464 391 0
471 391 0
479 385 0
490 365 0
495 351 0
497 347 0
498 345 0
501 347 0
507 360 0
513 370 0
516 376 1
541 333 0
543 337 0
547 348 0
551 359 0
555 365 0
559 367 0
575 331 0
585 322 0
590 321 0
595 322 0
597 325 0
598 329 0
601 337 0
604 340 0
611 343 0
622 340 0
633 334 0
639 325 0
640 319 0
639 315 0
634 310 0
627 313 0
620 319 0
612 330 0
609 343 0
609 354 0
613 363 0
622 366 0
626 365 0
629 364 0
645 355 0
660 348 0
665 349 0
669 355 0
671 364 0
672 371 0
673 373 0
676 374 0
679 361 0
681 354 0
688 352 0
696 353 0
708 353 0
723 349 0
734 343 0
738 338 0
739 332 0
738 327 0
732 324 0
727 323 0
721 332 0
716 345 0
713 359 0
712 368 0
724 378 0
748 379 0
768 380 1
824 334 0
824 338 0
818 340 0
806 344 0
790 349 0
778 357 0
773 364 0
772 370 0
774 374 0
779 374 0
795 364 0
816 340 0
827 315 0
833 288 0
833 270 0
833 265 0
833 262 0
833 267 0
832 299 0
836 350 0
843 364 0
846 366 1
543 241 0
539 247 1
