shirts
450 319 0
443 320 0
432 326 0
422 339 0
419 350 0
419 358 0
426 363 0
438 367 0
458 375 0
464 379 0
467 384 0
461 394 0
453 403 0
441 407 0
433 405 1
494 251 0
494 261 0
497 314 0
498 361 0
500 377 0
500 383 0
500 385 0
509 379 0
520 368 0
527 362 0
532 359 0
535 357 0
538 357 0
543 364 0
548 367 0
554 369 0
563 367 0
574 363 0
581 361 0
588 360 0
591 367 0
593 372 0
595 375 0
601 376 0
620 375 0
641 373 0
647 375 0
650 377 0
655 381 0
655 369 0
655 360 0
655 353 0
657 349 0
664 346 0
668 343 1
690 246 0
692 251 0
695 265 0
699 321 0
698 346 0
697 362 0
697 370 0
697 373 0
697 377 0
696 371 0
696 365 0
697 361 0
699 357 0
704 352 0
708 350 1
769 317 0
764 323 0
759 330 0
756 337 0
756 340 0
760 343 0
771 351 0
786 360 0
789 365 0
781 373 0
761 377 0
741 382 0
738 383 1
598 272 0
595 277 1
