purchasing
307 326 0
307 332 0
305 348 0
302 376 0
298 401 0
295 413 0
294 420 0
293 424 0
289 401 0
290 352 0
292 339 0
297 334 0
309 323 0
322 318 0
330 318 0
335 322 0
340 331 0
339 343 0
337 358 0
330 367 0
323 371 0
319 369 0
316 368 1
383 319 0
382 324 0
380 330 0
375 341 0
373 357 0
378 369 0
386 371 0
399 363 0
414 347 0
422 337 0
424 334 0
427 331 0
426 338 0
426 347 0
426 357 0
429 364 0
436 366 0
442 365 0
450 364 0
458 363 0
465 364 0
468 365 0
472 366 0
474 367 0
473 360 0
473 354 0
474 351 0
475 348 0
485 340 0
492 335 0
505 325 1
549 330 0
543 333 0
536 338 0
527 344 0
522 354 0
521 362 0
523 366 0
530 365 0
548 356 0
572 337 0
589 313 0
600 286 0
603 263 0
605 255 0
589 290 0
582 317 0
579 334 0
580 340 0
583 342 0
594 342 0
603 340 0
610 340 0
615 341 0
619 344 0
622 347 0
626 351 0
631 357 1
695 326 0
684 326 0
672 330 0
665 335 0
661 341 0
658 348 0
658 355 0
665 359 0
674 358 0
685 354 0
698 347 0
706 342 0
709 340 0
711 339 0
713 340 0
714 344 0
715 349 0
717 355 0
722 357 1
790 305 0
779 310 0
769 315 0
764 318 0
759 324 0
760 327 0
764 333 0
765 337 0
767 342 0
764 348 0
759 354 0
750 360 0
747 362 1
816 316 0
816 319 0
809 338 0
806 346 0
807 349 0
817 348 0
828 340 0
842 328 0
847 325 0
850 323 0
853 323 0
854 327 0
854 334 0
854 341 0
856 344 0
859 346 0
867 346 0
883 338 0
898 331 0
905 329 0
909 329 0
913 332 0
917 338 0
918 342 0
918 345 0
923 348 1
990 328 0
981 327 0
973 328 0
967 332 0
964 336 0
962 341 0
966 344 0
976 338 0
983 333 0
989 329 0
995 327 0
999 326 0
1002 331 0
1006 344 0
1010 370 0
1011 388 0
1007 407 0
1004 416 0
997 420 0
986 420 0
977 417 0
974 408 0
983 390 0
997 367 0
1005 353 1
815 234 0
816 238 1
