pair
442 317 0
446 342 0
450 382 0
449 410 0
449 433 0
448 443 0
447 445 0
441 436 0
435 408 0
435 353 0
443 326 0
456 310 0
467 305 0
478 306 0
484 312 0
489 324 0
490 341 0
487 351 0
479 359 0
468 363 0
453 368 0
446 370 1
582 313 0
578 313 0
570 313 0
560 313 0
550 317 0
541 322 0
531 334 0
526 345 0
526 352 0
528 356 0
533 355 0
541 349 0
554 334 0
559 329 0
563 325 0
565 323 0
567 321 0
567 331 0
567 334 0
568 342 0
578 349 0
588 349 0
601 343 0
617 328 0
620 324 0
624 320 0
626 327 0
626 336 0
630 344 0
636 351 0
642 352 0
655 349 0
667 346 0
675 345 0
680 347 0
684 349 0
689 361 0
691 365 0
692 367 0
693 358 0
693 350 0
694 331 0
695 327 0
697 324 0
704 321 0
707 320 1
646 235 0
645 238 1
