deliver
455 333 0
451 330 0
431 325 0
416 324 0
404 333 0
392 350 0
383 369 0
382 378 0
385 381 0
394 379 0
413 364 0
433 343 0
449 316 0
462 287 0
471 265 0
476 254 0
477 252 0
472 277 0
460 325 0
458 350 0
460 366 0
466 375 0
483 376 0
511 365 0
530 345 0
533 332 0
533 329 0
526 331 0
518 339 0
511 354 0
512 369 0
517 375 0
531 377 0
554 367 0
578 340 0
594 310 0
600 282 0
597 261 0
595 254 0
593 249 0
589 247 0
584 253 0
578 273 0
571 321 0
570 352 0
574 364 0
581 370 0
592 367 0
596 365 0
614 347 0
627 328 0
631 324 0
634 323 0
637 331 0
641 339 0
645 346 0
649 348 1
675 312 0
675 318 0
678 329 0
681 340 0
683 347 0
686 350 0
692 342 0
707 315 0
718 304 0
721 302 0
723 301 0
726 309 0
726 315 0
727 321 0
731 325 0
738 328 0
751 328 0
759 327 0
778 324 0
779 292 0
771 302 0
764 302 0
754 305 0
744 313 0
735 326 0
730 341 0
729 349 0
731 356 0
738 358 0
753 354 0
776 343 0
795 334 0
804 335 0
808 336 0
813 343 0
818 352 0
825 358 0
827 338 0
828 324 0
832 316 0
834 312 0
844 307 0
850 304 1
664 234 0
659 241 1
