those
372 278 0
371 288 0
369 308 0
369 338 0
375 362 0
381 373 0
388 384 0
403 392 0
418 401 0
421 402 1
369 363 0
365 360 0
381 358 0
393 356 0
408 353 1
426 292 0
426 297 0
426 311 0
426 336 0
427 359 0
428 369 0
431 373 0
437 374 0
443 371 0
452 368 0
462 368 0
468 370 0
472 374 0
477 379 0
483 384 0
494 388 0
512 396 1
527 344 0
523 354 0
519 369 0
520 378 0
525 383 0
535 381 0
551 369 0
559 357 0
561 350 0
561 347 0
557 343 0
552 345 0
547 351 1
632 329 0
623 332 0
617 335 0
616 343 0
621 349 0
627 356 0
631 362 0
634 369 0
634 375 0
630 379 0
623 382 1
675 362 0
684 364 0
693 361 0
705 353 0
711 345 0
713 342 0
712 339 0
705 334 0
695 336 0
686 344 0
680 358 0
679 372 0
688 381 0
721 388 0
741 392 0
747 393 1
