commissioned
163 298 0
160 298 0
155 300 0
149 306 0
142 315 0
132 333 0
126 353 0
126 367 0
131 372 0
139 373 1
204 321 0
202 326 0
199 336 0
202 355 0
215 364 0
230 357 0
248 339 0
254 329 0
256 323 0
253 319 0
246 317 0
239 316 0
232 317 0
225 317 1
281 310 0
281 314 0
281 321 0
281 329 0
280 337 0
279 349 0
280 354 0
287 349 0
297 337 0
304 330 0
310 328 0
315 331 0
317 336 0
319 342 0
321 350 0
329 347 0
344 330 0
356 320 0
360 322 0
361 329 0
364 338 0
364 342 1
386 312 0
386 317 0
386 326 0
386 334 0
387 343 0
387 350 0
387 353 0
387 356 0
398 343 0
404 334 0
408 331 0
412 330 0
414 330 0
416 335 0
419 341 0
422 346 0
428 343 0
436 338 0
441 335 0
445 334 0
450 340 0
456 346 0
460 348 0
467 344 0
476 338 0
484 332 0
490 328 0
494 326 0
497 327 0
499 331 0
502 337 0
505 341 0
512 342 0
520 339 1
575 299 0
567 303 0
562 307 0
558 312 0
562 316 0
566 321 0
569 327 0
573 334 0
574 338 0
572 341 0
566 345 1
627 296 0
625 300 0
621 305 0
616 310 0
615 314 0
615 317 0
621 322 0
624 326 0
625 331 0
624 334 0
620 339 0
611 345 1
652 312 0
653 316 0
652 319 0
651 325 0
651 330 0
652 335 0
655 339 0
662 342 0
666 343 1
724 309 0
720 310 0
713 311 0
708 312 0
704 317 0
701 324 0
701 332 0
702 336 0
709 338 0
720 336 0
728 329 0
732 324 0
734 321 0
733 319 0
732 314 0
741 312 0
749 312 0
757 313 0
761 314 0
765 316 0
767 322 0
769 329 0
771 336 0
772 339 0
775 343 0
781 340 0
794 331 0
806 324 0
810 322 0
812 321 0
815 324 0
817 329 0
821 333 0
831 338 0
847 335 0
861 327 0
868 321 0
870 315 0
871 309 0
870 306 0
867 305 0
860 315 0
856 328 0
855 336 0
859 340 0
869 342 0
885 343 0
891 343 1
966 309 0
960 309 0
951 312 0
939 317 0
925 327 0
915 338 0
912 345 0
918 348 0
931 341 0
955 323 0
978 295 0
984 286 0
984 282 0
986 272 0
986 269 0
982 282 0
981 299 0
984 320 0
990 332 0
1005 340 0
1023 346 0
1039 350 1
680 222 0
679 225 0
675 230 1
511 225 0
510 229 1
