stopped
393 282 0
384 285 0
369 294 0
357 305 0
353 313 0
354 319 0
360 326 0
372 336 0
384 345 0
391 353 0
392 361 0
389 368 0
385 374 0
375 379 0
367 382 0
364 381 1
436 231 0
436 236 0
433 256 0
429 301 0
424 341 0
421 368 0
419 383 0
417 390 0
416 379 0
417 372 0
418 366 0
424 362 0
434 357 0
446 353 0
455 351 0
460 350 0
463 349 0
463 355 0
460 364 0
461 374 0
467 381 0
477 385 0
491 381 0
509 363 0
516 351 0
516 341 0
511 333 0
507 329 0
501 328 0
490 334 0
478 344 0
461 356 1
549 353 0
550 361 0
548 389 0
544 428 0
542 434 0
540 437 0
539 427 0
537 396 0
539 368 0
548 342 0
562 324 0
575 315 0
586 315 0
590 316 0
593 324 0
591 333 0
582 346 0
568 356 0
557 360 0
553 362 1
623 337 0
623 352 0
621 378 0
617 405 0
613 421 0
612 427 0
611 410 0
613 374 0
618 350 0
627 329 0
637 322 0
649 318 0
660 318 0
666 320 0
670 326 0
670 335 0
665 347 0
653 363 0
643 368 1
695 342 0
700 344 0
706 343 0
710 339 0
714 334 0
715 330 0
710 322 0
707 322 0
702 327 0
697 338 0
693 354 0
696 366 0
702 372 0
716 373 0
735 374 0
740 374 1
829 323 0
822 322 0
801 322 0
780 327 0
770 335 0
760 348 0
753 362 0
751 372 0
752 375 0
762 375 0
782 364 0
802 339 0
820 301 0
831 270 0
834 263 0
836 259 0
835 271 0
827 306 0
821 341 0
824 357 0
832 367 0
852 373 0
871 376 0
881 378 1
