fective
341 336 0
348 334 0
359 327 0
375 312 0
389 292 0
394 277 0
396 266 0
396 258 0
394 252 0
391 250 0
385 256 0
382 270 0
378 302 0
376 331 0
375 358 0
375 378 0
375 387 0
375 395 0
375 398 0
376 392 0
378 377 0
380 366 0
386 357 0
397 349 0
409 345 0
424 342 0
434 341 0
442 338 0
448 332 0
451 327 0
451 322 0
449 319 0
444 317 0
439 319 0
434 326 0
429 337 0
429 352 0
434 360 0
441 362 1
533 309 0
525 313 0
513 319 0
503 328 0
495 338 0
490 349 0
489 360 0
491 365 0
498 368 0
503 367 1
555 262 0
553 277 0
552 300 0
550 326 0
550 342 0
551 352 0
553 358 0
562 343 0
572 336 0
584 334 0
591 335 0
595 336 0
599 338 0
601 342 0
603 346 0
602 351 1
630 320 0
632 324 0
634 336 0
637 344 0
639 349 0
641 354 0
646 351 0
651 341 0
660 323 0
663 319 1
684 345 0
688 348 0
694 344 0
702 336 0
707 327 0
708 320 0
707 317 0
704 315 0
700 315 0
695 325 0
688 352 0
689 365 0
697 371 0
715 369 0
736 366 0
744 365 1
630 237 0
627 240 0
622 246 0
617 261 0
610 282 1
