hats
415 251 0
414 257 0
410 276 0
408 303 0
405 349 0
403 364 0
404 367 0
404 374 0
413 370 0
430 353 0
445 341 0
453 339 0
460 340 0
463 342 0
470 348 0
477 355 0
483 361 0
491 365 0
495 366 1
569 327 0
565 326 0
557 327 0
551 332 0
545 342 0
541 351 0
540 353 0
539 356 0
552 353 0
558 350 0
562 349 0
565 349 0
567 351 0
569 358 0
574 362 0
581 362 1
629 233 0
631 250 0
631 281 0
631 309 0
631 336 0
632 356 0
632 362 0
624 337 0
621 326 0
626 325 0
635 328 1
701 310 0
697 314 0
693 321 0
692 327 0
696 333 0
702 340 0
708 349 0
711 357 0
711 365 0
706 371 0
697 375 0
688 375 0
670 372 1
