those
396 258 0
396 262 0
394 277 0
388 311 0
382 357 0
382 371 0
383 387 0
389 402 0
397 407 0
411 407 0
428 405 0
434 404 1
361 345 0
364 347 0
370 349 0
381 348 0
394 346 0
405 343 1
435 287 0
438 290 0
440 296 0
443 305 0
446 325 0
447 355 0
445 374 0
447 382 0
448 388 0
450 391 0
456 389 0
466 384 0
479 383 0
484 387 0
489 393 0
496 400 0
504 403 0
517 401 0
536 396 0
541 395 1
564 345 0
553 353 0
542 365 0
534 383 0
533 395 0
534 402 0
540 404 0
550 399 0
561 387 0
570 368 0
570 358 0
569 348 0
569 345 0
561 356 0
555 367 0
546 383 1
642 337 0
636 340 0
630 344 0
625 349 0
623 356 0
624 363 0
630 369 0
636 374 0
640 379 0
639 386 0
632 391 1
665 374 0
669 374 0
674 373 0
680 369 0
684 365 0
684 359 0
681 353 0
678 347 0
674 345 0
669 347 0
665 356 0
663 373 0
668 389 0
682 397 0
700 400 0
718 403 1
