liver
420 384 0
432 378 0
454 350 0
470 322 0
478 294 0
480 270 0
479 260 0
479 255 0
475 252 0
470 259 0
458 283 0
443 335 0
434 379 0
435 395 0
439 411 0
445 417 0
456 414 0
474 400 0
491 378 0
504 362 0
507 369 0
507 375 0
512 415 0
514 420 0
522 417 0
524 417 1
564 360 0
567 368 0
568 378 0
571 389 0
574 397 0
578 397 0
580 394 0
585 384 0
590 369 0
593 363 0
597 361 0
603 364 0
608 365 0
613 366 0
616 367 0
621 370 0
627 372 0
633 372 0
643 368 0
650 359 0
652 351 0
651 348 0
644 349 0
638 356 0
631 371 0
630 383 0
632 393 0
638 397 0
651 398 0
668 396 0
677 395 0
684 396 0
690 400 0
696 404 0
700 407 0
703 407 0
705 403 0
706 386 0
708 360 0
714 350 0
719 345 0
725 342 1
555 280 0
546 290 1
