deliver
478 368 0
471 362 0
465 357 0
456 353 0
447 352 0
439 356 0
431 366 0
425 378 0
424 382 0
429 392 0
437 394 0
450 389 0
473 369 0
490 345 0
503 325 0
507 315 0
509 304 0
509 296 0
508 293 0
508 290 0
502 305 0
496 340 0
489 368 0
491 385 0
495 391 0
504 393 0
519 390 0
540 375 0
550 364 0
553 356 0
553 352 0
547 347 0
542 354 0
534 374 0
534 384 0
543 387 0
557 389 0
585 376 0
609 356 0
623 330 0
630 306 0
630 293 0
630 287 0
629 285 0
624 289 0
617 299 0
602 335 0
596 361 0
598 374 0
604 380 0
617 383 0
635 376 0
656 361 0
663 353 0
667 349 0
669 347 0
671 351 0
674 366 0
680 383 0
685 398 0
686 400 1
724 333 0
726 337 0
727 350 0
730 364 0
733 374 0
736 376 0
740 374 0
746 364 0
753 349 0
758 341 0
763 338 1
788 372 0
791 371 0
804 358 0
809 350 0
811 344 0
810 337 0
808 333 0
805 333 0
799 339 0
797 349 0
795 360 0
797 367 0
803 372 0
813 372 0
825 368 0
838 366 0
845 366 0
850 368 0
854 371 0
858 374 0
860 371 0
863 360 0
866 351 0
868 348 0
873 342 1
700 265 0
697 271 1
