said
546 300 0
543 300 0
535 305 0
529 316 0
530 326 0
537 336 0
548 345 0
561 353 0
567 360 0
568 366 0
563 373 0
553 380 0
542 383 0
535 378 0
535 372 1
647 323 0
644 321 0
635 320 0
627 321 0
625 322 0
614 330 0
597 353 0
593 367 0
595 371 0
597 373 0
610 367 0
628 352 0
634 342 0
638 333 0
641 329 0
644 326 0
645 334 0
647 348 0
648 362 0
652 370 0
660 370 0
670 363 0
685 348 0
695 332 0
697 326 0
699 324 0
700 328 0
701 336 0
701 339 0
704 346 0
711 352 0
720 353 0
727 353 0
731 352 1
810 335 0
801 329 0
788 326 0
775 326 0
766 330 0
757 341 0
754 353 0
754 362 0
770 359 0
775 356 0
790 336 0
801 298 0
803 279 0
803 271 0
804 268 0
805 262 0
804 277 0
803 307 0
804 333 0
807 348 0
815 361 0
824 363 1
705 258 0
704 265 1
