twenty
353 230 0
353 240 0
351 261 0
347 295 0
346 326 0
347 354 0
351 371 0
358 380 0
371 385 0
390 388 0
411 391 1
343 330 0
346 333 0
354 338 0
370 340 0
396 335 0
414 329 0
424 324 0
427 322 0
432 320 0
433 322 0
432 337 0
431 357 0
432 373 0
433 377 0
437 380 0
444 375 0
452 367 0
458 359 0
463 353 0
466 350 0
470 353 0
477 361 0
486 367 0
496 366 0
501 363 0
505 360 0
507 353 0
509 349 1
551 362 0
557 362 0
562 358 0
566 350 0
568 342 0
566 336 0
562 331 0
554 328 0
547 329 0
545 330 0
539 355 0
542 371 0
549 373 0
560 368 0
584 351 0
594 341 0
597 340 0
602 354 0
605 363 0
613 367 0
624 364 0
632 362 0
638 359 0
647 361 0
654 364 0
663 365 1
708 234 0
707 247 0
707 269 0
706 303 0
705 332 0
704 354 0
703 363 0
702 366 0
702 370 0
698 359 0
694 349 0
692 341 0
692 337 0
694 334 0
699 332 0
708 329 0
724 329 0
734 330 0
739 332 0
742 333 0
744 336 0
746 342 0
752 346 0
760 347 0
770 345 0
779 340 0
783 337 0
788 334 0
790 334 0
794 341 0
798 354 0
804 379 0
805 419 0
802 435 0
796 445 0
787 450 0
776 448 0
764 434 0
764 420 0
780 395 0
819 362 0
831 351 1
