loose
398 355 0
402 353 0
412 337 0
423 312 0
429 292 0
430 277 0
430 271 0
424 268 0
417 268 0
408 273 0
394 297 0
382 341 0
380 375 0
383 392 0
390 402 0
401 404 0
413 403 0
432 400 1
476 348 0
468 352 0
459 360 0
451 375 0
449 381 0
457 385 0
479 373 0
492 361 0
496 353 0
495 348 0
493 345 0
491 343 0
487 343 0
482 346 0
483 348 0
498 350 0
512 349 0
520 349 0
529 347 0
538 344 0
544 341 0
550 340 0
543 350 0
539 361 0
537 369 0
537 372 0
537 377 0
543 380 0
548 377 0
550 368 0
552 361 0
552 356 0
552 352 0
556 353 0
566 353 0
574 353 0
589 351 1
633 320 0
625 327 0
610 338 0
599 346 0
596 351 0
595 354 0
602 356 0
625 362 0
632 367 0
632 372 0
623 379 0
602 390 0
595 394 1
681 366 0
684 369 0
689 362 0
693 353 0
692 345 0
690 338 0
689 336 0
686 335 0
680 342 0
672 363 0
669 377 0
671 377 0
675 383 1
