paid
420 326 0
421 337 0
423 365 0
423 394 0
424 416 0
424 423 0
423 427 0
423 431 0
422 420 0
423 392 0
434 342 0
444 330 0
456 323 0
467 323 0
478 328 0
485 340 0
482 359 0
473 375 0
465 382 0
455 386 0
444 389 0
426 391 1
580 343 0
576 341 0
568 340 0
553 339 0
539 342 0
529 347 0
519 354 0
512 369 0
510 375 0
518 381 0
537 378 0
554 369 0
562 363 0
568 360 0
570 358 0
573 357 0
573 366 0
574 372 0
577 377 0
580 379 0
588 376 0
600 368 0
608 362 0
612 356 0
616 353 0
620 349 0
621 352 0
621 358 0
622 367 0
623 370 0
630 373 1
734 344 0
727 342 0
716 340 0
704 340 0
694 343 0
687 349 0
681 360 0
677 372 0
677 379 0
681 381 0
691 380 0
713 366 0
732 345 0
740 330 0
742 324 0
752 303 0
758 290 0
760 287 0
757 300 0
751 329 0
753 354 0
752 368 0
757 375 0
765 377 0
775 377 0
793 375 1
631 288 1
619 272 0
621 281 1
