days
506 323 0
501 322 0
493 321 0
481 323 0
469 331 0
456 344 0
445 366 0
444 378 0
446 386 0
451 389 0
459 387 0
479 368 0
502 333 0
515 308 0
523 282 0
527 264 0
529 259 0
530 255 0
531 251 0
532 249 0
524 275 0
517 305 0
515 331 0
519 348 0
524 360 0
530 365 0
540 366 0
554 366 0
563 365 1
620 322 0
616 322 0
609 322 0
595 325 0
584 331 0
576 340 0
570 352 0
565 365 0
569 369 0
577 367 0
588 359 0
598 346 0
604 335 0
607 328 0
610 324 0
609 341 0
609 361 0
611 372 0
614 375 0
624 373 0
633 365 0
640 353 0
644 342 0
647 334 0
648 332 0
652 344 0
656 355 0
662 361 0
667 362 0
674 358 0
684 346 0
690 340 0
694 337 0
696 339 0
698 344 0
700 346 0
702 353 0
703 363 0
704 375 0
703 395 0
702 414 0
700 423 0
696 432 0
691 438 0
683 438 0
676 436 0
674 430 0
678 414 0
693 387 0
705 370 0
714 364 0
724 354 0
735 342 1
775 312 0
764 320 0
757 326 0
756 331 0
759 334 0
766 339 0
777 344 0
784 350 0
783 356 0
776 364 0
757 375 0
743 381 0
730 385 1
