virginia
299 307 0
302 311 0
305 321 0
310 337 0
317 360 0
321 369 0
328 370 0
336 367 0
350 356 0
364 335 0
368 325 1
421 301 0
421 305 0
418 317 0
416 344 0
417 356 0
425 356 0
441 350 0
462 337 0
468 332 0
472 331 0
477 330 0
477 338 0
478 344 0
478 347 0
479 349 0
476 340 0
475 332 0
476 328 0
476 325 0
480 324 0
493 325 0
514 323 0
526 322 0
529 321 0
534 319 0
538 318 0
540 317 0
530 331 0
527 341 0
527 347 0
529 349 0
539 342 0
553 330 0
558 327 0
561 325 0
563 332 0
565 346 0
566 373 0
565 394 0
559 412 0
552 426 0
541 438 0
537 440 0
532 435 0
530 421 0
536 388 0
555 354 0
587 318 0
594 313 0
597 311 0
598 317 0
598 328 0
600 339 0
602 342 0
612 343 0
626 336 0
638 326 0
645 321 0
648 319 0
652 318 0
654 325 0
655 333 0
657 339 0
660 341 0
666 340 0
673 336 0
679 332 0
686 329 0
689 329 0
696 335 0
701 339 0
705 340 0
712 341 0
722 339 0
734 335 0
742 334 0
748 334 0
751 336 0
756 337 0
760 337 0
766 337 0
772 338 1
852 321 0
848 316 0
842 311 0
833 308 0
822 307 0
813 311 0
806 320 0
803 332 0
807 340 0
816 343 0
834 342 0
848 334 0
853 329 0
858 325 0
861 324 0
863 328 0
867 333 0
876 339 1
455 222 0
452 226 0
446 233 0
442 240 1
603 212 0
601 218 0
598 225 1
751 239 0
746 247 1
