commissary
310 262 0
304 264 0
297 267 0
288 272 0
276 285 0
269 298 0
265 309 0
265 318 0
267 324 0
273 326 0
290 324 0
316 321 1
336 300 0
336 303 0
335 307 0
334 315 0
335 321 0
339 323 0
348 316 0
359 304 0
365 295 0
365 291 0
365 285 0
361 284 0
351 283 0
349 283 1
390 277 0
390 281 0
391 286 0
392 293 0
393 299 0
394 303 0
395 305 0
399 304 0
405 297 0
411 291 0
414 288 0
421 286 0
424 292 0
427 298 0
431 303 0
435 306 0
438 309 0
448 301 0
460 291 0
464 288 0
468 287 0
471 291 0
473 297 0
475 299 1
492 282 0
492 289 0
493 293 0
495 299 0
496 302 0
497 305 0
502 302 0
510 294 0
516 289 0
521 288 0
524 289 0
526 290 0
530 296 0
533 301 0
536 304 0
544 299 0
552 295 0
558 292 0
561 293 0
567 297 0
573 301 0
579 303 1
629 278 0
630 282 0
630 291 0
631 298 0
633 304 0
640 307 1
713 265 0
704 271 0
698 276 0
695 282 0
696 288 0
698 294 0
702 300 0
707 306 0
710 312 0
713 317 0
706 325 1
763 271 0
759 274 0
756 280 0
761 283 0
771 286 0
781 291 0
784 294 0
784 298 0
777 306 0
774 308 1
841 290 0
838 288 0
831 286 0
824 284 0
816 287 0
813 290 0
809 299 0
809 307 0
814 313 0
821 315 0
829 313 0
837 310 0
842 304 0
844 300 0
846 295 0
849 297 0
852 302 0
860 308 0
869 309 0
880 308 0
888 308 0
893 308 0
896 309 0
898 311 0
901 309 0
903 301 0
903 296 0
904 291 0
907 286 0
910 285 0
914 284 0
917 284 0
923 285 0
928 286 0
932 289 0
933 293 0
933 296 0
934 300 0
942 299 0
962 283 0
968 279 0
972 276 0
976 280 0
978 287 0
980 299 0
980 316 0
976 331 0
969 342 0
962 350 0
957 353 0
951 352 0
951 343 0
956 330 0
971 308 0
981 294 0
986 286 1
632 202 0
630 208 1
