officer
416 331 0
404 329 0
394 333 0
385 340 0
376 357 0
373 369 0
376 377 0
393 375 0
405 364 0
411 353 0
413 346 0
412 339 0
411 336 0
411 332 0
414 335 0
436 331 0
461 318 0
479 302 0
488 289 0
491 279 0
492 271 0
492 265 0
487 279 0
482 306 0
479 334 0
475 363 0
473 382 0
469 395 0
467 401 0
465 405 0
463 408 0
460 394 0
459 379 0
460 373 0
467 366 0
481 361 0
506 350 0
529 335 0
543 322 0
548 315 0
549 312 0
549 299 0
547 292 0
546 288 0
545 285 0
542 289 0
540 297 0
536 326 0
532 355 0
529 381 0
527 394 0
524 402 0
522 406 0
520 408 0
518 405 0
516 398 0
516 384 0
519 375 0
523 370 0
529 367 0
538 363 0
551 359 0
561 356 0
565 354 0
568 352 0
570 350 0
571 362 0
572 373 0
575 380 0
581 383 1
647 342 0
644 343 0
631 348 0
624 353 0
619 359 0
617 367 0
618 374 0
626 379 0
655 372 0
676 361 0
684 354 0
688 347 0
688 340 0
688 338 0
686 342 0
685 352 0
684 363 0
687 371 0
693 375 0
701 376 0
713 373 0
724 371 0
732 371 0
736 372 0
740 373 0
744 375 0
746 366 0
747 356 0
748 351 0
753 347 1
606 258 0
601 271 0
595 281 0
586 295 1
