and
511 315 0
506 313 0
498 311 0
487 311 0
476 315 0
468 322 0
459 340 0
456 355 0
455 361 0
456 366 0
466 366 0
487 358 0
500 349 0
503 347 0
509 343 0
512 338 0
514 333 0
515 329 0
515 327 0
518 326 0
518 335 0
522 345 0
525 351 0
532 353 0
543 350 0
555 341 0
563 332 0
566 328 0
571 324 0
573 323 0
574 331 0
576 337 0
579 340 0
584 340 0
590 337 0
596 333 0
603 332 0
607 337 0
610 341 0
614 344 0
620 345 0
634 343 0
656 337 1
709 320 0
706 319 0
700 317 0
694 317 0
690 319 0
686 325 0
680 334 0
679 341 0
679 345 0
682 348 0
689 346 0
701 337 0
711 326 0
718 313 0
727 291 0
736 267 0
740 256 0
742 252 0
739 261 0
732 283 0
726 309 0
726 328 0
730 339 0
746 345 0
762 348 0
779 350 1
