david
438 335 0
428 332 0
414 330 0
396 333 0
376 345 0
360 365 0
352 381 0
351 398 0
356 404 0
367 402 0
404 373 0
435 336 0
444 322 0
450 304 0
463 274 0
465 268 0
467 270 0
464 287 0
456 318 0
444 363 0
440 381 0
443 389 0
450 394 0
470 391 0
487 388 0
504 384 1
539 350 0
534 349 0
526 347 0
516 346 0
506 348 0
498 353 0
490 368 0
483 381 0
487 385 0
501 383 0
520 369 0
527 363 0
533 360 0
536 363 0
541 371 0
546 374 1
595 334 0
595 338 0
596 348 0
598 357 0
599 363 0
601 366 0
603 370 0
608 365 0
611 361 0
626 343 0
635 332 0
644 322 1
673 327 0
673 332 0
671 340 0
670 351 0
670 361 0
674 366 0
680 369 1
787 334 0
778 335 0
769 336 0
758 340 0
745 348 0
738 357 0
736 365 0
738 371 0
745 371 0
754 367 0
776 343 0
791 313 0
796 295 0
800 278 0
801 273 0
802 287 0
797 316 0
796 342 0
799 361 0
807 370 0
819 371 0
831 370 0
834 370 0
849 368 1
704 249 0
701 257 0
699 261 1
