bayonets
393 233 0
392 237 0
389 251 0
389 275 0
389 309 0
390 345 0
391 363 0
392 365 0
393 371 0
399 364 0
408 346 0
417 336 0
427 331 0
438 328 0
457 327 0
468 330 0
472 337 0
469 348 0
454 371 0
436 387 0
425 393 0
418 392 1
533 337 0
520 337 0
511 338 0
501 343 0
494 354 0
490 364 0
492 373 0
496 377 0
503 376 0
514 370 0
523 357 0
527 346 0
529 340 0
533 347 0
536 361 0
541 373 0
547 378 0
555 376 0
568 368 0
578 359 0
583 352 0
586 348 0
588 345 0
592 354 0
596 360 0
601 362 0
610 360 0
621 352 0
628 347 0
631 345 0
637 342 0
639 345 0
643 359 0
645 386 0
646 412 0
643 428 0
637 440 0
627 447 0
616 451 0
606 448 0
601 441 0
603 429 0
616 410 0
632 389 0
642 375 0
646 370 1
681 346 0
679 350 0
676 360 0
674 369 0
676 378 0
682 380 0
696 377 0
717 364 0
727 351 0
728 340 0
724 332 0
721 330 0
708 326 0
700 330 0
696 336 0
695 342 1
760 325 0
760 331 0
760 343 0
760 358 0
760 365 0
762 368 0
765 367 0
771 363 0
778 360 0
784 358 0
789 358 0
792 360 0
796 365 0
804 371 0
812 374 0
823 372 0
841 363 0
855 351 0
862 337 0
863 325 0
862 321 0
859 318 0
850 322 0
839 333 0
834 347 0
833 351 0
836 358 0
857 359 0
885 359 0
887 359 1
913 237 0
913 247 0
915 272 0
916 301 0
916 329 0
914 348 0
914 356 0
914 359 0
914 362 0
910 345 0
907 327 0
906 320 0
906 316 0
920 315 0
943 315 0
965 314 1
1019 293 0
1007 300 0
999 307 0
996 314 0
995 320 0
997 325 0
1002 329 0
1005 334 0
1000 345 0
984 358 0
966 367 0
952 373 0
948 374 1
