nine
393 306 0
394 318 0
393 336 0
390 361 0
389 372 0
387 379 0
386 383 0
385 386 0
389 377 0
399 359 0
406 346 0
413 340 0
415 338 0
421 339 0
427 347 0
433 362 0
437 371 0
441 374 0
449 369 0
471 348 0
488 329 0
496 322 0
499 321 0
500 326 0
498 340 0
497 357 0
501 365 0
510 364 0
530 350 0
556 327 0
564 321 0
566 320 0
568 324 0
569 333 0
570 345 0
571 351 0
582 348 0
590 345 0
595 344 0
598 343 0
602 346 0
607 351 0
617 357 0
630 360 0
644 360 0
660 359 0
670 356 0
677 352 0
684 344 0
687 336 0
686 332 0
686 330 0
681 330 0
676 337 0
675 346 0
678 357 0
688 363 0
700 366 0
718 369 1
530 222 0
522 232 0
519 236 1
