store
428 310 0
416 321 0
408 330 0
404 337 0
404 343 0
409 351 0
421 363 0
431 375 0
436 384 0
437 394 0
433 404 0
426 411 0
416 413 0
412 412 1
480 252 0
480 256 0
481 268 0
481 300 0
480 344 0
478 380 0
477 392 0
476 396 0
475 399 0
470 394 0
466 385 0
466 378 0
469 372 0
475 366 0
485 359 0
497 354 0
503 352 0
507 351 0
511 352 0
508 364 0
508 373 0
512 380 0
522 384 0
538 381 0
551 372 0
556 362 0
556 357 0
549 352 0
539 349 0
530 348 0
523 350 1
606 336 0
604 344 0
603 353 0
600 361 0
599 367 0
598 376 0
596 381 0
596 371 0
598 357 0
601 349 0
603 345 0
607 347 0
616 348 0
634 352 0
655 356 0
666 357 0
672 354 0
676 348 0
675 340 0
670 331 0
664 328 0
660 330 0
656 339 0
654 360 0
659 374 0
673 381 0
694 385 0
714 388 1
