officer
369 288 0
365 290 0
358 294 0
351 302 0
334 325 0
331 337 0
332 346 0
337 351 0
351 350 0
371 340 0
386 326 0
392 316 0
396 305 0
395 295 0
393 289 0
390 283 0
388 289 0
387 292 0
389 295 0
394 295 0
411 288 0
437 272 0
459 256 0
472 245 0
479 237 0
482 234 0
484 230 0
485 223 0
483 220 0
479 221 0
473 224 0
464 230 0
455 242 0
448 260 0
441 287 0
438 317 0
437 346 0
435 368 0
435 377 0
435 381 0
435 383 0
430 374 0
425 358 0
424 352 0
424 350 0
428 347 0
435 343 0
458 330 0
481 315 0
500 299 0
504 292 0
519 269 0
526 253 0
527 247 0
526 244 0
525 241 0
517 245 0
512 254 0
505 275 0
500 301 0
498 324 0
495 350 0
495 365 0
495 372 0
495 376 0
494 379 0
495 371 0
495 359 0
496 349 0
498 340 0
501 333 0
504 329 0
510 325 0
516 323 0
526 319 0
533 316 0
538 315 0
540 315 0
538 321 0
538 329 0
540 335 0
546 339 0
552 341 1
626 300 0
622 301 0
617 302 0
607 305 0
598 309 0
595 311 0
590 318 0
589 330 0
593 338 0
606 342 0
629 341 0
653 330 0
662 324 0
666 320 0
670 315 0
671 312 0
662 309 0
654 311 0
650 312 0
646 322 0
647 331 0
651 338 0
659 342 0
673 340 0
691 332 0
700 329 0
706 328 0
709 328 0
712 330 0
715 332 0
719 326 0
721 320 0
723 315 0
731 308 0
738 302 1
574 234 0
574 237 1
