pay
483 325 0
486 358 0
487 406 0
487 424 0
487 432 0
487 434 0
485 410 0
486 372 0
488 347 0
492 338 0
499 331 0
512 324 0
524 321 0
533 322 0
537 327 0
537 336 0
536 345 0
529 353 0
521 359 0
516 361 1
618 315 0
610 318 0
594 321 0
583 325 0
576 331 0
572 340 0
570 351 0
574 359 0
581 362 0
594 359 0
615 348 0
621 341 0
623 335 0
627 328 0
629 332 0
631 341 0
635 356 0
637 363 0
648 362 0
668 348 0
674 341 0
678 336 0
680 332 0
683 335 0
685 343 0
687 347 0
694 350 0
701 349 0
708 344 0
714 339 0
717 337 0
721 333 0
725 337 0
730 343 0
735 353 0
742 381 0
740 406 0
735 419 0
728 428 0
714 436 0
703 434 0
705 425 0
723 400 0
735 385 0
741 374 1
