you
448 268 0
446 276 0
442 287 0
440 299 0
439 315 0
441 328 0
452 338 0
481 333 0
506 321 0
519 312 0
524 309 0
526 307 0
529 309 0
530 315 0
533 324 0
534 342 0
535 364 0
534 380 0
529 398 0
520 411 0
506 422 0
492 426 0
484 421 0
481 410 0
489 389 0
508 363 0
530 340 0
555 318 0
562 313 0
566 310 0
569 307 0
565 316 0
565 325 0
570 333 0
579 336 0
594 332 0
605 324 0
610 318 0
610 313 0
608 307 0
602 300 0
594 293 0
587 289 0
583 287 0
592 289 0
604 287 0
621 285 0
631 282 0
635 282 0
639 282 0
642 287 0
647 303 0
655 319 0
662 322 0
675 318 0
694 307 0
706 300 0
708 299 0
713 299 0
715 304 0
724 314 0
748 324 0
767 331 0
769 332 1
