month
314 292 0
312 296 0
309 303 0
307 316 0
304 337 0
302 353 0
301 363 0
302 367 0
303 362 0
310 347 0
319 332 0
326 327 0
332 324 0
338 323 0
342 329 0
345 335 0
350 342 0
356 338 0
366 331 0
374 324 0
377 322 0
383 320 0
386 322 0
387 328 0
388 336 0
392 345 0
393 349 1
435 313 0
431 322 0
430 329 0
434 336 0
442 340 0
452 338 0
464 331 0
470 325 0
470 320 0
467 315 0
461 313 0
449 313 0
435 318 0
431 321 1
520 300 0
520 303 0
520 310 0
518 322 0
518 332 0
518 336 0
519 340 0
530 329 0
540 322 0
547 318 0
552 318 0
556 319 0
559 324 0
562 333 0
565 341 0
570 345 0
573 347 1
612 239 0
609 246 0
608 262 0
607 289 0
606 305 0
606 318 0
606 325 0
607 331 0
607 337 0
607 341 0
607 344 0
604 339 0
599 329 0
597 324 0
595 320 0
596 317 0
600 315 0
609 314 0
628 308 0
641 305 0
645 303 0
656 295 0
668 276 0
673 259 0
673 252 0
671 248 0
670 245 0
666 242 0
657 267 0
654 290 0
653 302 0
652 314 0
654 322 0
654 327 0
657 332 0
665 331 0
671 327 0
677 323 0
683 320 0
690 321 0
692 325 0
695 331 0
697 335 0
704 340 0
707 340 0
728 337 0
750 333 1
