waistcoats
172 303 0
173 317 0
176 341 0
180 355 0
183 358 0
188 357 0
206 339 0
217 329 0
222 326 0
227 329 0
232 335 0
237 338 0
243 338 0
249 335 0
254 329 0
257 323 0
257 317 1
344 314 0
340 314 0
327 311 0
318 310 0
309 312 0
303 314 0
299 319 0
291 332 0
290 341 0
292 345 0
297 348 0
305 343 0
316 331 0
325 321 0
329 316 0
332 313 0
334 318 0
333 329 0
335 338 0
338 343 0
345 344 0
354 340 0
363 331 0
371 320 0
374 317 0
377 313 0
380 321 0
383 329 0
387 334 0
390 337 0
392 336 1
459 284 0
447 290 0
439 296 0
437 300 0
438 304 0
442 310 0
449 317 0
458 323 0
464 328 0
467 330 0
461 333 0
447 334 0
442 334 0
425 334 1
490 226 0
492 230 0
494 244 0
495 285 0
495 304 0
497 321 0
498 332 0
499 336 0
499 339 0
495 328 0
494 324 0
493 319 0
500 317 0
503 317 1
596 290 0
584 291 0
573 295 0
560 302 0
552 310 0
548 320 0
548 329 0
552 334 0
560 335 1
636 296 0
630 299 0
622 305 0
618 314 0
618 322 0
622 328 0
625 330 0
632 328 0
652 312 0
660 299 0
657 294 0
649 294 0
644 298 0
640 304 1
721 298 0
709 301 0
696 304 0
686 306 0
683 308 0
680 316 0
681 321 0
685 323 0
691 322 0
696 320 0
716 304 0
727 294 0
730 293 0
733 302 0
739 310 0
748 313 1
790 210 0
789 222 0
787 248 0
786 277 0
786 296 0
786 309 0
786 316 0
786 319 0
780 308 0
772 286 0
771 284 0
785 283 0
796 282 0
815 280 1
865 254 0
855 261 0
848 267 0
846 274 0
847 280 0
853 286 0
860 291 0
864 295 0
865 299 0
865 302 0
856 308 0
842 314 0
819 324 1
424 192 0
423 195 1
