governor
363 300 0
359 300 0
351 300 0
341 303 0
331 308 0
321 318 0
315 328 0
312 338 0
312 345 0
317 350 0
324 352 0
331 351 0
340 346 0
350 337 0
355 331 0
358 327 0
361 325 0
364 323 0
368 323 0
371 330 0
373 351 0
375 380 0
371 408 0
368 420 0
362 430 0
355 435 0
347 434 0
343 429 0
342 420 0
349 404 0
368 377 0
397 344 0
414 332 0
426 323 0
436 316 0
441 313 0
445 310 0
442 318 0
436 336 0
440 345 0
445 345 0
452 343 0
461 333 0
466 326 0
466 322 0
463 316 0
458 313 0
454 312 0
449 314 1
503 312 0
503 316 0
505 325 0
507 333 0
508 338 0
512 341 0
520 333 0
529 325 0
538 316 0
544 312 0
548 311 0
550 311 0
552 312 0
555 315 0
569 319 0
578 320 0
587 318 0
591 317 0
596 313 0
598 310 0
595 308 0
587 305 0
582 308 0
578 316 0
575 329 0
575 340 0
580 346 0
604 344 0
625 337 0
631 335 0
635 335 0
637 341 0
638 344 0
638 348 0
639 350 0
640 341 0
641 331 0
642 323 0
643 318 0
644 315 0
647 316 0
650 316 0
655 314 0
661 312 0
667 311 0
671 310 0
676 311 0
679 313 0
681 318 0
684 328 0
686 335 0
689 339 0
695 338 0
706 331 0
715 324 0
721 321 0
725 319 0
728 319 0
730 322 0
738 328 0
744 329 1
797 310 0
792 310 0
786 310 0
781 313 0
777 319 0
777 330 0
783 334 0
793 334 0
809 325 0
817 318 0
819 313 0
818 309 0
812 304 0
808 301 0
805 303 0
805 306 0
811 307 0
822 307 0
836 308 0
845 308 0
850 309 0
856 313 0
861 319 0
863 328 0
863 336 0
863 342 0
863 344 0
870 322 0
872 311 0
873 306 0
884 300 0
896 300 0
907 300 0
924 298 1
