disobedience
228 327 0
222 327 0
214 327 0
202 329 0
183 335 0
173 342 0
161 358 0
152 379 0
153 387 0
155 392 0
170 389 0
209 358 0
232 329 0
247 303 0
255 275 0
260 257 0
260 253 0
261 247 0
259 259 0
252 286 0
248 299 0
242 332 0
242 369 0
248 378 0
254 378 0
263 371 0
277 352 0
282 341 0
285 337 0
287 331 0
289 342 0
290 358 0
297 372 0
308 375 0
322 375 0
345 373 1
391 298 0
388 302 0
374 316 0
368 328 0
368 334 0
372 338 0
378 342 0
393 346 0
401 349 0
405 351 0
408 355 0
402 361 0
390 370 0
374 376 0
365 378 1
472 330 0
467 332 0
458 337 0
451 345 0
446 356 0
445 366 0
448 370 0
459 367 0
480 354 0
493 343 0
497 337 0
497 333 0
488 326 0
476 326 0
462 328 0
456 331 0
440 333 1
526 245 0
525 257 0
522 284 0
521 309 0
523 323 0
523 327 0
527 331 0
535 329 0
547 327 0
557 327 0
563 329 0
566 332 0
566 337 0
561 346 0
552 354 0
542 359 0
538 361 1
615 335 0
617 332 0
617 326 0
614 322 0
610 318 0
598 321 0
591 331 0
584 343 0
585 353 0
593 363 0
608 367 0
629 372 1
690 318 0
681 320 0
669 324 0
660 332 0
656 340 0
655 351 0
659 359 0
665 361 0
674 357 0
688 342 0
701 319 0
708 296 0
712 282 0
714 271 0
716 263 0
715 276 0
712 299 0
713 324 0
717 338 0
722 345 0
731 349 0
735 349 0
740 348 0
749 338 0
758 329 0
762 327 0
763 331 0
766 342 0
773 347 0
786 349 0
809 342 0
823 330 0
830 321 0
835 311 0
836 305 0
835 301 0
827 303 0
820 307 0
816 315 0
812 326 0
813 334 0
819 340 0
827 344 0
841 341 0
860 323 0
871 308 0
874 304 0
877 311 0
878 320 0
881 329 0
883 335 0
888 336 0
894 332 0
902 325 0
910 317 0
917 313 0
921 311 0
925 311 0
928 320 0
933 330 0
943 338 0
953 344 0
976 356 1
1022 287 0
1019 288 0
1008 292 0
992 301 0
976 312 0
969 322 0
965 333 0
967 342 0
972 351 0
992 357 0
1034 349 0
1052 336 0
1063 320 0
1067 310 0
1068 303 0
1058 303 0
1045 309 0
1037 321 0
1035 333 0
1043 343 0
1063 353 0
1068 356 0
1081 362 1
773 237 0
773 241 1
300 238 0
302 246 0
302 249 1
