from
422 340 0
445 332 0
482 306 0
501 284 0
511 267 0
514 259 0
514 254 0
512 250 0
509 250 0
485 281 0
478 304 0
476 320 0
477 343 0
479 366 0
480 380 0
479 393 0
479 402 0
479 406 0
474 402 0
470 387 0
468 376 0
468 367 0
471 360 0
473 357 0
478 355 0
486 354 0
501 353 0
512 352 0
517 352 0
520 352 0
527 358 0
529 364 0
530 371 0
529 364 0
526 353 0
525 345 0
527 339 0
531 336 0
536 333 0
544 332 0
557 332 0
568 332 0
576 332 0
583 332 0
587 332 0
587 337 0
584 346 0
582 356 0
581 363 0
582 367 0
588 371 0
593 368 0
598 362 0
600 355 0
599 347 0
596 341 0
594 336 0
600 332 0
609 330 0
618 329 0
626 328 0
632 328 0
636 330 0
638 335 0
641 342 0
642 351 0
643 358 0
644 362 0
652 359 0
661 350 0
668 343 0
672 341 0
678 344 0
681 350 0
685 354 0
689 358 0
696 359 0
705 357 0
716 352 0
725 348 0
731 347 0
734 347 0
738 351 0
742 358 0
749 362 1
