morrow
237 288 0
240 290 0
241 294 0
243 301 0
244 311 0
246 324 0
247 337 0
248 348 0
248 352 0
249 356 0
255 348 0
265 331 0
280 310 0
292 297 0
295 294 0
301 293 0
306 302 0
310 311 0
313 321 0
316 329 0
319 333 0
324 331 0
332 323 0
339 315 0
343 312 0
348 308 0
352 315 0
357 324 0
363 331 0
370 333 1
442 294 0
438 295 0
432 302 0
425 309 0
419 317 0
418 323 0
420 328 0
428 332 0
439 331 0
447 327 0
451 325 0
456 314 0
457 305 0
455 299 0
450 294 0
447 292 0
451 295 0
460 294 0
467 293 0
475 292 0
479 292 0
482 292 0
485 296 0
487 302 0
489 308 0
490 314 0
491 317 0
493 321 0
493 314 0
494 307 0
496 300 0
500 296 0
508 294 0
517 293 0
525 293 0
529 293 0
534 293 0
539 299 0
540 304 0
541 310 0
542 313 0
541 318 0
542 308 0
542 302 0
543 297 0
551 294 0
560 293 0
567 291 0
584 287 1
612 289 0
605 291 0
600 292 0
596 295 0
592 299 0
590 304 0
589 310 0
597 316 0
607 316 0
621 310 0
635 298 0
638 291 0
636 285 0
627 279 0
617 277 0
611 280 1
664 279 0
664 283 0
665 291 0
668 298 0
673 307 0
680 315 0
687 319 0
692 318 0
695 317 0
704 309 0
709 305 0
713 300 0
719 306 0
725 309 0
731 311 0
735 309 0
738 302 0
741 291 0
743 282 0
744 278 1
