assigned
413 293 0
406 293 0
395 295 0
378 300 0
363 308 0
353 316 0
346 327 0
344 335 0
350 341 0
362 340 0
386 329 0
402 317 0
412 308 0
416 303 0
419 300 0
421 308 0
421 316 0
423 326 0
431 331 0
445 333 0
454 333 0
469 333 1
508 273 0
498 281 0
489 289 0
485 296 0
486 300 0
490 303 0
504 308 0
516 311 0
522 313 0
515 324 0
492 331 0
476 336 0
467 338 1
593 262 0
582 274 0
560 291 0
547 301 0
544 306 0
545 309 0
548 312 0
561 318 0
564 321 0
569 323 0
563 333 1
627 288 0
627 292 0
623 302 0
621 309 0
621 317 0
622 325 0
626 331 0
635 332 0
656 328 0
680 322 1
724 285 0
714 287 0
706 289 0
696 294 0
690 300 0
685 307 0
685 315 0
690 318 0
699 318 0
713 315 0
721 311 0
725 309 0
729 308 0
733 307 0
736 307 0
738 326 0
737 353 0
735 378 0
731 390 0
726 397 0
713 404 0
707 403 0
704 399 0
712 384 0
734 350 0
757 319 0
768 308 0
774 302 0
780 301 0
781 305 0
781 314 0
781 319 0
782 323 0
793 321 0
805 315 0
814 312 0
818 310 0
822 310 0
825 311 0
828 315 0
835 321 0
840 321 0
862 313 0
881 300 0
887 294 0
890 289 0
882 291 0
874 299 0
869 308 0
870 317 0
878 322 0
881 324 1
978 294 0
964 295 0
943 297 0
933 300 0
925 303 0
916 310 0
911 316 0
910 319 0
912 331 0
921 332 0
939 324 0
960 303 0
975 278 0
981 259 0
984 250 0
985 243 0
981 243 0
975 257 0
970 283 0
972 303 0
980 315 0
998 323 0
1015 328 0
1020 330 1
644 208 0
645 215 0
650 223 0
653 228 1
