captain
390 287 0
380 289 0
369 292 0
355 297 0
343 303 0
335 311 0
330 320 0
328 329 0
331 340 0
341 349 0
363 356 0
377 359 0
392 362 1
478 303 0
464 304 0
449 307 0
434 312 0
420 320 0
412 335 0
412 343 0
418 347 0
435 342 0
458 331 0
468 324 0
472 320 0
476 315 0
477 321 0
479 332 0
485 337 0
494 338 0
507 334 0
515 330 0
520 326 0
524 325 0
529 331 0
531 350 0
532 376 0
532 387 0
532 399 0
534 379 0
537 339 0
543 312 0
548 297 0
555 288 0
562 282 0
569 284 0
575 287 0
580 294 0
581 304 0
580 315 0
575 328 0
569 337 0
562 341 0
558 341 1
628 211 0
630 223 0
632 249 0
634 281 0
634 310 0
635 332 0
634 338 0
633 342 0
633 346 0
629 342 0
626 335 0
624 325 0
625 314 0
629 307 0
637 301 0
647 298 0
653 295 0
666 288 1
756 297 0
748 297 0
734 298 0
717 302 0
705 307 0
694 317 0
686 331 0
683 341 0
685 348 0
689 352 0
697 351 0
706 346 0
718 335 0
727 324 0
732 318 0
735 315 0
737 311 0
739 316 0
740 324 0
748 336 0
760 337 0
771 332 0
781 324 0
787 317 0
791 311 0
794 306 0
798 316 0
800 324 0
802 329 0
806 331 0
817 324 0
825 320 0
832 314 0
837 311 0
842 308 0
848 315 0
853 323 0
856 327 0
865 332 0
876 328 0
889 322 0
897 317 0
902 315 0
907 315 0
911 319 0
916 323 1
766 212 0
770 216 0
772 220 1
