time
467 250 0
467 257 0
464 270 0
459 296 0
456 322 0
455 345 0
456 363 0
464 377 0
479 383 0
489 382 0
506 378 1
446 335 0
449 338 0
459 338 0
472 337 0
489 334 0
501 332 0
508 330 0
514 330 0
518 330 0
522 333 0
523 338 0
523 343 0
523 347 0
527 364 0
537 370 0
548 371 0
564 366 0
574 359 0
581 354 0
585 351 0
589 349 0
589 354 0
589 359 0
590 363 0
592 370 0
601 369 0
618 352 0
632 338 0
639 332 0
643 330 0
645 335 0
649 348 0
650 351 0
663 352 0
675 347 0
686 341 0
691 339 0
696 338 0
703 347 0
706 352 0
711 357 0
719 361 0
729 360 0
745 351 0
762 334 0
766 326 0
766 320 0
765 315 0
762 314 0
758 317 0
756 325 0
755 336 0
759 348 0
764 352 1
534 242 0
535 245 0
537 251 1
