parole
338 310 0
339 320 0
340 347 0
340 395 0
340 422 0
338 437 0
339 443 0
339 413 0
346 359 0
355 333 0
369 314 0
381 307 0
392 308 0
400 314 0
404 326 0
404 340 0
391 362 0
379 375 0
370 378 1
489 323 0
485 323 0
477 320 0
470 318 0
462 318 0
456 321 0
449 327 0
445 335 0
441 346 0
442 353 0
443 357 0
446 361 0
451 356 0
456 350 0
459 347 0
468 339 0
473 335 0
478 340 0
482 346 0
486 352 0
494 356 0
505 354 0
515 351 0
523 349 0
528 348 0
532 349 0
536 351 0
539 355 0
537 338 0
535 324 0
535 319 0
536 314 0
540 313 0
551 312 0
566 310 0
582 311 0
592 312 0
597 312 0
602 312 0
598 314 0
591 321 0
586 331 0
585 339 0
588 345 0
595 346 0
605 343 0
618 332 0
625 323 0
626 315 0
624 308 0
622 305 0
615 306 1
657 305 0
661 308 0
668 306 0
681 294 0
692 278 0
696 267 0
699 253 0
698 244 0
697 240 0
690 240 0
680 249 0
667 273 0
656 300 0
656 326 0
661 337 0
670 345 0
682 346 0
686 347 0
703 335 0
720 312 0
724 299 0
723 295 0
715 301 0
709 312 0
705 329 0
708 342 0
725 347 0
743 349 0
760 351 1
