guard
412 300 0
408 297 0
404 295 0
399 293 0
393 292 0
385 292 0
378 294 0
371 301 0
366 310 0
366 319 0
368 324 0
377 326 0
387 322 0
397 316 0
405 309 0
411 303 0
415 308 0
417 316 0
422 337 0
425 365 0
426 389 0
421 410 0
412 427 0
402 439 0
392 445 0
381 444 0
376 439 0
373 425 0
377 411 0
388 392 0
404 370 0
419 351 0
432 338 0
441 328 0
446 321 0
451 314 0
454 307 0
457 300 0
458 297 0
462 308 0
466 316 0
471 323 0
473 326 0
478 327 0
482 325 0
485 321 0
489 315 0
493 310 0
494 306 0
499 312 0
501 317 0
506 322 1
586 307 0
578 306 0
573 303 0
566 298 0
560 296 0
556 295 0
552 296 0
543 307 0
542 315 0
544 322 0
549 329 0
555 331 0
562 329 0
568 324 0
572 316 0
576 308 0
577 304 0
579 301 0
581 305 0
583 311 0
588 320 0
592 327 0
597 331 0
602 332 0
606 333 0
609 333 0
617 330 0
620 331 0
624 325 0
623 313 0
623 304 0
623 300 0
624 295 0
634 293 0
645 292 0
668 289 1
735 298 0
725 297 0
713 297 0
703 297 0
694 297 0
684 299 0
678 304 0
675 309 0
675 317 0
678 325 0
685 330 0
688 331 0
696 328 0
712 311 0
724 282 0
730 259 0
730 249 0
730 239 0
730 235 0
730 231 0
729 238 0
729 257 0
732 284 0
737 307 0
746 325 0
760 341 0
770 355 1
