publick
263 320 0
264 327 0
266 351 0
270 382 0
272 410 0
273 430 0
273 439 0
273 442 0
271 446 0
268 440 0
261 384 0
264 351 0
267 341 0
272 335 0
282 331 0
292 329 0
300 329 0
306 330 0
309 332 0
313 341 0
313 350 0
312 361 0
308 371 0
302 375 0
296 375 0
289 373 1
355 314 0
355 318 0
355 338 0
356 355 0
358 361 0
363 362 0
373 354 0
387 339 0
392 333 0
396 329 0
400 327 0
401 335 0
402 342 0
406 350 0
415 353 1
463 242 0
461 260 0
455 300 0
459 309 0
459 312 0
462 315 0
466 315 0
474 315 0
483 315 0
491 317 0
496 320 0
497 323 0
496 329 0
490 338 0
482 346 0
478 351 0
473 354 1
547 246 0
547 250 0
544 266 0
539 292 0
538 315 0
541 330 0
545 341 0
551 346 0
559 344 0
568 338 0
577 330 0
583 324 0
587 321 0
590 321 0
590 326 0
591 336 0
595 346 0
602 352 1
662 305 0
656 310 0
648 317 0
643 325 0
639 333 0
638 339 0
639 345 0
644 351 0
652 353 1
696 241 0
696 252 0
696 274 0
695 297 0
694 313 0
693 326 0
692 336 1
744 290 0
742 293 0
737 298 0
724 307 0
714 315 0
708 323 0
705 329 0
704 335 0
707 340 0
709 343 0
713 345 0
726 351 0
741 357 0
749 360 1
604 271 1
590 248 0
592 251 0
593 256 1
