1755
316 363 0
326 362 0
355 343 0
401 303 0
430 273 0
446 257 0
450 254 0
453 263 0
453 290 0
453 315 0
452 340 0
454 353 0
455 358 1
510 245 0
513 247 0
518 249 0
530 250 0
551 254 0
560 259 0
566 267 0
569 291 0
565 317 0
559 337 0
554 350 0
551 357 1
521 316 0
525 319 0
539 320 0
561 320 0
578 318 0
595 316 1
663 258 0
653 268 0
646 276 0
644 282 0
647 288 0
654 295 0
666 303 0
675 312 0
678 320 0
677 328 0
670 337 0
660 346 0
647 351 0
639 352 0
622 353 1
668 262 0
678 262 0
685 264 0
691 264 1
776 254 0
774 258 0
757 277 0
751 285 0
750 289 0
755 297 0
760 305 0
767 315 0
770 325 0
771 333 0
769 339 0
765 345 0
757 351 0
744 354 0
738 355 0
722 356 1
778 257 0
782 259 0
791 262 0
811 263 0
834 263 1
