hampton
289 243 0
289 249 0
288 267 0
285 297 0
283 328 0
283 354 0
284 368 0
287 374 0
290 377 0
294 375 0
308 361 0
327 339 0
341 327 0
350 322 0
355 320 0
358 321 0
360 328 0
362 343 0
364 365 0
366 371 0
367 385 1
463 317 0
454 317 0
443 318 0
433 323 0
420 331 0
410 346 0
405 358 0
406 365 0
419 368 0
431 360 0
445 347 0
454 337 0
457 334 0
461 346 0
464 358 0
469 364 0
477 363 0
491 350 0
503 338 0
508 335 0
511 336 0
512 340 0
514 345 0
517 352 0
519 359 0
521 364 0
523 367 0
532 361 0
541 350 0
548 342 0
552 340 0
556 339 0
558 343 0
562 353 0
566 358 0
571 358 0
577 354 0
585 347 0
591 344 0
596 344 0
600 347 0
604 352 0
609 356 1
644 362 0
644 366 0
645 378 0
646 404 0
646 419 0
646 425 0
645 429 0
643 419 0
641 389 0
640 371 0
643 345 0
658 319 0
674 306 0
679 307 0
685 310 0
688 317 0
688 330 0
680 348 0
665 366 0
657 372 0
651 373 1
718 238 0
721 246 0
721 267 0
724 297 0
723 326 0
722 350 0
722 361 0
721 364 0
721 369 0
719 364 0
715 353 0
713 338 0
712 331 0
714 326 0
718 323 0
730 321 0
744 321 0
754 322 0
760 323 0
764 324 0
763 333 0
762 340 0
764 348 0
771 352 0
782 351 0
796 343 0
802 326 0
801 316 0
797 310 0
791 310 0
782 312 0
774 316 0
771 319 1
832 297 0
832 301 0
832 307 0
832 324 0
832 337 0
833 345 0
834 348 0
841 343 0
850 333 0
868 320 0
877 316 0
883 315 0
886 320 0
890 329 0
896 344 0
905 357 0
909 363 0
919 374 1
