cockes
423 294 0
414 298 0
401 303 0
376 319 0
360 342 0
355 358 0
357 367 0
365 372 0
381 372 0
409 364 0
430 358 1
493 323 0
489 325 0
484 327 0
478 333 0
476 341 0
476 347 0
481 351 0
489 352 0
500 348 0
508 340 0
514 330 0
510 316 0
503 303 0
495 302 0
484 306 0
477 314 1
616 288 0
610 290 0
598 295 0
579 303 0
569 311 0
563 317 0
559 325 0
556 334 0
558 343 0
564 349 1
635 225 0
635 233 0
635 247 0
635 273 0
634 293 0
632 306 0
629 324 0
626 335 0
625 340 1
686 298 0
688 301 0
679 307 0
670 313 0
662 319 0
662 323 0
661 326 0
661 330 0
665 335 0
673 339 0
688 338 0
710 331 0
726 322 0
736 315 0
741 307 0
743 304 0
743 299 0
734 301 0
729 304 0
723 312 0
719 322 0
719 332 0
723 340 0
737 345 0
745 348 0
761 353 1
818 280 0
811 284 0
804 289 0
800 295 0
799 301 0
802 307 0
808 312 0
816 318 0
823 323 0
825 328 0
821 337 0
809 348 0
797 357 1
