with
324 320 0
324 323 0
322 341 0
320 354 0
321 366 0
324 375 0
329 381 0
337 380 0
353 370 0
366 358 0
371 354 0
374 352 0
380 356 0
384 362 0
391 370 0
397 374 0
401 375 0
408 372 0
414 365 0
418 354 0
423 338 0
426 328 0
428 321 0
431 320 0
435 320 0
444 321 0
466 320 0
475 318 0
482 315 0
487 315 0
488 323 0
490 337 0
489 354 0
490 362 0
492 367 0
494 371 0
503 368 0
513 364 0
519 360 0
524 358 0
527 354 1
570 218 0
570 221 0
570 226 0
570 243 0
567 274 0
565 302 0
563 326 0
563 345 0
562 357 0
562 362 0
562 365 0
555 347 0
547 325 0
546 321 0
550 318 0
556 316 0
568 314 0
585 312 0
596 307 0
612 292 0
622 279 0
631 264 0
636 250 0
636 242 0
636 238 0
633 237 0
624 259 0
617 291 0
610 321 0
606 339 0
605 349 0
605 355 0
604 359 0
654 346 0
654 350 0
656 356 0
659 362 0
662 364 1
498 228 0
501 238 1
