private
330 307 0
334 334 0
335 355 0
336 370 0
337 383 0
338 394 0
338 402 0
336 407 0
336 411 0
324 380 0
320 355 0
320 340 0
323 329 0
326 318 0
334 309 0
343 303 0
361 296 0
369 295 0
373 297 0
376 302 0
378 310 0
373 324 0
363 337 0
353 344 1
412 313 0
415 317 0
415 328 0
415 338 0
416 343 0
415 347 0
412 339 0
410 329 0
411 321 0
412 311 0
415 305 0
420 301 0
428 299 0
436 297 0
440 296 0
444 297 0
450 297 0
453 297 0
456 297 0
459 297 0
461 300 0
461 304 0
463 309 0
464 316 0
466 322 0
469 327 0
477 330 0
481 330 1
516 293 0
519 296 0
520 300 0
522 312 0
526 325 0
528 333 0
530 336 0
534 333 0
537 325 0
541 318 0
546 312 1
629 297 0
617 298 0
606 299 0
595 303 0
588 307 0
584 314 0
583 321 0
584 327 0
588 331 0
591 334 0
598 332 0
604 329 0
609 325 0
612 321 0
616 317 0
630 330 1
658 213 0
658 216 0
658 223 0
659 243 0
661 272 0
662 297 0
664 309 0
664 315 0
665 319 0
669 316 0
673 312 0
678 313 0
686 312 0
693 311 0
699 308 0
703 304 0
705 300 0
705 297 0
706 294 0
702 301 0
704 312 0
712 322 1
454 209 0
455 212 0
455 215 0
457 220 1
