oclock
443 310 0
438 311 0
423 312 0
405 317 0
396 323 0
391 329 0
387 342 0
387 353 0
393 363 0
405 366 0
421 358 0
444 342 0
450 335 0
451 331 0
452 327 0
458 322 0
461 321 1
546 293 0
533 299 0
521 306 0
510 312 0
502 318 0
496 327 0
495 338 0
498 349 0
503 356 0
514 359 0
536 354 0
560 340 0
580 323 0
596 302 0
603 284 0
608 260 0
609 241 0
609 234 0
603 227 0
595 230 0
587 239 0
576 264 0
571 290 0
571 312 0
575 327 0
582 337 0
593 337 0
603 337 0
618 337 1
661 295 0
656 302 0
652 308 0
648 318 0
647 328 0
652 335 0
661 336 0
676 330 0
690 314 0
689 295 0
684 288 0
678 288 0
671 290 0
665 294 1
743 287 0
738 289 0
729 293 0
722 298 0
716 304 0
712 313 0
710 321 0
712 329 0
719 332 0
739 330 0
755 328 0
770 325 1
758 223 0
758 227 0
757 249 0
753 278 0
751 299 0
751 314 0
751 322 1
812 268 0
808 272 0
783 289 0
767 302 0
762 308 0
764 315 0
767 321 0
782 333 0
795 341 0
810 350 1
