for
431 328 0
434 330 0
446 321 0
467 299 0
483 275 0
491 256 0
493 247 0
491 239 0
490 235 0
486 234 0
480 236 0
471 246 0
468 250 0
460 275 0
456 332 0
457 362 0
460 386 0
461 402 0
461 410 0
461 413 0
460 409 0
460 386 0
460 366 0
462 353 0
465 346 0
471 340 0
481 334 0
503 325 0
527 319 0
542 316 0
554 315 0
560 313 0
564 312 0
555 314 0
541 324 0
524 346 0
523 364 0
525 369 0
536 370 0
548 365 0
564 351 0
571 337 0
571 329 0
568 322 0
567 316 0
574 313 0
587 315 0
603 316 0
614 315 0
622 315 0
627 316 0
631 320 0
634 326 0
635 334 0
636 342 0
635 350 0
633 354 0
633 357 0
633 363 0
635 357 0
636 340 0
636 329 0
641 322 0
647 319 0
650 317 1
