aid
544 326 0
541 323 0
534 320 0
527 318 0
516 319 0
506 325 0
496 336 0
486 353 0
484 366 0
486 374 0
493 375 0
518 358 0
537 337 0
541 333 0
546 328 0
545 334 0
543 347 0
545 363 0
551 371 0
560 373 0
578 365 0
594 352 0
602 344 0
606 340 0
608 350 0
609 360 0
615 367 0
624 368 0
636 365 0
642 364 0
656 358 1
739 330 0
730 328 0
719 326 0
706 327 0
691 332 0
677 341 0
670 350 0
671 359 0
674 366 0
683 368 0
700 362 0
721 346 0
735 324 0
741 302 0
745 278 0
748 265 0
748 261 0
748 271 0
741 296 0
737 330 0
739 359 0
745 372 0
754 376 0
779 369 0
797 362 0
813 355 1
612 237 0
616 247 0
618 258 0
622 283 1
