for
483 369 0
487 369 0
494 366 0
514 349 0
534 325 0
549 294 0
563 262 0
564 251 0
562 241 0
558 235 0
553 232 0
544 237 0
527 257 0
515 286 0
508 321 0
503 370 0
503 393 0
506 414 0
507 424 0
509 419 0
509 394 0
509 378 0
511 369 0
518 364 0
526 358 0
550 346 0
579 337 0
602 330 0
612 328 0
616 328 0
609 335 0
598 346 0
591 357 0
589 369 0
589 377 0
595 379 0
601 377 0
606 364 0
609 345 0
609 341 0
609 336 0
616 335 0
625 334 0
634 333 0
641 334 0
645 336 0
649 339 0
653 344 0
655 351 0
656 356 0
656 362 0
656 367 0
656 370 0
660 357 0
662 347 0
664 340 0
669 337 1
