270
412 236 0
413 239 0
423 240 0
446 242 0
463 247 0
468 253 0
468 262 0
459 280 0
436 310 0
427 321 0
421 332 0
419 341 0
421 350 0
428 357 0
443 363 0
471 365 0
492 366 0
496 366 1
532 257 0
535 257 0
552 257 0
580 260 0
598 267 0
604 272 0
609 277 0
612 287 0
611 306 0
606 325 0
594 351 0
591 360 1
569 313 0
579 316 0
597 318 0
613 319 0
622 320 1
687 284 0
684 289 0
677 297 0
673 307 0
671 317 0
677 330 0
701 341 0
729 336 0
754 323 0
765 313 0
769 301 0
767 280 0
758 264 0
749 258 0
731 257 0
713 259 0
686 261 1
