which
316 297 0
316 301 0
315 305 0
315 314 0
316 327 0
318 344 0
323 355 0
331 359 0
340 357 0
361 341 0
364 337 0
368 333 0
382 344 0
393 347 0
401 348 0
405 346 0
408 342 0
409 334 0
409 325 0
409 314 0
409 306 0
410 302 0
413 302 0
417 303 0
422 303 0
429 302 0
435 299 0
441 296 1
459 208 0
459 216 0
459 222 0
458 236 0
458 261 0
458 286 0
458 298 0
460 309 0
461 316 0
462 321 0
463 325 0
470 321 0
476 317 0
479 316 0
485 312 0
489 312 0
493 313 0
497 317 0
503 323 0
510 326 0
521 324 0
537 317 0
547 309 0
555 300 0
558 296 0
561 296 0
562 301 0
569 312 0
576 318 1
656 284 0
648 287 0
641 292 0
635 297 0
631 303 0
628 311 0
628 318 0
634 323 0
650 321 0
680 306 0
709 275 0
719 255 0
721 244 0
721 241 0
718 226 0
715 220 0
712 220 0
706 227 0
699 241 0
693 264 0
692 281 0
696 292 0
702 302 0
706 306 0
713 306 0
722 303 0
730 300 0
735 299 0
738 300 0
741 304 0
745 311 0
752 320 0
762 327 0
777 338 1
572 244 1
549 209 0
551 213 1
