one
501 290 0
492 293 0
484 298 0
475 305 0
469 312 0
463 335 0
465 354 0
471 358 0
479 357 0
490 346 0
499 332 0
503 322 0
504 314 0
503 309 0
502 306 0
498 302 0
508 302 0
524 299 0
536 296 0
544 295 0
549 294 0
552 295 0
555 298 0
557 303 0
556 315 0
556 326 0
557 333 0
557 339 0
566 335 0
575 328 0
581 323 0
585 321 0
589 320 0
593 322 0
594 325 0
603 336 0
615 337 0
643 330 0
666 320 0
689 303 0
698 292 0
699 288 0
697 284 0
681 290 0
672 298 0
667 309 0
665 322 0
667 335 0
671 340 0
677 343 0
688 350 0
697 356 1
