winchester
209 282 0
209 286 0
206 304 0
204 325 0
203 342 0
207 353 0
214 358 0
222 357 0
236 347 0
249 329 0
255 320 0
257 315 0
259 312 0
263 318 0
267 327 0
273 332 0
278 335 0
283 335 0
289 333 0
293 328 0
296 322 0
298 314 0
298 302 0
298 295 0
306 292 0
313 291 0
319 290 0
323 289 0
328 288 0
333 288 0
335 293 0
335 299 0
336 307 0
339 317 0
342 327 0
345 331 0
353 331 0
360 325 0
370 315 0
379 304 0
381 301 0
384 297 0
387 294 0
392 298 0
394 308 0
397 315 0
399 320 0
402 324 0
409 318 0
420 310 0
431 302 0
438 301 0
441 302 0
447 309 0
449 316 0
451 321 0
457 324 1
530 283 0
517 287 0
507 292 0
498 297 0
490 304 0
486 313 0
486 322 0
489 332 0
497 336 0
514 330 0
546 305 0
570 275 0
580 252 0
584 231 0
584 223 0
584 219 0
575 228 0
567 249 0
560 275 0
559 287 0
559 297 0
561 321 0
562 329 0
569 327 0
577 321 0
585 317 0
590 314 0
594 313 0
600 320 0
605 328 0
614 334 0
623 337 0
640 329 0
656 315 0
663 304 0
664 293 0
662 287 0
657 284 0
649 291 0
644 299 0
641 311 0
647 324 0
660 328 0
676 325 0
695 320 0
701 318 1
708 276 0
705 278 0
698 286 0
697 289 0
698 293 0
702 298 0
707 305 0
712 313 0
715 321 0
715 328 0
709 335 0
697 342 0
690 343 0
683 339 1
738 210 0
738 213 0
738 222 0
738 235 0
737 255 0
737 283 0
736 298 0
735 315 0
735 326 0
735 331 0
731 321 0
728 312 0
726 309 0
726 305 0
730 303 0
736 303 0
757 303 0
772 302 0
778 300 0
783 295 0
785 288 0
786 285 0
785 280 0
782 279 0
779 281 0
774 287 0
771 296 0
772 307 0
778 318 0
785 325 0
795 325 0
806 321 0
814 318 0
817 317 0
822 316 0
827 323 0
830 300 0
833 283 0
837 279 0
845 275 0
862 269 0
884 259 1
316 170 0
318 174 0
321 181 0
323 186 1
