washington
160 327 0
162 341 0
168 365 0
174 376 0
183 377 0
201 364 0
219 346 0
230 333 0
234 332 0
238 335 0
242 341 0
247 347 0
255 352 0
263 352 0
270 351 0
278 346 0
286 335 0
297 310 0
304 298 0
310 282 1
373 320 0
364 319 0
353 320 0
338 328 0
329 340 0
326 350 0
328 358 0
331 362 0
339 360 0
347 351 0
353 342 0
357 339 0
362 338 0
365 345 0
369 351 0
376 356 0
383 357 1
447 291 0
442 294 0
433 305 0
432 313 0
434 319 0
438 325 0
445 333 0
450 339 0
452 343 0
451 347 0
445 355 0
438 359 1
500 213 0
499 224 0
497 253 0
493 300 0
489 318 0
489 332 0
489 338 0
490 344 0
499 338 0
506 331 0
510 328 0
514 326 0
518 325 0
522 333 0
526 340 0
531 344 0
537 344 0
544 341 0
552 333 0
558 326 0
561 322 0
564 319 0
566 330 0
569 338 0
571 342 0
575 346 0
590 336 0
600 329 0
604 325 0
609 323 0
612 324 0
615 330 0
618 334 0
622 336 0
625 336 0
634 330 0
641 328 0
645 327 0
654 335 0
658 337 1
716 310 0
706 311 0
699 313 0
696 314 0
693 324 0
694 330 0
698 332 0
704 330 0
710 326 0
715 323 0
719 321 0
721 329 0
722 341 0
721 370 0
721 399 0
718 415 0
713 421 0
707 425 0
702 425 0
698 419 0
699 407 0
715 365 0
739 319 0
752 293 0
762 268 0
767 251 0
769 242 0
770 237 0
774 248 0
773 287 0
767 331 0
764 356 0
763 369 0
763 372 0
763 376 0
761 359 0
760 345 0
760 336 0
760 331 0
760 328 0
764 325 0
771 322 0
776 322 0
795 319 0
820 314 0
826 312 0
832 309 0
820 328 0
816 339 0
816 342 0
817 346 0
824 342 0
829 333 0
832 322 0
833 315 0
834 312 0
839 310 0
845 309 0
855 307 0
865 305 0
869 305 0
875 307 0
879 315 0
880 322 0
882 331 0
891 336 0
897 333 0
909 325 0
917 320 0
922 317 0
926 315 0
930 321 0
937 327 0
948 331 0
962 333 0
970 334 1
555 218 0
557 223 0
559 231 1
