camp
517 328 0
518 324 0
509 322 0
499 324 0
488 330 0
478 341 0
472 353 0
469 369 0
469 381 0
473 389 0
484 394 0
496 396 0
514 399 1
587 345 0
581 347 0
572 348 0
558 351 0
550 354 0
544 360 0
537 368 0
534 378 0
535 387 0
540 392 0
549 393 0
564 387 0
576 379 0
582 373 0
585 368 0
588 362 0
590 368 0
592 374 0
598 378 0
611 379 0
635 370 0
649 360 0
654 353 0
656 349 0
658 345 0
659 356 0
659 365 0
661 372 0
662 375 0
666 377 0
669 375 0
674 370 0
680 364 0
684 360 0
687 357 0
691 358 0
697 364 0
702 368 0
707 370 0
714 369 0
724 365 0
733 362 0
736 359 0
741 356 0
744 355 0
747 358 0
751 365 0
755 370 1
808 362 0
809 365 0
810 370 0
811 377 0
814 409 0
815 438 0
815 442 0
808 419 0
806 391 0
810 366 0
815 352 0
825 342 0
833 337 0
839 336 0
844 336 0
849 339 0
850 343 0
849 349 0
846 355 0
840 361 0
836 365 1
