mount
323 291 0
325 295 0
327 304 0
328 314 0
331 328 0
333 338 0
335 344 0
340 347 0
344 340 0
350 330 0
359 316 0
363 311 0
367 310 0
372 314 0
377 317 0
381 320 0
385 323 0
389 326 0
396 325 0
404 323 0
411 321 0
416 320 0
420 319 0
428 325 0
441 333 0
448 336 0
463 342 1
499 312 0
497 316 0
498 322 0
501 329 0
506 334 0
514 335 0
521 332 0
526 326 0
528 319 0
526 308 0
520 298 0
514 292 0
508 291 0
501 302 0
503 309 1
573 287 0
573 291 0
573 294 0
573 302 0
574 310 0
576 316 0
579 319 0
583 319 0
591 316 0
595 314 0
600 309 0
604 306 0
609 308 0
615 319 0
623 325 0
635 325 0
649 319 0
657 314 0
666 310 0
670 314 0
674 319 0
677 324 0
685 327 0
690 324 0
695 322 0
699 321 0
703 321 0
707 322 0
711 325 0
717 329 0
722 330 1
752 208 0
752 214 0
752 229 0
754 256 0
755 284 0
759 307 0
761 317 0
763 324 0
764 328 0
760 324 0
756 316 0
753 307 0
752 302 0
750 297 0
753 294 0
771 295 0
792 295 0
797 295 1
