about
446 333 0
442 333 0
438 331 0
433 329 0
425 327 0
414 327 0
403 330 0
394 337 0
385 349 0
379 362 0
380 373 0
384 379 0
392 382 0
407 376 0
421 363 0
433 347 0
436 343 0
440 351 0
443 360 0
451 369 0
461 370 0
474 368 0
494 365 1
510 240 0
509 250 0
507 281 0
504 311 0
500 337 0
500 349 0
501 354 0
512 347 0
527 340 0
540 337 0
548 338 0
553 340 0
557 344 0
554 350 0
548 360 0
538 372 0
528 378 0
520 381 1
615 327 0
613 334 0
609 345 0
606 362 0
606 367 0
616 370 0
634 355 0
644 340 0
645 330 0
644 323 0
638 316 0
631 315 0
623 317 0
614 325 0
610 331 1
688 313 0
688 317 0
687 325 0
686 338 0
686 349 0
687 356 0
691 359 0
700 353 0
708 347 0
712 345 0
716 344 0
719 348 0
728 354 0
731 356 1
770 243 0
770 247 0
771 269 0
771 290 0
773 314 0
773 337 0
773 350 0
773 354 0
770 352 0
767 343 0
763 332 0
762 323 0
764 315 0
767 309 0
775 308 0
792 306 0
810 303 0
818 302 1
