punctually
281 297 0
281 302 0
283 320 0
284 363 0
284 390 0
284 404 0
284 412 0
284 415 0
280 396 0
277 364 0
278 340 0
282 323 0
287 316 0
294 313 0
304 311 0
314 311 0
321 313 0
325 317 0
327 324 0
325 333 0
320 345 0
314 352 0
305 348 0
302 339 0
302 335 1
370 289 0
371 293 0
369 302 0
367 320 0
367 336 0
369 348 0
371 354 0
375 356 0
381 352 0
388 344 0
395 334 0
400 328 0
404 324 0
411 335 0
417 341 0
423 344 0
436 340 0
451 330 0
461 321 0
466 317 0
470 315 0
473 319 0
474 324 0
476 332 0
479 340 0
482 344 0
485 345 0
491 343 0
498 339 0
505 334 0
512 331 0
516 331 0
520 334 0
522 338 0
526 343 1
607 290 0
603 291 0
594 298 0
585 305 0
578 312 0
572 320 0
570 329 0
572 337 0
578 343 0
595 340 0
607 336 0
621 331 1
649 220 0
648 229 0
647 244 0
645 270 0
644 296 0
644 315 0
644 330 0
644 339 0
644 342 0
641 338 0
638 329 0
635 320 0
634 313 0
636 307 0
641 303 0
646 302 0
653 302 0
657 302 0
661 302 0
665 302 0
670 302 0
673 303 0
680 309 0
682 315 0
685 323 0
688 331 0
692 334 0
698 334 0
709 327 0
718 319 0
723 313 0
726 310 0
730 308 0
733 318 0
737 323 1
817 302 0
813 302 0
794 306 0
784 309 0
778 312 0
774 316 0
771 321 0
771 327 0
775 334 0
784 335 0
800 329 0
812 320 0
816 317 0
819 314 0
823 319 0
825 327 0
830 334 0
838 337 0
851 333 0
871 317 0
887 294 0
898 270 0
905 255 0
906 251 0
898 251 0
889 259 0
875 278 0
873 296 0
873 312 0
879 328 0
891 337 0
907 334 0
928 319 0
947 292 0
959 259 0
959 248 0
959 243 0
958 238 0
950 244 0
939 263 0
928 289 0
926 310 0
929 322 0
935 331 0
945 333 0
958 327 0
973 316 0
978 308 0
983 304 0
983 314 0
989 321 0
997 324 0
1006 323 0
1014 320 0
1020 318 0
1024 316 0
1027 315 0
1031 314 0
1035 326 0
1041 349 0
1044 376 0
1043 396 0
1039 408 0
1031 416 0
1020 416 0
1012 410 0
1023 385 0
1061 335 0
1077 313 1
