and
483 291 0
475 291 0
468 295 0
458 302 0
443 314 0
436 321 0
432 331 0
432 338 0
435 342 0
445 343 0
465 333 0
495 307 0
506 293 0
509 287 0
513 292 0
512 305 0
510 320 0
511 329 0
513 332 0
529 323 0
541 314 0
548 309 0
554 304 0
556 311 0
557 317 0
558 321 0
572 317 0
592 304 0
599 300 0
603 299 0
608 301 0
610 305 0
612 313 0
615 321 0
619 325 0
626 325 0
630 324 1
715 300 0
707 298 0
695 299 0
680 303 0
671 306 0
665 312 0
661 318 0
660 324 0
662 329 0
668 330 0
678 325 0
692 309 0
706 285 0
715 260 0
721 242 0
724 230 0
726 222 0
726 238 0
722 268 0
720 294 0
722 310 0
731 319 0
747 325 0
766 332 1
