charles
472 288 0
467 290 0
455 294 0
443 301 0
431 311 0
420 329 0
418 340 0
419 354 0
430 361 0
454 353 0
481 334 0
515 303 0
530 281 0
534 273 0
537 259 0
536 233 0
534 221 0
533 217 0
530 219 0
526 227 0
517 255 0
509 286 0
508 309 0
510 319 0
515 325 0
520 326 0
529 321 0
538 318 0
543 316 0
547 314 0
549 318 0
554 330 0
557 340 0
564 347 0
571 350 1
667 297 0
661 300 0
614 310 0
619 314 0
613 324 0
608 336 0
605 347 0
608 354 0
615 356 0
625 355 0
637 348 0
646 338 0
656 326 0
660 322 0
664 317 0
663 321 0
661 330 0
662 338 0
673 343 0
690 344 0
702 338 0
710 334 0
715 331 0
719 329 0
721 334 0
722 339 0
722 342 0
723 331 0
723 324 0
726 320 0
734 316 0
743 314 0
756 311 0
779 303 0
803 289 0
818 277 0
826 268 0
829 264 0
834 246 0
834 236 0
821 234 0
808 242 0
791 260 0
778 285 0
772 306 0
773 330 0
780 345 0
791 352 0
812 351 0
833 341 0
852 325 0
859 316 0
863 307 0
860 300 0
857 297 0
851 297 0
845 301 0
842 304 0
840 310 0
844 321 0
852 328 0
857 330 0
867 333 0
884 337 1
928 276 0
919 287 0
915 296 0
912 305 0
912 312 0
915 318 0
920 324 0
925 329 0
926 333 0
925 338 0
924 341 1
