instructions
255 286 0
251 292 0
243 307 0
233 333 0
228 354 0
228 368 0
232 374 0
239 375 0
257 365 0
277 345 0
291 325 0
298 316 0
301 312 0
305 307 0
308 312 0
308 322 0
306 339 0
306 350 0
306 354 0
306 357 0
311 352 0
326 337 0
334 329 0
338 326 0
341 325 0
345 331 0
346 341 0
349 351 0
352 357 1
409 288 0
404 293 0
397 299 0
391 309 0
389 315 0
390 319 0
396 323 0
402 331 0
405 339 0
405 348 0
400 357 0
390 363 0
380 365 0
357 370 1
464 237 0
464 240 0
462 248 0
460 268 0
458 297 0
456 319 0
454 339 0
452 351 0
451 360 0
450 363 0
443 356 0
439 346 0
437 339 0
438 334 0
441 330 0
446 328 0
454 325 0
463 323 0
471 323 0
477 324 0
481 326 0
486 327 0
489 328 0
491 331 0
493 337 0
493 342 0
495 347 0
495 352 0
496 347 0
498 339 0
499 331 0
502 325 0
503 320 0
505 316 0
508 315 0
518 313 0
521 313 0
525 313 0
530 313 0
533 313 0
536 320 0
535 328 0
536 335 0
537 343 0
539 349 0
545 351 0
550 351 0
563 338 0
571 327 0
574 324 0
578 320 0
580 326 0
581 335 0
584 343 0
592 347 1
654 301 0
645 306 0
639 310 0
632 314 0
626 319 0
622 324 0
620 333 0
627 347 0
641 355 0
658 365 1
681 240 0
682 250 0
683 268 0
685 295 0
685 318 0
685 337 0
686 348 0
686 352 0
686 355 0
681 344 0
679 338 0
683 329 0
694 322 0
702 319 0
709 318 0
715 318 0
721 318 0
724 318 0
728 320 0
734 321 0
739 326 0
739 332 0
740 338 0
742 344 0
747 349 0
752 351 0
759 348 1
807 313 0
804 313 0
797 319 0
792 326 0
789 335 0
788 343 0
788 346 0
792 350 0
795 349 0
801 340 0
805 330 0
806 322 0
806 317 0
804 313 0
811 315 0
822 313 0
836 309 0
848 305 0
853 304 0
857 304 0
859 308 0
857 322 0
856 327 0
856 332 0
860 333 0
873 326 0
886 320 0
892 318 0
896 319 0
899 323 0
902 329 0
907 335 1
994 290 0
984 293 0
974 299 0
967 305 0
964 311 0
964 316 0
967 320 0
970 325 0
973 332 0
974 339 0
971 345 0
961 351 0
947 356 0
932 362 1
753 240 0
753 245 1
273 218 0
273 222 0
272 229 1
