the
455 248 0
451 254 0
444 270 0
436 294 0
430 315 0
428 337 0
428 358 0
432 370 0
442 383 0
457 392 0
476 394 0
492 394 0
510 394 1
412 341 0
419 344 0
438 340 0
460 334 0
466 333 1
532 261 0
532 265 0
532 269 0
529 279 0
526 297 0
524 326 0
521 351 0
520 360 0
521 367 0
523 373 0
527 375 0
533 372 0
545 366 0
560 356 0
570 349 0
573 347 0
578 344 0
582 356 0
585 364 0
593 372 0
607 376 0
630 370 0
646 359 0
652 349 0
653 343 0
651 338 0
646 335 0
640 335 0
631 339 0
623 347 0
619 356 0
627 367 0
657 383 0
674 392 1
