reasmers
253 278 0
253 282 0
253 291 0
252 304 0
252 318 0
251 328 0
250 335 0
250 338 0
250 343 0
250 336 0
249 323 0
249 309 0
249 301 0
250 294 0
253 291 0
257 289 0
264 288 0
269 289 0
281 292 0
298 293 0
318 291 0
334 288 0
343 283 0
348 278 0
351 275 0
350 270 0
343 269 0
335 270 0
326 275 0
317 285 0
309 299 0
308 311 0
310 321 0
320 330 0
333 333 0
348 333 0
357 333 1
428 295 0
424 293 0
417 289 0
409 287 0
401 285 0
393 286 0
386 290 0
380 298 0
376 309 0
377 320 0
381 327 0
392 330 0
405 329 0
415 323 0
422 317 0
427 310 0
429 306 0
432 302 0
435 301 0
437 306 0
440 313 0
444 320 0
448 322 1
521 261 0
513 264 0
502 272 0
485 287 0
481 295 0
481 299 0
486 305 0
493 310 0
500 314 0
507 319 0
511 324 0
511 327 0
500 337 0
492 337 1
558 280 0
560 284 0
561 292 0
561 300 0
561 312 0
562 322 0
562 328 0
563 331 0
566 329 0
572 320 0
585 301 0
594 289 0
598 285 0
602 286 0
605 293 0
607 300 0
610 305 0
613 308 0
622 305 0
632 300 0
642 296 0
649 294 0
657 295 0
661 303 0
664 308 0
669 314 0
676 318 0
686 318 0
708 310 0
720 300 0
729 289 0
732 280 0
732 276 0
723 273 0
714 282 0
708 297 0
709 312 0
715 325 0
732 330 0
756 325 0
776 314 0
782 311 0
787 307 0
790 304 0
794 309 0
795 314 0
797 317 0
794 300 0
793 286 0
795 278 0
798 271 0
802 268 0
824 264 0
846 258 1
892 255 0
879 262 0
868 269 0
862 274 0
862 278 0
864 282 0
869 287 0
876 295 0
879 302 0
878 310 0
873 321 0
862 330 0
854 337 0
841 346 1
