five
471 337 0
479 338 0
490 332 0
516 309 0
532 281 0
540 261 0
542 255 0
542 250 0
534 265 0
527 293 0
523 324 0
520 343 0
520 354 0
515 390 0
511 408 0
510 415 0
508 419 0
506 405 0
506 380 0
508 356 0
510 350 0
512 345 0
516 343 0
522 341 0
532 341 0
555 343 0
580 341 0
593 338 0
600 334 0
604 329 0
606 326 0
610 323 0
612 332 0
613 340 0
614 348 0
616 354 0
617 357 0
625 362 0
635 361 1
673 320 0
673 323 0
674 330 0
676 337 0
679 343 0
681 348 0
683 353 0
686 354 0
689 351 0
693 344 0
698 336 0
703 330 1
743 332 0
746 333 0
751 329 0
752 324 0
753 319 0
750 314 0
746 310 0
740 311 0
737 318 0
736 334 0
742 350 0
759 359 0
785 359 0
803 357 0
809 357 1
609 243 0
611 247 1
