the
517 235 0
517 239 0
516 247 0
510 273 0
505 301 0
501 322 0
501 347 0
505 361 0
511 371 0
521 378 0
532 379 0
546 377 0
552 377 1
500 315 0
502 319 0
509 323 0
528 324 0
544 323 0
560 322 1
601 257 0
603 260 0
601 272 0
599 289 0
596 307 0
593 329 0
591 345 0
590 356 0
590 362 0
597 363 0
604 358 0
609 355 0
614 354 0
617 354 0
620 355 0
624 357 0
630 359 0
644 360 0
673 352 0
699 337 0
717 321 0
722 313 0
722 309 0
723 305 0
716 306 0
707 311 0
697 321 0
690 336 0
688 346 0
695 356 0
716 362 0
736 368 1
