nicholas
258 286 0
260 294 0
260 306 0
261 330 0
262 346 0
263 357 0
263 364 0
270 364 0
288 348 0
307 330 0
317 322 0
324 318 0
328 316 0
334 324 0
339 333 0
347 343 0
361 347 0
387 339 0
409 324 0
420 313 0
425 306 0
427 303 0
427 315 0
428 325 0
432 336 0
439 342 0
443 345 1
509 297 0
507 300 0
503 304 0
497 309 0
492 316 0
488 325 0
486 334 0
488 340 0
493 343 0
508 339 0
534 324 0
555 304 0
572 278 0
580 255 0
583 233 0
584 218 0
583 211 0
576 214 0
568 226 0
559 253 0
556 282 0
556 301 0
560 315 0
566 321 0
572 322 0
579 319 0
585 316 0
588 314 0
593 315 0
596 323 0
598 330 0
604 335 1
675 297 0
670 299 0
663 306 0
658 314 0
656 323 0
656 327 0
662 338 0
671 343 0
680 341 0
686 334 0
689 325 0
688 317 0
684 309 0
682 306 0
680 301 0
700 303 0
727 291 0
747 277 0
768 258 0
777 243 0
780 232 0
780 223 0
779 217 0
768 218 0
753 229 0
737 250 0
730 267 0
728 276 0
729 305 0
736 328 0
742 335 0
746 333 1
843 292 0
834 291 0
826 291 0
817 294 0
805 299 0
793 308 0
786 316 0
784 323 0
786 327 0
793 329 0
809 323 0
825 314 0
834 307 0
838 302 0
840 299 0
840 304 0
841 311 0
844 319 0
851 324 1
930 263 0
921 270 0
911 279 0
904 289 0
904 295 0
908 301 0
915 308 0
920 314 0
923 319 0
923 322 0
919 326 1
418 208 0
418 211 1
