has
430 247 0
430 250 0
430 254 0
430 278 0
430 305 0
431 325 0
433 335 0
436 343 0
440 346 0
446 344 0
460 336 0
478 328 0
484 326 0
492 329 0
497 336 0
502 344 0
510 352 0
522 356 0
532 358 0
550 358 1
609 314 0
603 315 0
594 315 0
584 316 0
574 319 0
565 324 0
561 330 0
561 335 0
562 340 0
574 339 0
591 329 0
597 326 0
601 325 0
607 328 0
613 334 0
624 340 0
634 345 0
650 352 1
701 288 0
690 294 0
681 301 0
677 307 0
677 311 0
698 329 0
710 340 0
710 343 0
706 348 0
695 353 0
679 356 0
676 357 0
660 359 1
