until
323 295 0
323 299 0
322 310 0
323 324 0
326 342 0
333 357 0
340 364 0
349 365 0
359 360 0
370 352 0
381 341 0
387 333 0
392 325 0
395 320 0
397 316 0
398 313 0
399 308 0
404 321 0
406 330 0
409 338 0
413 343 0
420 342 0
429 336 0
437 327 0
444 318 0
446 314 0
449 310 0
453 315 0
456 321 0
458 325 0
462 329 0
466 325 0
469 323 0
474 319 0
478 320 0
481 326 0
485 334 0
490 341 0
502 344 0
512 343 0
529 341 1
529 215 0
529 218 0
530 227 0
532 260 0
535 315 0
536 333 0
536 341 0
537 345 0
531 335 0
528 326 0
525 319 0
523 315 0
524 310 0
531 304 0
538 301 0
546 298 0
553 296 0
557 296 0
561 295 0
567 306 0
568 313 0
570 321 0
579 327 0
594 327 0
606 321 0
617 309 0
627 294 0
635 277 0
643 255 0
645 246 0
645 239 0
643 232 0
640 226 0
636 221 0
630 229 0
627 243 0
622 275 0
623 303 0
627 320 0
630 330 0
637 336 0
640 337 1
572 203 0
572 210 0
574 223 0
577 243 1
