and
520 299 0
515 299 0
508 300 0
498 305 0
492 308 0
483 317 0
468 342 0
463 359 0
465 366 0
469 367 0
475 365 0
489 350 0
498 338 0
503 329 0
506 324 0
510 318 0
511 324 0
512 336 0
516 346 0
523 351 0
531 349 0
542 342 0
553 332 0
560 325 0
563 321 0
569 324 0
570 333 0
576 336 0
584 333 0
593 328 0
601 326 0
606 326 0
610 326 0
615 332 0
619 338 0
623 342 1
732 307 0
725 307 0
720 307 0
698 309 0
676 316 0
668 321 0
667 333 0
672 340 0
682 343 0
701 334 0
719 315 0
730 291 0
735 271 0
736 260 0
738 253 0
738 249 0
737 257 0
732 281 0
732 305 0
734 317 0
750 335 0
760 344 0
770 353 1
