subaltern
305 288 0
296 296 0
290 306 0
286 318 0
287 332 0
296 343 0
308 351 0
320 358 0
327 363 0
330 369 0
330 375 0
325 381 0
304 392 0
286 395 0
280 395 0
279 388 1
366 303 0
366 307 0
364 319 0
359 347 0
359 356 0
360 359 0
369 355 0
376 347 0
380 343 0
385 339 0
388 343 0
390 350 0
395 355 0
406 358 0
424 362 1
445 245 0
443 262 0
441 289 0
440 302 0
441 312 0
443 317 0
449 321 0
458 323 0
468 324 0
478 326 0
484 330 0
488 333 0
489 341 0
489 350 0
480 361 0
467 368 0
455 369 0
447 367 1
577 343 0
569 337 0
560 331 0
551 329 0
543 329 0
537 332 0
533 337 0
532 344 0
536 353 0
543 359 0
552 360 0
562 354 0
573 342 0
577 336 0
580 333 0
583 337 0
585 346 0
588 355 0
593 364 0
612 357 0
641 330 0
652 311 0
660 283 0
662 267 0
662 259 0
661 255 0
657 253 0
651 261 0
641 279 0
634 298 0
634 317 0
637 338 0
642 350 0
651 353 0
666 343 0
680 318 0
686 291 0
688 273 0
689 267 0
689 263 0
692 290 0
694 322 0
695 337 0
696 342 0
698 346 0
698 351 0
696 346 0
693 339 0
691 332 0
690 328 0
702 330 0
726 336 0
743 338 0
754 336 0
760 333 0
763 327 0
763 320 0
761 313 0
755 312 0
749 321 0
746 331 0
747 339 0
751 346 0
762 350 0
773 349 0
781 346 0
788 342 0
791 341 0
795 339 0
802 346 0
803 340 0
803 330 0
805 322 0
808 316 0
815 311 0
826 310 0
833 310 0
837 312 0
842 324 0
846 332 0
848 337 0
851 339 0
855 339 0
864 334 0
874 328 0
882 324 0
887 322 0
891 322 0
897 329 0
901 335 0
908 342 0
928 350 0
944 355 0
960 359 1
