made
377 333 0
380 338 0
382 347 0
384 362 0
387 377 0
390 384 0
397 384 0
403 376 0
409 369 0
415 361 0
422 355 0
429 351 0
433 351 0
436 352 0
441 357 0
443 360 0
452 360 0
459 357 0
470 355 0
477 357 0
482 361 0
485 366 0
489 372 0
497 377 1
588 343 0
580 342 0
572 341 0
562 340 0
553 341 0
547 344 0
542 348 0
540 355 0
539 364 0
542 373 0
549 378 0
555 380 0
559 379 0
573 368 0
579 360 0
582 355 0
585 357 0
587 361 0
596 366 0
611 368 0
635 367 0
651 366 0
660 365 1
729 341 0
722 340 0
708 340 0
685 340 0
672 342 0
663 347 0
656 352 0
652 359 0
651 363 0
656 374 0
671 377 0
695 370 0
715 352 0
726 334 0
731 318 0
735 306 0
737 297 0
737 290 0
737 286 0
733 290 0
729 301 0
727 325 0
729 350 0
735 364 0
748 373 0
774 373 0
795 362 0
804 348 0
809 337 0
809 331 0
807 327 0
797 333 0
791 345 0
792 356 0
802 365 0
814 376 0
820 380 1
