impress
338 318 0
336 327 0
334 342 0
330 363 0
330 375 0
332 378 0
344 379 0
365 367 0
382 354 0
386 352 0
397 347 0
404 346 0
407 349 0
410 352 0
411 355 0
414 359 0
421 358 0
433 352 0
443 344 0
450 341 0
456 338 0
460 338 0
464 342 0
468 346 0
471 351 0
473 354 0
476 356 0
480 357 0
484 357 0
492 358 0
502 360 0
513 361 0
520 362 0
533 365 1
558 360 0
559 371 0
559 385 0
558 405 0
556 421 0
555 429 0
554 435 0
555 438 0
554 426 0
551 371 0
555 341 0
560 334 0
566 330 0
576 329 0
588 332 0
592 337 0
592 344 0
590 350 0
587 355 0
579 363 0
565 370 0
562 371 0
574 363 0
594 352 0
603 348 0
609 348 0
614 349 0
618 351 0
621 356 0
623 362 0
624 366 0
626 369 0
627 372 0
630 367 0
631 361 0
636 356 0
643 357 0
653 357 0
668 357 0
683 355 0
694 351 0
698 348 0
701 347 0
704 339 0
704 334 0
699 330 0
692 336 0
684 343 0
678 352 0
675 362 0
678 367 0
688 370 0
710 369 0
727 368 1
780 317 0
769 321 0
760 326 0
749 332 0
745 335 0
744 338 0
746 341 0
750 347 0
753 351 0
753 354 0
750 363 0
742 373 0
736 380 1
821 320 0
808 328 0
799 334 0
795 340 0
795 344 0
808 351 0
816 356 0
820 362 0
818 368 0
810 375 0
795 384 0
787 388 0
763 399 1
369 217 0
368 220 0
367 226 1
