1755
390 390 0
402 390 0
422 378 0
444 357 0
464 334 0
475 319 0
481 309 0
483 305 0
487 309 0
488 326 0
486 357 0
487 384 0
488 401 0
491 405 1
532 302 0
537 302 0
546 302 0
570 308 0
580 312 0
588 317 0
591 327 0
593 347 0
593 367 0
592 380 0
591 387 0
586 404 1
566 360 0
577 360 0
604 360 0
626 360 1
686 300 0
678 306 0
670 314 0
665 324 0
666 332 0
671 339 0
682 346 0
696 354 0
705 361 0
708 366 0
710 370 0
703 375 0
690 378 0
678 376 0
674 375 1
689 303 0
692 306 0
708 309 0
733 314 1
806 309 0
802 314 0
794 321 0
787 329 0
783 335 0
784 339 0
790 342 0
799 346 0
807 352 0
811 356 0
813 364 0
809 373 0
800 382 0
788 386 0
779 385 0
757 382 1
800 309 0
804 309 0
813 309 0
830 309 0
847 309 1
