orders
407 319 0
400 318 0
394 318 0
385 324 0
376 337 0
372 350 0
373 360 0
378 366 0
388 368 0
403 365 0
412 358 0
418 349 0
420 339 0
421 333 0
421 330 0
431 333 0
440 333 0
449 333 0
455 335 0
460 338 0
463 340 0
467 346 0
468 356 0
467 359 0
467 362 0
468 352 0
469 340 0
470 332 0
471 328 0
472 326 0
475 324 0
480 323 0
484 322 1
567 318 0
563 318 0
554 319 0
545 320 0
522 329 0
508 344 0
503 353 0
502 361 0
504 365 0
516 365 0
553 344 0
580 319 0
596 295 0
608 271 0
617 251 0
620 241 0
622 237 0
621 234 0
605 256 0
589 283 0
577 311 0
566 338 0
568 355 0
571 362 0
580 368 0
600 368 0
629 356 0
661 328 0
671 316 0
673 309 0
668 310 0
657 319 0
640 340 0
633 353 0
633 358 0
638 359 0
649 359 0
671 355 0
686 351 0
695 347 0
704 345 0
710 344 0
714 348 0
715 352 0
712 345 0
715 332 0
719 321 0
723 312 0
730 302 1
772 292 0
766 295 0
762 297 0
758 300 0
756 304 0
760 308 0
768 315 0
773 322 0
776 331 0
775 339 0
772 348 0
766 355 0
760 359 1
