expeditiously
81 303 0
84 307 0
90 308 0
99 307 0
109 302 0
118 296 0
127 284 0
130 277 0
125 275 0
118 277 0
107 286 0
97 298 0
92 311 0
92 326 0
95 333 0
103 337 0
122 337 0
148 332 0
171 327 1
229 275 0
224 279 0
214 287 0
204 296 0
195 302 0
191 306 0
172 320 0
163 326 0
153 332 1
171 280 0
177 290 0
183 301 0
194 313 0
200 320 0
210 331 1
260 298 0
261 302 0
261 309 0
261 316 0
259 322 0
257 350 0
255 369 0
254 376 0
254 380 0
253 368 0
249 340 0
251 312 0
255 296 0
260 290 0
267 286 0
275 286 0
283 291 0
289 298 0
292 306 0
291 313 0
286 322 0
279 327 0
273 329 0
266 329 1
317 309 0
324 311 0
329 310 0
332 308 0
335 304 0
338 298 0
339 293 0
340 291 0
335 290 0
329 300 0
326 308 0
326 317 0
327 324 0
334 327 0
338 327 1
430 290 0
421 293 0
411 295 0
400 298 0
388 304 0
382 310 0
380 316 0
380 322 0
381 325 0
391 329 0
400 326 0
416 316 0
431 295 0
441 271 0
448 247 0
452 231 0
453 225 0
451 241 0
451 268 0
448 290 0
449 302 0
452 310 0
460 315 0
466 315 0
472 312 0
478 309 0
482 307 0
484 306 0
487 306 0
489 309 0
498 318 1
552 215 0
552 218 0
553 226 0
554 230 0
555 243 0
556 273 0
558 294 0
558 303 0
558 306 0
558 311 0
558 313 0
554 312 0
548 307 0
544 303 0
542 299 0
548 292 0
557 288 0
570 286 0
580 285 0
588 285 0
591 285 0
596 286 0
598 288 0
601 301 0
603 307 0
605 311 0
607 314 1
690 276 0
686 278 0
678 282 0
671 289 0
668 296 0
667 300 0
669 303 0
675 306 0
681 307 0
685 307 0
688 306 0
690 300 0
691 293 0
692 288 0
692 286 0
696 286 0
703 285 0
715 282 0
726 279 0
730 278 0
734 277 0
737 278 0
739 282 0
740 288 0
742 293 0
743 299 0
746 302 0
750 302 0
757 303 0
762 302 0
766 301 0
769 301 0
772 302 0
777 306 0
788 307 0
805 305 0
824 301 0
830 300 1
838 261 0
837 265 0
837 270 0
839 273 0
851 280 0
860 286 0
867 290 0
871 295 0
874 298 0
874 303 0
868 308 0
858 313 0
844 315 0
833 316 0
823 316 0
818 316 1
903 218 0
903 223 0
901 233 0
898 248 0
896 268 0
895 286 0
896 293 0
899 298 0
906 301 0
916 300 0
925 296 0
931 293 0
935 290 0
938 289 0
939 293 0
939 296 0
946 300 0
952 302 0
960 301 0
966 299 0
970 298 0
973 298 0
976 299 0
979 310 0
980 329 0
979 350 0
977 362 0
974 369 0
968 376 0
958 377 0
954 376 0
951 371 0
955 362 0
981 330 0
991 316 1
503 211 0
503 215 0
501 222 0
500 227 1
614 199 0
614 203 0
612 207 1
