25th
432 277 0
452 275 0
474 275 0
484 276 0
486 280 0
485 287 0
479 304 0
470 329 0
463 353 0
460 368 0
461 378 0
467 383 0
480 381 0
492 379 0
507 374 1
566 290 0
562 292 0
558 294 0
555 296 0
550 301 0
551 305 0
560 318 0
565 327 0
567 338 0
567 351 0
564 360 0
558 367 0
552 369 1
558 285 0
561 286 0
588 284 0
600 283 0
615 281 1
710 277 0
707 285 0
698 300 0
685 323 0
676 340 0
671 357 0
672 372 0
677 380 0
687 385 0
707 386 0
726 388 1
672 340 0
673 344 0
686 343 0
709 339 0
719 337 1
775 276 0
774 286 0
770 306 0
767 332 0
764 358 0
763 369 0
763 376 0
763 380 0
772 375 0
783 370 0
793 368 0
802 370 0
808 372 0
812 376 0
818 381 0
821 383 1
