recruits
360 350 0
361 357 0
361 368 0
362 384 0
363 394 0
363 398 0
364 401 0
364 395 0
363 382 0
364 370 0
369 361 0
374 357 0
381 357 0
391 360 0
409 364 0
433 365 0
443 363 0
453 360 0
456 356 0
456 351 0
455 346 0
450 344 0
441 346 0
433 353 0
423 367 0
419 386 0
421 397 0
428 404 0
443 405 0
459 405 0
469 404 1
547 357 0
536 357 0
522 358 0
505 367 0
496 377 0
493 386 0
494 395 0
501 400 0
517 399 0
543 391 0
557 381 0
565 373 0
572 369 0
576 367 0
578 366 0
580 371 0
581 377 0
580 384 0
579 390 0
578 394 0
578 397 0
581 390 0
582 375 0
583 367 0
585 364 0
588 361 0
596 361 0
609 359 0
617 358 0
622 358 0
625 358 0
628 366 0
629 373 0
630 380 0
631 384 0
633 388 0
636 387 0
648 379 0
659 371 0
668 366 0
671 365 0
675 363 0
678 363 0
679 368 0
677 374 0
679 381 0
683 384 0
691 382 0
699 378 0
704 375 0
715 367 0
720 363 0
724 362 0
726 369 0
726 374 0
728 378 0
741 381 0
749 381 0
764 381 1
789 248 0
791 258 0
793 271 0
793 302 0
790 328 0
789 349 0
785 365 0
783 373 0
783 376 0
781 379 0
780 369 0
780 363 0
780 358 0
780 352 0
782 349 0
786 348 0
794 344 0
803 339 0
823 326 1
866 317 0
858 322 0
852 327 0
849 330 0
847 334 0
848 340 0
853 345 0
859 350 0
864 357 0
866 362 0
866 367 0
862 372 0
846 380 0
829 385 0
813 390 1
737 265 0
737 270 1
