and
464 340 0
464 337 0
458 332 0
451 329 0
441 328 0
433 330 0
426 335 0
419 345 0
411 360 0
407 374 0
408 382 0
410 386 0
420 386 0
434 379 0
455 366 0
464 359 0
470 353 0
476 349 0
480 348 0
482 354 0
480 366 0
479 377 0
480 384 0
486 387 0
500 383 0
522 369 0
534 362 0
540 359 0
544 357 0
547 356 0
549 360 0
548 369 0
548 377 0
550 383 0
552 386 0
559 387 0
569 381 0
585 373 0
590 372 0
595 370 0
598 369 0
600 370 0
604 376 0
608 381 0
612 384 1
705 351 0
698 348 0
688 348 0
671 351 0
659 356 0
652 363 0
645 372 0
644 380 0
645 384 0
653 386 0
669 380 0
692 363 0
708 342 0
720 323 0
726 308 0
732 292 0
733 288 0
735 285 0
728 302 0
714 343 0
713 359 0
714 368 0
721 376 0
738 378 0
757 378 0
775 377 1
