at
555 336 0
552 333 0
546 328 0
539 325 0
530 325 0
525 326 0
518 330 0
511 338 0
506 349 0
504 352 0
504 362 0
509 374 0
516 378 0
524 377 0
536 371 0
546 363 0
553 355 0
556 351 0
557 348 0
558 345 0
559 358 0
561 365 0
566 370 0
576 371 0
597 368 0
616 365 1
658 215 0
657 222 0
656 233 0
654 252 0
650 282 0
648 309 0
647 328 0
646 344 0
646 355 0
646 363 0
646 367 0
646 370 0
644 366 0
640 354 0
634 339 0
630 327 0
629 323 0
628 319 0
629 314 0
631 311 0
640 307 0
665 302 0
681 299 0
700 295 1
