and
496 333 0
498 329 0
494 326 0
488 322 0
478 322 0
465 327 0
452 335 0
444 344 0
441 355 0
440 361 0
453 366 0
464 364 0
475 359 0
484 353 0
490 347 0
495 341 0
499 336 0
502 333 0
504 330 0
507 335 0
509 342 0
514 350 0
520 354 0
530 354 0
542 348 0
552 341 0
557 335 0
560 331 0
562 329 0
564 327 0
567 332 0
570 342 0
573 346 0
577 348 0
585 346 0
593 344 0
601 342 0
607 342 0
614 345 0
620 348 0
626 353 0
633 357 0
640 359 1
740 328 0
730 327 0
722 326 0
707 325 0
703 325 0
698 327 0
688 338 0
685 348 0
685 354 0
689 356 0
696 354 0
711 344 0
726 326 0
736 307 0
746 281 0
753 259 0
755 255 0
757 252 0
749 283 0
742 310 0
742 328 0
747 337 0
761 345 0
776 351 0
791 357 1
