with
398 310 0
400 316 0
400 329 0
401 352 0
402 365 0
403 369 0
408 374 0
411 375 0
417 372 0
419 370 0
424 367 0
434 367 0
442 370 0
449 375 0
456 379 0
461 380 0
468 378 0
475 373 0
478 367 0
482 360 0
484 351 0
486 343 0
486 338 0
488 333 0
504 330 0
520 325 0
532 319 0
539 317 0
543 316 0
545 315 0
548 318 0
550 328 0
552 334 0
555 341 0
561 353 0
567 358 0
577 359 0
580 359 1
627 239 0
628 253 0
629 278 0
630 303 0
629 322 0
629 333 0
629 343 0
629 351 0
629 354 0
629 358 0
624 353 0
620 347 0
618 341 0
618 334 0
621 330 0
628 327 0
639 322 0
656 314 0
670 303 0
677 295 0
682 281 0
685 259 0
686 254 0
687 251 0
685 257 0
679 277 0
675 301 0
672 321 0
672 332 0
673 337 0
677 341 0
681 342 0
686 341 0
691 341 0
695 342 0
702 346 0
709 350 0
719 352 0
726 352 0
741 352 1
547 242 0
545 247 1
