has
506 242 0
509 244 0
510 250 0
511 263 0
510 291 0
508 317 0
508 340 0
509 353 0
511 366 0
514 370 0
519 369 0
528 364 0
547 351 0
558 345 0
561 343 0
566 343 0
569 345 0
572 348 0
576 352 0
587 357 0
601 361 0
620 365 0
630 367 1
683 313 0
677 313 0
667 315 0
654 317 0
643 323 0
630 332 0
623 343 0
619 352 0
619 358 0
626 359 0
642 354 0
665 340 0
673 333 0
676 332 0
680 332 0
686 342 0
690 348 0
694 351 1
758 293 0
750 299 0
736 311 0
726 323 0
724 332 0
729 338 0
743 343 0
764 349 0
775 353 0
781 356 0
781 361 0
772 370 0
760 379 0
745 388 1
