and
503 364 0
501 357 0
491 347 0
486 342 0
478 338 0
470 337 0
462 342 0
454 351 0
448 367 0
447 377 0
449 381 0
453 384 0
462 381 0
472 373 0
479 366 0
485 359 0
486 356 0
490 353 0
492 354 0
492 360 0
493 366 0
496 373 0
501 376 0
512 372 0
524 365 0
529 362 0
535 359 0
540 357 0
544 357 0
547 360 0
551 365 0
556 368 0
560 370 0
568 369 0
575 367 0
581 367 0
586 368 0
593 369 0
602 370 1
698 353 0
693 349 0
683 349 0
661 355 0
643 363 0
640 367 0
637 372 0
640 377 0
649 374 0
665 363 0
679 346 0
690 328 0
693 307 0
695 292 0
696 287 0
696 285 0
695 292 0
690 317 0
686 344 0
687 357 0
694 364 0
708 367 0
726 369 0
733 370 1
