bushel
212 255 0
218 272 0
220 294 0
222 316 0
223 329 0
223 340 0
223 344 0
223 349 0
230 335 0
238 329 0
248 326 0
257 325 0
266 329 0
271 334 0
273 342 0
271 353 0
263 365 0
251 376 0
236 382 0
220 381 0
213 376 1
291 330 0
290 333 0
290 344 0
291 350 0
293 355 0
296 359 0
300 359 0
307 356 0
317 349 0
325 343 0
331 340 0
333 343 0
335 349 0
339 355 0
344 360 0
347 363 1
396 316 0
391 317 0
387 318 0
382 322 0
378 326 0
378 330 0
384 337 0
388 342 0
390 347 0
390 354 0
386 362 0
380 367 0
377 368 1
432 253 0
430 266 0
428 283 0
427 300 0
426 312 0
425 329 0
424 340 0
423 348 0
423 352 0
423 356 0
435 350 0
441 345 0
447 343 0
451 343 0
454 345 0
464 355 0
472 360 0
478 362 0
486 361 0
493 357 0
500 350 0
501 347 0
504 337 0
504 330 0
500 331 0
501 340 0
506 347 0
514 354 0
525 356 0
545 350 0
567 336 0
580 321 0
587 301 0
590 286 0
590 277 0
587 273 0
583 273 0
577 276 0
567 289 0
556 314 0
555 335 0
561 349 0
582 362 0
596 370 0
601 373 1
