you
420 324 0
421 327 0
422 335 0
425 346 0
430 356 0
437 358 0
445 356 0
455 350 0
466 343 0
470 341 0
476 339 0
480 339 0
484 350 0
488 363 0
489 382 0
490 405 0
486 424 0
476 442 0
467 453 0
458 458 0
451 454 0
449 440 0
455 417 0
471 398 0
490 376 0
509 359 0
523 349 0
531 344 0
537 342 0
541 340 0
544 343 0
543 349 0
542 356 0
541 364 0
543 372 0
547 374 0
559 370 0
564 364 0
567 355 0
565 346 0
559 337 0
550 332 0
543 332 0
539 333 0
542 339 0
550 341 0
571 339 0
589 334 0
598 332 0
606 330 0
613 329 0
618 329 0
622 331 0
625 334 0
624 340 0
621 347 0
621 354 0
622 362 0
627 366 0
631 367 0
645 360 0
662 348 0
670 342 0
674 341 0
677 340 0
679 348 0
687 360 0
698 371 0
709 380 1
