pounds
338 318 0
339 327 0
341 350 0
340 378 0
340 402 0
340 417 0
340 423 0
340 426 0
338 418 0
334 391 0
336 351 0
342 331 0
348 323 0
363 314 0
375 314 0
387 316 0
394 322 0
396 331 0
393 340 0
386 354 0
376 361 0
367 366 1
443 327 0
441 331 0
441 342 0
445 351 0
451 357 0
460 358 0
469 354 0
476 347 0
479 337 0
476 330 0
471 322 0
461 317 0
453 317 0
448 320 1
503 308 0
503 312 0
502 320 0
503 329 0
504 337 0
506 342 0
510 346 0
515 345 0
520 341 0
528 332 0
534 325 0
540 319 0
543 319 0
548 327 0
551 331 0
554 334 0
566 333 0
570 331 0
575 327 0
582 324 0
589 324 0
592 324 0
597 330 0
602 336 0
605 339 0
613 339 0
624 337 0
631 335 0
636 335 0
644 337 0
652 338 1
733 316 0
726 316 0
714 316 0
703 319 0
686 332 0
678 343 0
678 349 0
680 352 0
688 350 0
707 336 0
723 319 0
731 298 0
738 274 0
742 259 0
743 254 0
744 251 0
745 257 0
742 277 0
736 302 0
734 323 0
735 333 0
737 338 0
745 341 1
835 292 0
821 300 0
806 308 0
798 317 0
796 321 0
796 326 0
803 330 0
809 335 0
813 339 0
813 343 0
809 350 0
788 362 0
776 368 0
761 374 1
