that
426 253 0
426 258 0
425 268 0
421 296 0
419 324 0
417 350 0
419 366 0
423 377 0
434 387 0
446 391 0
462 394 0
466 395 0
482 397 1
403 350 0
406 353 0
427 348 0
441 344 0
456 338 1
518 265 0
518 273 0
518 284 0
518 297 0
516 317 0
516 333 0
517 345 0
517 354 0
519 360 0
522 362 0
533 357 0
545 350 0
554 345 0
560 343 0
562 345 0
565 352 0
570 362 0
578 372 0
585 377 0
589 379 1
676 335 0
663 335 0
647 338 0
631 343 0
619 351 0
613 357 0
611 365 0
619 369 0
633 368 0
655 359 0
662 354 0
669 350 0
672 348 0
676 356 0
677 360 0
677 363 0
686 365 0
697 363 0
719 360 1
744 258 0
744 263 0
744 275 0
743 290 0
744 295 0
741 337 0
738 365 0
738 372 0
738 376 0
734 364 0
731 355 0
731 352 0
728 347 0
732 345 0
742 343 0
766 340 0
783 337 0
791 336 1
