until
467 301 0
467 305 0
464 313 0
463 325 0
460 340 0
460 351 0
461 359 0
462 363 0
465 366 0
472 363 0
480 358 0
489 353 0
497 349 0
504 345 0
510 342 0
512 341 0
515 339 0
518 339 0
520 344 0
520 352 0
520 360 0
523 365 0
526 366 0
531 366 0
539 360 0
552 350 0
559 341 0
562 337 0
566 334 0
566 344 0
567 348 0
568 350 0
573 351 0
581 344 0
590 338 0
594 338 0
597 338 0
601 347 0
603 351 0
613 355 0
620 356 1
665 232 0
666 239 0
666 255 0
663 283 0
661 304 0
659 326 0
659 338 0
659 341 0
659 345 0
655 343 0
650 337 0
649 335 0
650 332 0
655 329 0
662 326 0
669 324 0
675 323 0
679 322 0
681 321 0
684 322 0
687 324 0
689 334 0
693 342 0
702 351 0
717 353 0
740 343 0
765 324 0
781 303 0
790 281 0
793 270 0
790 261 0
779 260 0
767 268 0
754 286 0
748 305 0
750 329 0
757 342 0
767 347 0
787 350 0
807 353 1
721 242 0
721 245 1
