sent
490 317 0
486 318 0
477 324 0
464 335 0
456 345 0
456 349 0
460 352 0
471 354 0
489 356 0
501 359 0
508 362 0
508 368 0
500 374 0
487 382 0
472 389 0
466 392 1
540 355 0
547 353 0
559 345 0
566 337 0
568 332 0
568 327 0
568 324 0
564 323 0
559 326 0
550 338 0
544 351 0
541 360 0
543 365 0
550 366 0
561 363 0
579 355 0
599 345 0
605 342 0
612 338 0
617 333 0
620 331 0
622 335 0
623 344 0
625 354 0
630 361 0
636 363 0
650 359 0
671 351 0
678 348 0
684 348 0
687 349 0
690 352 0
693 357 0
695 361 0
696 364 1
741 245 0
743 249 0
743 258 0
743 261 0
743 281 0
738 321 0
736 341 0
735 350 0
735 356 0
735 363 0
736 371 0
737 377 0
737 379 0
739 383 0
736 370 0
731 357 0
729 350 0
727 346 0
726 344 0
734 344 0
753 342 0
773 340 0
778 339 1
