required
310 302 0
310 306 0
308 317 0
306 327 0
303 339 0
302 347 0
300 352 0
298 357 0
296 364 0
297 354 0
298 346 0
298 339 0
298 336 0
303 332 0
309 331 0
321 333 0
344 333 0
362 331 0
375 326 0
387 320 0
391 316 0
393 307 0
388 302 0
384 302 0
374 307 0
361 318 0
355 332 0
353 342 0
364 349 0
381 352 0
400 355 1
464 315 0
454 315 0
448 315 0
441 318 0
433 324 0
429 331 0
428 339 0
435 344 0
443 342 0
452 336 0
458 330 0
464 325 0
467 347 0
462 396 0
463 407 0
464 412 1
507 299 0
507 303 0
506 308 0
505 319 0
506 328 0
508 337 0
515 339 0
520 334 0
527 329 0
530 326 0
534 321 0
537 320 0
537 324 0
540 331 0
544 335 0
549 337 0
556 335 0
569 328 0
579 322 0
584 319 0
587 317 0
589 318 0
591 321 0
592 324 0
594 328 0
598 330 0
612 332 0
621 330 0
627 330 0
631 330 0
634 333 0
636 335 0
641 326 0
642 317 0
643 308 0
643 305 0
643 301 0
651 304 0
659 305 0
671 307 0
683 307 0
695 303 0
703 300 0
707 298 0
707 293 0
702 291 0
697 292 0
692 295 0
686 302 0
685 310 0
686 319 0
690 329 0
697 333 0
700 332 1
798 291 0
795 291 0
786 291 0
774 295 0
759 301 0
748 310 0
743 320 0
742 331 0
746 337 0
755 338 0
775 330 0
794 313 0
807 292 0
816 265 0
820 241 0
822 232 0
823 228 0
821 235 0
816 258 0
810 312 0
816 332 0
822 337 0
833 338 0
853 340 1
586 224 0
586 228 0
586 235 0
586 237 1
