you
502 311 0
501 319 0
500 331 0
500 342 0
501 349 0
506 352 0
513 351 0
519 348 0
531 340 0
544 330 0
548 327 0
551 325 0
553 325 0
557 328 0
557 339 0
556 357 0
555 383 0
550 405 0
537 428 0
522 441 0
514 443 0
511 440 0
509 422 0
517 397 0
534 374 0
553 356 0
575 342 0
594 331 0
599 327 0
603 325 0
608 323 0
608 333 0
608 342 0
611 351 0
623 359 0
634 359 0
647 357 0
655 353 0
656 348 0
653 341 0
643 332 0
621 322 0
612 320 0
610 323 0
622 325 0
649 323 0
678 317 0
697 310 0
707 307 0
712 307 0
715 309 0
717 319 0
715 330 0
713 342 0
713 348 0
713 350 0
719 351 0
727 345 0
736 340 0
741 338 0
744 337 0
751 343 0
763 349 0
783 359 1
