williamsburgh
113 292 0
109 294 0
109 301 0
108 313 0
106 330 0
107 342 0
108 346 0
110 349 0
122 341 0
141 326 0
152 319 0
160 316 0
167 317 0
171 318 0
174 322 0
182 331 0
188 335 0
194 336 0
199 334 0
202 328 0
205 322 0
208 317 0
210 314 0
215 311 0
218 311 0
222 312 0
230 308 0
242 303 0
248 300 0
251 300 0
256 299 0
258 299 0
261 299 0
261 303 0
258 314 0
258 330 0
263 337 0
273 338 0
293 331 0
317 316 0
339 296 0
355 271 0
366 245 0
371 226 0
370 217 0
370 213 0
366 211 0
356 224 0
339 257 0
323 300 0
324 311 0
328 318 0
335 324 0
350 322 0
370 315 0
389 296 0
404 271 0
413 248 0
415 236 0
416 233 0
401 264 0
393 291 0
390 307 0
391 316 0
396 322 0
402 323 0
411 320 0
427 313 0
439 306 0
446 305 0
450 310 0
453 314 0
460 318 1
476 233 0
474 237 1
546 287 0
543 287 0
528 291 0
516 296 0
510 301 0
507 303 0
502 309 0
501 315 0
503 319 0
506 321 0
512 321 0
517 320 0
523 318 0
528 315 0
533 311 0
542 305 0
544 303 0
546 305 0
552 311 0
556 313 0
563 313 0
574 310 0
586 302 0
592 297 0
596 294 0
599 291 0
603 294 0
605 302 0
607 305 0
610 309 0
613 308 0
621 304 0
628 300 0
634 301 0
638 304 0
641 306 0
644 308 0
647 310 0
654 309 0
664 306 0
669 304 0
673 304 0
676 305 0
679 307 0
681 311 0
688 318 0
690 319 1
747 271 0
744 273 0
737 276 0
729 282 0
730 289 0
736 294 0
746 300 0
755 306 0
758 308 0
760 316 0
760 321 0
753 325 0
750 326 1
818 217 0
818 221 0
818 230 0
817 253 0
815 279 0
813 290 0
813 294 0
815 298 0
822 295 0
837 295 0
853 296 0
860 299 0
863 302 0
863 306 0
859 312 0
847 321 0
827 332 0
818 333 1
881 282 0
881 286 0
878 298 0
876 310 0
876 318 0
881 322 0
891 318 0
903 308 0
914 297 0
922 291 0
925 288 0
926 297 0
925 303 0
926 309 0
928 313 0
936 317 0
948 318 0
962 319 0
972 319 0
978 319 0
981 320 0
977 310 0
979 303 0
983 297 0
992 292 1
1038 295 0
1035 291 0
1027 291 0
1022 296 0
1016 301 0
1012 307 0
1012 311 0
1017 314 0
1023 313 0
1032 310 0
1042 304 0
1051 297 0
1057 291 0
1059 290 0
1060 295 0
1058 311 0
1056 332 0
1055 349 0
1055 364 0
1055 380 0
1052 394 0
1048 402 0
1039 404 0
1034 396 0
1033 383 0
1038 369 0
1052 347 0
1071 328 0
1090 308 0
1106 288 0
1117 268 0
1124 253 0
1127 241 0
1129 231 0
1129 227 0
1123 236 0
1119 255 0
1116 298 0
1116 305 0
1122 311 0
1129 312 0
1136 313 0
1145 315 0
1153 319 0
1161 324 0
1166 327 1
259 205 0
259 212 0
259 214 1
