procure
272 316 0
273 337 0
273 367 0
272 394 0
272 412 0
272 419 0
272 423 0
272 426 0
270 407 0
269 357 0
276 328 0
283 317 0
294 306 0
306 299 0
321 299 0
328 303 0
334 308 0
336 315 0
334 327 0
331 336 0
327 342 0
316 350 0
308 349 1
356 300 0
359 304 0
361 312 0
362 322 0
364 337 0
365 347 0
366 350 0
366 354 0
366 346 0
367 335 0
370 325 0
373 317 0
377 312 0
382 310 0
390 308 0
404 310 0
419 311 0
423 312 0
427 312 0
430 314 0
429 318 0
428 326 0
429 334 0
431 338 0
439 341 0
448 339 0
457 333 0
463 326 0
463 321 0
460 314 0
456 307 0
449 305 0
443 306 1
528 295 0
517 299 0
510 302 0
503 305 0
498 310 0
495 316 0
494 322 0
495 328 0
501 332 0
508 334 0
521 331 0
536 325 0
544 320 0
550 315 0
554 311 0
557 309 0
558 315 0
559 324 0
566 328 0
576 328 0
586 324 0
596 319 0
604 315 0
609 311 0
613 310 0
617 312 0
617 316 0
618 320 0
628 323 0
635 322 0
646 319 0
654 318 0
657 317 0
661 318 0
664 320 0
666 324 0
667 327 0
671 323 0
676 310 0
678 303 0
680 299 0
686 300 0
694 300 0
703 299 0
709 298 0
714 295 0
719 292 0
721 289 0
721 284 0
716 284 0
711 293 0
709 301 0
713 311 0
726 318 0
749 322 0
770 327 1
