1755
392 349 0
400 345 0
423 329 0
458 297 0
479 276 0
486 268 0
491 265 0
495 263 0
498 271 0
497 297 0
494 325 0
488 351 0
483 370 0
482 377 1
522 276 0
529 280 0
544 285 0
569 291 0
586 295 0
592 298 0
597 304 0
600 313 0
599 336 0
598 354 0
594 364 0
586 381 1
567 327 0
575 328 0
588 328 0
605 326 0
610 326 0
624 323 1
660 293 0
657 296 0
666 303 0
681 308 0
694 313 0
701 317 0
704 322 0
703 330 0
698 339 0
688 349 0
675 360 0
667 365 1
681 289 0
685 288 0
692 286 0
704 283 0
720 282 0
739 278 1
770 302 0
767 308 0
763 314 0
761 319 0
762 323 0
767 327 0
776 331 0
791 337 0
801 342 0
805 345 0
803 349 0
793 353 0
780 357 0
772 357 1
781 289 0
788 291 0
796 290 0
809 290 0
825 288 1
