made
377 314 0
377 317 0
377 322 0
377 332 0
377 344 0
377 352 0
377 358 0
377 362 0
384 357 0
398 341 0
411 329 0
415 325 0
422 323 0
430 326 0
438 335 0
444 348 0
446 352 0
449 356 0
456 352 0
467 345 0
475 339 0
479 336 0
481 335 0
486 347 0
487 355 0
490 363 0
501 365 0
518 366 0
535 367 1
575 336 0
573 332 0
568 329 0
562 332 0
556 338 0
550 347 0
547 355 0
547 362 0
551 365 0
562 361 0
570 358 0
577 354 0
583 350 0
587 348 0
590 348 0
593 351 0
601 352 0
604 352 1
696 314 0
684 314 0
666 319 0
651 326 0
638 335 0
632 341 0
630 344 0
628 351 0
633 355 0
643 352 0
664 340 0
684 322 0
699 300 0
707 283 0
713 270 0
716 263 0
718 260 0
716 266 0
710 287 0
707 328 0
711 344 0
718 350 0
730 352 0
745 349 0
754 341 0
761 332 0
764 327 0
765 324 0
765 321 0
761 323 0
756 329 0
751 339 0
752 346 0
757 351 0
777 355 0
798 358 0
807 360 1
