tary
444 243 0
445 246 0
444 254 0
438 280 0
430 307 0
425 331 0
423 347 0
426 359 0
436 366 0
468 365 0
488 363 0
500 362 1
423 329 0
426 332 0
436 332 0
468 329 0
493 325 0
512 323 1
573 310 0
566 312 0
558 313 0
550 315 0
534 322 0
522 336 0
519 343 0
518 347 0
521 352 0
525 354 0
531 353 0
537 351 0
543 344 0
550 335 0
551 332 0
557 328 0
560 327 0
562 331 0
563 339 0
564 344 0
567 347 0
571 349 0
581 346 0
591 344 0
599 343 0
607 345 0
611 346 0
614 347 0
617 348 0
617 337 0
617 334 0
620 329 0
627 326 0
635 323 0
641 321 0
647 319 0
650 319 0
653 319 0
657 320 0
658 323 0
658 329 0
659 336 0
661 340 0
668 344 0
680 345 0
694 342 0
703 338 0
710 334 0
712 331 0
716 329 0
720 339 0
722 349 0
732 374 0
736 397 0
736 409 0
732 417 0
723 422 0
705 422 0
690 415 0
684 408 0
688 399 0
711 376 0
732 360 0
743 350 1
