hundred
344 259 0
345 265 0
346 272 0
346 293 0
347 319 0
346 341 0
345 357 0
345 369 0
346 375 0
347 378 0
351 378 0
362 367 0
382 351 0
392 345 0
396 345 0
398 345 0
400 348 0
403 352 0
406 356 0
410 360 0
414 360 0
420 356 0
430 348 0
439 340 0
442 338 0
443 343 0
446 349 0
447 352 0
454 355 0
462 353 0
472 349 0
479 344 0
485 339 0
488 338 0
492 342 0
495 350 0
498 357 0
505 361 0
512 361 0
518 359 0
523 358 0
528 353 0
532 350 0
535 349 0
537 351 0
541 353 0
546 356 0
552 357 0
560 357 0
568 355 0
574 354 0
577 355 0
580 355 0
585 357 0
592 358 0
595 358 0
604 360 0
623 361 1
669 334 0
661 332 0
654 333 0
646 335 0
636 341 0
628 348 0
626 357 0
626 363 0
633 364 0
644 359 0
663 344 0
677 326 0
682 309 0
687 286 0
689 280 0
690 277 0
692 287 0
689 305 0
688 330 0
689 342 0
691 347 0
699 351 0
709 351 0
718 349 0
726 347 0
731 347 0
735 349 0
737 353 0
738 358 0
739 361 0
740 365 0
743 363 0
747 352 0
751 346 0
754 344 0
760 344 0
765 344 0
768 343 0
780 343 0
792 338 0
798 333 0
801 329 0
802 326 0
800 324 0
796 323 0
788 336 0
787 347 0
790 357 0
799 364 0
804 367 0
818 374 1
894 337 0
891 339 0
882 338 0
866 339 0
856 343 0
852 347 0
849 351 0
848 359 0
853 365 0
862 364 0
877 357 0
895 338 0
905 316 0
909 300 0
912 279 0
913 272 0
914 282 0
911 311 0
910 334 0
912 348 0
920 361 0
929 370 0
940 383 1
