whose
381 316 0
382 319 0
382 328 0
381 344 0
382 363 0
385 372 0
394 374 0
406 368 0
418 361 0
426 354 0
433 349 0
438 352 0
442 355 0
448 358 0
454 360 0
461 359 0
465 358 0
470 344 0
471 335 0
471 331 0
473 326 0
476 326 0
487 324 0
490 324 1
532 245 0
532 248 0
533 261 0
534 279 0
535 296 0
535 309 0
537 325 0
538 336 0
539 341 0
540 345 0
546 343 0
551 337 0
555 335 0
558 333 0
561 333 0
564 337 0
568 344 0
573 351 1
630 317 0
627 318 0
621 323 0
617 331 0
616 339 0
621 346 0
629 350 0
641 350 0
656 343 0
663 336 0
665 329 0
657 320 0
647 318 0
640 319 0
637 320 1
733 301 0
721 307 0
702 319 0
695 326 0
695 329 0
698 334 0
704 339 0
710 344 0
713 347 0
713 351 0
707 354 1
774 339 0
778 338 0
784 336 0
788 333 0
791 329 0
788 322 0
786 320 0
781 317 0
772 316 0
763 318 0
757 325 0
753 337 0
755 348 0
765 355 0
806 359 0
831 360 0
843 360 1
