rendezvous
153 302 0
153 306 0
153 319 0
153 343 0
153 362 0
154 370 0
156 374 0
156 377 0
158 370 0
156 356 0
156 343 0
158 336 0
169 337 0
179 341 0
196 343 0
211 341 0
227 334 0
236 326 0
241 319 0
241 312 0
232 308 0
222 314 0
210 331 0
207 341 0
209 351 0
213 359 0
219 362 0
229 360 0
243 352 0
253 340 0
259 333 0
261 329 0
263 327 0
266 330 0
268 335 0
272 340 0
277 343 0
280 344 0
283 343 0
287 342 0
290 342 0
295 344 0
303 349 0
305 350 0
309 350 0
312 350 1
397 324 0
393 324 0
388 323 0
381 323 0
373 324 0
364 329 0
358 335 0
353 343 0
349 351 0
349 356 0
353 359 0
360 354 0
375 338 0
393 313 0
405 287 0
410 273 0
412 265 0
416 252 0
417 249 0
412 269 0
406 297 0
404 322 0
408 336 0
413 342 0
420 343 0
431 340 0
444 331 0
453 321 0
455 313 0
454 305 0
448 306 0
440 314 0
434 326 0
432 336 0
435 344 0
442 348 0
448 350 1
482 293 0
482 296 0
490 300 0
501 302 0
509 304 0
514 306 0
517 307 0
516 313 0
513 325 0
511 336 0
512 345 0
515 353 0
518 356 0
526 359 1
489 328 0
498 332 0
519 332 0
540 332 1
573 302 0
574 307 0
574 315 0
574 329 0
574 343 0
573 351 0
573 354 0
590 337 0
600 326 0
608 317 0
611 313 1
649 306 0
646 310 0
643 319 0
643 328 0
646 337 0
653 342 0
661 344 0
670 341 0
679 332 0
684 324 0
683 316 0
681 308 0
672 305 0
659 305 0
648 312 0
642 318 1
720 298 0
720 307 0
720 318 0
719 330 0
720 338 0
722 341 0
727 340 0
737 333 0
748 324 0
753 320 0
758 318 0
761 318 0
768 325 0
775 330 0
783 332 1
834 282 0
826 289 0
823 294 0
823 300 0
824 306 0
827 311 0
830 316 0
831 320 0
830 323 0
824 328 0
821 329 1
