have
415 264 0
414 268 0
415 277 0
415 280 0
415 297 0
417 337 0
418 356 0
419 364 0
420 372 0
420 377 0
423 381 0
433 379 0
445 374 0
469 366 0
477 364 0
484 364 0
486 364 0
494 371 1
580 342 0
568 339 0
553 338 0
548 338 0
543 343 0
538 350 0
533 361 0
532 367 0
534 370 0
540 370 0
549 367 0
558 360 0
564 355 0
570 354 0
572 356 0
573 360 0
577 367 1
606 332 0
608 335 0
612 351 0
614 358 0
615 361 0
624 352 0
638 335 0
647 329 0
661 317 1
666 353 0
669 354 0
673 354 0
684 349 0
689 344 0
692 341 0
693 335 0
691 330 0
687 329 0
679 336 0
669 350 0
665 365 0
666 377 0
675 382 0
698 385 0
724 387 1
