things
457 236 0
456 249 0
452 272 0
447 299 0
443 325 0
442 354 0
447 377 0
453 385 0
473 392 0
491 395 0
496 396 0
509 397 1
429 343 0
444 340 0
471 331 0
490 323 0
495 322 1
513 263 0
513 272 0
512 287 0
511 305 0
511 326 0
512 342 0
512 364 0
512 372 0
515 378 0
519 378 0
523 375 0
530 369 0
537 363 0
544 356 0
548 353 0
552 351 0
556 359 0
559 364 0
561 367 0
568 373 0
576 372 0
584 369 0
591 364 0
597 358 0
600 354 0
603 354 0
606 356 0
608 362 0
613 370 0
621 372 0
629 370 0
642 363 0
650 359 0
654 357 0
658 357 0
660 356 0
664 359 0
669 363 0
673 365 0
677 365 0
683 365 0
688 365 0
694 365 0
700 365 0
706 366 0
713 370 0
717 372 0
719 374 1
781 353 0
775 350 0
768 347 0
761 347 0
754 349 0
751 352 0
751 360 0
755 361 0
763 360 0
770 359 0
773 357 0
777 358 0
780 367 0
780 388 0
779 416 0
775 441 0
770 452 0
765 459 0
758 462 0
748 458 0
744 444 0
752 420 0
768 397 0
774 389 0
782 377 1
843 329 0
839 331 0
833 338 0
831 343 0
831 352 0
831 359 0
829 366 0
828 374 0
823 381 1
605 293 0
607 298 1
