may
386 310 0
389 318 0
390 328 0
389 346 0
390 359 0
390 365 0
390 368 0
399 356 0
408 342 0
416 333 0
423 330 0
429 330 0
433 333 0
436 340 0
439 344 0
446 345 0
457 339 0
478 327 0
484 324 0
487 323 0
493 325 0
499 329 0
504 336 0
508 344 1
595 312 0
585 313 0
574 314 0
566 317 0
556 322 0
550 328 0
546 336 0
545 343 0
549 349 0
552 351 0
559 349 0
586 336 0
602 324 0
608 320 0
611 323 0
610 334 0
611 341 0
617 346 0
628 348 0
644 343 0
657 335 0
663 330 0
666 327 0
671 327 0
672 334 0
673 340 0
675 345 0
679 348 0
688 346 0
698 342 0
709 335 0
728 321 0
733 318 0
736 316 0
738 319 0
738 327 0
739 342 0
738 368 0
737 386 0
733 404 0
728 415 0
720 420 0
712 421 0
707 413 0
711 396 0
724 373 0
733 356 0
736 351 1
