hundred
312 232 0
312 240 0
313 262 0
312 293 0
311 316 0
311 323 0
308 352 0
306 373 0
305 382 0
306 384 0
321 363 0
331 348 0
337 339 0
343 335 0
348 335 0
351 338 0
354 344 0
357 355 0
359 365 0
361 368 0
365 372 0
368 371 0
378 362 0
392 345 0
402 333 0
405 330 0
408 327 0
410 338 0
412 349 0
414 354 0
422 353 0
429 349 0
438 343 0
444 336 0
448 342 0
450 347 0
454 350 0
460 351 0
466 350 0
475 347 0
480 344 0
484 342 0
488 340 0
491 342 0
497 347 0
499 349 0
503 350 0
507 351 0
513 347 0
518 344 0
522 342 0
525 343 0
529 346 0
533 349 0
538 351 0
543 353 1
625 325 0
621 324 0
612 322 0
606 322 0
595 326 0
587 334 0
583 341 0
581 346 0
581 350 0
592 348 0
604 336 0
621 317 0
635 298 0
642 282 0
646 269 0
651 259 0
653 255 0
650 268 0
643 287 0
639 308 0
636 323 0
638 335 0
641 344 0
644 350 0
650 351 0
656 350 0
667 345 0
676 340 0
679 338 0
684 338 0
687 345 0
687 347 0
687 350 0
687 353 0
689 347 0
689 344 0
690 338 0
694 338 0
701 338 0
709 338 0
719 336 0
731 333 0
738 328 0
741 325 0
743 322 0
743 319 0
733 324 0
728 334 0
728 343 0
733 349 0
743 355 0
757 358 0
780 362 1
827 325 0
824 324 0
818 323 0
811 323 0
803 327 0
794 334 0
789 340 0
789 346 0
791 352 0
816 345 0
843 320 0
852 297 0
857 280 0
860 271 0
861 264 0
861 258 0
857 263 0
854 274 0
849 298 0
850 323 0
856 340 0
865 353 0
873 361 0
885 372 1
