all
571 338 0
567 338 0
559 337 0
550 337 0
535 336 0
526 337 0
519 340 0
512 345 0
505 357 0
501 371 0
500 379 0
521 379 0
537 369 0
544 365 0
549 362 0
553 359 0
557 358 0
560 359 0
561 365 0
563 373 0
568 379 0
576 380 0
601 370 0
639 339 0
660 318 0
674 293 0
682 266 0
685 249 0
684 241 0
682 237 0
672 240 0
657 252 0
633 288 0
620 324 0
620 341 0
635 354 0
662 356 0
685 345 0
703 324 0
716 298 0
721 271 0
724 254 0
723 250 0
722 247 0
715 257 0
696 301 0
688 334 0
686 358 0
689 371 0
697 382 0
710 395 0
713 399 1
