and
527 334 0
521 331 0
511 328 0
496 323 0
481 321 0
470 323 0
463 327 0
455 336 0
453 345 0
454 353 0
461 359 0
472 361 0
489 359 0
506 350 0
517 342 0
522 338 0
525 335 0
527 335 0
530 341 0
534 344 0
541 346 0
548 345 0
556 343 0
562 341 0
567 338 0
573 337 0
576 338 0
579 338 0
581 342 0
583 345 0
591 347 0
598 346 0
605 345 0
611 346 0
617 348 0
621 349 0
627 352 0
632 354 0
638 357 1
724 337 0
712 334 0
702 331 0
693 331 0
682 333 0
670 342 0
665 348 0
665 355 0
670 360 0
682 359 0
704 350 0
721 338 0
737 320 0
746 307 0
752 291 0
755 278 0
755 275 0
756 271 0
753 281 0
748 298 0
745 327 0
745 341 0
750 351 0
755 356 1
