you
482 299 0
481 303 0
480 310 0
481 320 0
485 327 0
493 329 0
507 324 0
520 318 0
529 313 0
535 311 0
539 310 0
544 313 0
547 322 0
549 334 0
549 351 0
547 370 0
542 386 0
533 400 0
523 412 0
516 417 0
510 415 0
500 404 0
496 387 0
503 370 0
521 349 0
545 332 0
572 317 0
591 305 0
600 299 0
603 297 0
607 296 0
603 307 0
603 316 0
606 324 0
615 329 0
627 327 0
644 320 0
652 314 0
655 309 0
654 304 0
651 299 0
645 295 0
640 292 0
637 291 0
641 293 0
651 292 0
663 291 0
670 291 0
673 292 0
676 294 0
681 296 0
683 300 0
684 306 0
685 314 0
687 320 0
693 324 0
702 323 0
712 318 0
721 311 0
730 302 0
735 299 0
739 297 0
740 302 0
751 314 0
762 319 0
780 328 1
