december
344 342 0
339 337 0
330 335 0
319 334 0
309 336 0
297 342 0
284 361 0
278 375 0
278 383 0
280 389 0
287 392 0
296 392 0
313 383 0
333 363 0
348 339 0
360 312 0
367 285 0
372 271 0
374 263 0
375 260 0
374 269 0
366 304 0
360 340 0
362 357 0
367 369 0
375 376 0
390 376 0
413 366 0
432 350 0
442 338 0
445 332 0
444 327 0
443 325 0
434 333 0
427 344 0
423 353 0
422 359 0
425 363 0
434 364 0
446 364 0
464 363 1
534 317 0
530 317 0
522 318 0
511 320 0
496 326 0
484 333 0
477 341 0
474 348 0
476 357 0
483 363 0
501 366 0
524 362 0
540 357 0
552 349 0
557 344 0
559 339 0
562 334 0
560 330 0
557 330 0
552 334 0
548 342 0
545 354 0
544 363 0
553 368 0
569 366 0
587 357 0
596 349 0
603 340 0
609 334 0
613 333 0
615 334 0
618 339 0
621 345 0
624 352 0
627 359 0
629 362 0
633 363 0
641 358 0
656 345 0
668 337 0
673 337 0
677 340 0
680 343 0
684 348 0
689 349 0
698 347 0
708 345 0
714 344 0
717 344 0
726 349 0
733 351 1
795 247 0
795 250 0
794 260 0
790 285 0
789 305 0
787 319 0
786 326 0
788 329 0
797 328 0
809 329 0
822 332 0
831 337 0
835 342 0
837 345 0
832 347 0
828 350 0
800 363 0
781 366 1
874 333 0
877 335 0
884 335 0
892 331 0
899 324 0
901 316 0
899 309 0
897 306 0
889 306 0
880 314 0
871 331 0
869 343 0
870 351 0
878 355 0
887 356 0
894 355 0
919 350 0
948 344 0
957 346 0
960 347 0
964 350 0
968 354 0
970 357 0
972 347 0
974 330 0
977 321 0
978 317 0
984 314 0
990 313 1
