instant
363 324 0
360 331 0
357 341 0
354 363 0
354 373 0
355 377 0
358 382 0
361 383 0
366 381 0
372 378 0
384 365 0
402 349 0
412 345 0
418 347 0
424 351 0
429 361 0
434 371 0
445 374 0
464 363 0
480 352 0
486 349 0
490 349 0
492 351 0
494 355 0
498 362 1
534 327 0
534 331 0
535 339 0
542 346 0
555 354 0
567 357 0
574 359 0
577 366 0
573 371 0
562 377 0
556 380 0
540 382 1
600 253 0
601 258 0
604 277 0
605 308 0
603 338 0
602 359 0
604 367 0
605 371 0
606 373 0
604 362 0
607 355 0
615 349 0
625 344 0
637 342 0
653 341 0
667 339 0
677 338 0
683 337 0
689 336 0
676 345 0
665 358 0
660 368 0
659 372 0
662 376 0
670 374 0
682 367 0
693 357 0
704 345 0
708 339 0
711 337 0
712 351 0
713 361 0
716 367 0
720 368 0
730 365 0
743 359 0
751 357 0
756 356 0
766 359 0
770 361 0
773 362 0
780 363 0
784 365 0
799 372 0
814 373 0
830 371 0
847 368 1
863 240 0
866 253 0
866 290 0
866 320 0
866 344 0
867 354 0
869 360 0
869 364 0
869 368 0
869 371 0
869 374 0
867 367 0
865 355 0
857 332 0
855 327 0
855 324 0
865 325 0
881 325 0
907 324 1
375 213 0
375 217 0
373 224 1
