were
358 327 0
357 324 0
354 335 0
352 353 0
354 370 0
357 376 0
363 379 0
370 376 0
383 366 0
394 356 0
401 349 0
405 347 0
408 347 0
414 355 0
417 357 0
419 359 0
424 359 0
432 352 0
439 345 0
443 340 0
446 335 0
448 333 0
469 335 0
484 336 0
502 333 0
512 331 0
516 329 0
521 325 0
522 321 0
521 316 0
516 316 0
510 320 0
506 330 0
502 341 0
502 352 0
507 359 0
515 362 0
527 360 0
538 354 0
550 346 0
555 342 0
559 341 0
563 346 0
565 352 0
566 355 0
567 358 0
571 342 0
572 335 0
573 332 0
582 331 0
591 333 0
608 334 0
622 334 0
629 332 0
633 330 0
638 326 0
637 320 0
635 316 0
630 316 0
626 317 0
620 327 0
617 341 0
619 353 0
623 358 0
636 361 0
669 364 0
687 366 1
