charge
412 319 0
409 319 0
403 319 0
396 320 0
390 324 0
381 334 0
375 353 0
372 366 0
375 374 0
383 378 0
398 375 0
420 363 0
440 350 0
450 341 0
462 328 0
479 307 0
490 290 0
495 273 0
496 260 0
492 253 0
487 247 0
481 244 0
475 246 0
470 257 0
466 267 0
463 289 0
462 337 0
464 354 0
466 358 0
470 363 0
473 362 0
479 357 0
486 353 0
491 353 0
497 355 0
505 361 0
511 368 0
518 372 0
526 372 0
531 372 1
609 317 0
600 317 0
592 319 0
586 320 0
582 321 0
568 334 0
563 346 0
564 356 0
566 362 0
575 363 0
587 361 0
602 347 0
610 336 0
614 328 0
616 325 0
619 322 0
622 338 0
623 353 0
629 363 0
633 363 0
644 360 0
655 354 0
666 349 0
673 348 0
676 349 0
681 350 0
683 351 0
685 354 0
685 342 0
684 335 0
685 330 0
688 326 0
693 323 0
697 322 1
766 321 0
763 319 0
758 317 0
751 320 0
742 325 0
735 333 0
732 341 0
734 347 0
739 347 0
746 344 0
751 339 0
758 338 0
763 341 0
772 366 0
773 383 0
771 409 0
768 427 0
764 439 0
760 445 0
753 446 0
745 439 0
739 426 0
740 414 0
750 399 0
770 377 0
791 359 0
810 339 0
822 326 0
826 319 0
828 314 0
827 309 0
822 308 0
816 311 0
811 319 0
807 329 0
806 335 0
808 346 0
811 363 1
