must
418 315 0
420 320 0
421 327 0
421 335 0
421 344 0
422 353 0
423 361 0
423 365 0
425 369 0
433 359 0
440 347 0
445 341 0
448 337 0
452 338 0
456 343 0
459 346 0
463 347 0
469 346 0
476 343 0
482 340 0
489 339 0
494 339 0
497 339 0
503 344 0
506 348 0
512 352 0
518 354 0
525 355 0
534 352 0
551 340 0
558 333 0
563 328 0
568 323 0
570 321 0
573 329 0
576 337 0
589 342 0
597 339 0
608 331 0
615 325 0
620 319 0
624 315 0
628 316 0
631 322 0
634 329 0
640 338 0
647 341 0
661 341 0
684 339 1
730 290 0
717 297 0
708 306 0
704 315 0
704 319 0
711 324 0
718 328 0
724 332 0
728 336 0
729 339 0
729 342 0
716 346 0
701 350 0
691 352 0
674 355 1
789 225 0
790 236 0
790 263 0
789 299 0
785 343 0
786 346 0
786 348 0
779 335 0
775 327 0
775 324 0
778 321 0
791 317 0
803 313 0
820 307 1
