proceed
223 321 0
223 326 0
223 340 0
225 367 0
224 385 0
226 395 0
227 402 0
227 405 0
224 401 0
219 380 0
218 328 0
223 303 0
231 295 0
239 291 0
247 293 0
254 298 0
259 306 0
262 316 0
262 329 0
253 343 0
241 355 0
228 360 0
218 361 0
216 361 1
308 311 0
307 320 0
305 331 0
304 337 0
302 343 0
299 352 0
297 355 0
295 360 0
288 343 0
286 329 0
288 322 0
291 318 0
297 314 0
304 311 0
315 307 0
326 305 0
331 305 0
335 305 0
340 306 0
341 309 0
339 317 0
339 327 0
342 338 0
348 344 0
359 347 0
372 343 0
389 331 0
390 322 0
387 309 0
381 301 0
370 300 0
360 303 0
356 304 1
466 289 0
462 292 0
454 297 0
444 305 0
434 316 0
429 326 0
428 334 0
431 341 0
438 346 0
458 345 0
483 335 0
496 328 0
506 318 0
519 299 0
518 293 0
515 290 0
504 299 0
497 312 0
492 325 0
493 336 0
499 340 0
514 345 0
533 341 0
553 329 0
564 321 0
572 310 0
577 297 0
577 292 0
577 289 0
570 295 0
566 302 0
564 312 0
565 323 0
572 333 0
585 338 0
595 340 0
612 342 1
681 295 0
670 295 0
662 296 0
652 299 0
641 304 0
627 319 0
623 329 0
625 335 0
630 340 0
643 341 0
665 331 0
687 314 0
701 290 0
709 264 0
712 239 0
713 224 0
713 220 0
713 217 0
715 222 0
716 261 0
714 290 0
718 312 0
722 323 0
732 328 0
747 336 0
751 337 1
