and
555 338 0
550 334 0
543 330 0
533 327 0
521 327 0
511 329 0
504 336 0
494 350 0
489 364 0
486 375 0
485 380 0
490 383 0
499 379 0
517 369 0
528 363 0
534 360 0
541 355 0
545 352 0
550 346 0
553 342 0
557 338 0
556 348 0
556 363 0
559 367 0
565 369 0
573 366 0
584 358 0
594 351 0
597 348 0
601 345 0
606 354 0
609 362 0
611 370 0
613 373 0
617 373 0
627 366 0
639 360 0
647 357 0
654 356 0
660 357 0
666 360 0
671 363 0
677 366 0
680 367 1
758 352 0
755 349 0
745 348 0
736 348 0
727 351 0
722 354 0
719 360 0
717 366 0
720 369 0
725 372 0
734 371 0
745 364 0
757 349 0
771 326 0
779 299 0
786 275 0
789 260 0
790 258 0
791 255 0
788 271 0
783 301 0
781 330 0
783 355 0
787 366 0
797 370 0
822 370 0
846 370 1
