which
404 317 0
405 321 0
405 337 0
406 355 0
408 372 0
411 383 0
415 390 0
421 392 0
429 390 0
439 385 0
445 379 0
450 376 0
453 373 0
457 371 0
462 375 0
468 382 0
473 385 0
479 387 0
484 386 0
489 381 0
495 367 0
497 351 0
498 340 0
499 335 0
499 333 0
503 333 0
512 335 0
520 334 0
543 326 0
562 318 0
583 304 0
594 292 0
597 282 0
596 270 0
592 260 0
586 255 0
580 256 0
574 261 0
571 264 0
558 293 0
549 336 0
547 351 0
547 364 0
548 370 0
549 373 0
553 374 0
558 373 0
564 368 0
570 364 0
575 362 0
579 360 0
584 360 0
589 363 0
592 367 0
596 372 0
602 378 0
608 381 0
622 378 0
635 369 0
645 358 0
653 350 0
655 346 0
658 344 0
660 355 0
663 364 0
669 368 0
672 370 1
735 336 0
729 341 0
721 351 0
715 367 0
715 379 0
721 383 0
734 382 0
760 371 0
782 354 0
796 331 0
805 305 0
808 279 0
808 262 0
807 258 0
802 269 0
794 304 0
790 330 0
793 349 0
795 359 0
797 364 0
802 365 0
812 359 0
834 342 0
851 337 0
855 337 0
859 342 0
864 351 0
869 358 0
875 363 0
879 365 1
647 271 0
647 275 1
