you
495 331 0
495 339 0
495 347 0
497 355 0
499 358 0
514 359 0
538 348 0
549 342 0
554 339 0
558 338 0
562 338 0
565 348 0
567 362 0
569 391 0
570 416 0
568 430 0
562 443 0
553 450 0
546 450 0
537 446 0
530 433 0
532 422 0
545 402 0
579 370 0
599 355 0
617 344 0
627 339 0
630 337 0
633 336 0
630 344 0
628 355 0
629 365 0
647 369 0
662 363 0
674 354 0
677 344 0
677 336 0
673 330 0
668 327 0
661 326 0
657 329 0
655 332 0
661 336 0
672 335 0
695 330 0
706 327 0
709 326 0
712 327 0
716 328 0
715 336 0
716 356 0
719 367 0
726 372 0
735 371 0
746 366 0
757 359 0
765 354 0
771 351 0
773 352 0
778 359 0
787 364 0
796 368 0
811 374 1
