done
535 305 0
526 306 0
518 306 0
510 306 0
500 309 0
489 315 0
474 330 0
465 345 0
463 352 0
463 356 0
472 366 0
489 364 0
513 351 0
533 330 0
549 302 0
562 267 0
566 253 0
568 244 0
568 241 0
570 238 0
561 262 0
550 291 0
543 318 0
542 339 0
545 347 0
551 354 0
558 357 1
623 312 0
619 319 0
616 325 0
615 335 0
617 341 0
622 346 0
629 346 0
635 344 0
638 338 0
639 332 0
636 323 0
631 316 0
626 312 0
622 308 0
632 312 0
649 309 0
663 307 0
670 306 0
675 307 0
678 309 0
680 314 0
682 319 0
683 322 0
683 326 0
685 331 0
696 328 0
705 326 0
712 323 0
717 323 0
721 326 0
726 331 0
732 336 0
739 339 0
756 341 0
777 334 0
787 327 0
796 320 0
800 312 0
800 304 0
800 301 0
796 300 0
790 305 0
783 313 0
780 323 0
783 333 0
790 340 1
