officers
465 327 0
458 327 0
451 328 0
441 331 0
431 341 0
423 354 0
419 365 0
420 373 0
425 375 0
442 370 0
465 361 0
471 356 0
483 343 0
485 339 0
486 336 0
483 334 0
482 331 0
489 333 0
508 331 0
531 321 0
550 306 0
558 292 0
559 275 0
558 261 0
556 255 0
549 265 0
541 290 0
537 316 0
536 342 0
536 360 0
535 372 0
534 382 0
533 387 0
532 398 0
531 412 0
530 419 0
530 408 0
530 397 0
530 389 0
532 382 0
538 376 0
546 371 0
563 363 0
589 347 0
609 331 0
620 317 0
632 301 0
638 284 0
641 270 0
642 262 0
640 258 0
637 259 0
624 279 0
615 304 0
606 332 0
604 367 0
599 393 0
597 403 0
596 406 0
593 400 0
594 389 0
600 375 0
606 361 0
613 355 0
621 349 0
628 346 0
634 343 0
639 341 0
643 340 0
648 337 0
651 335 0
653 334 0
656 337 0
658 346 0
660 359 0
664 371 0
665 374 0
670 375 0
674 376 1
758 318 0
753 318 0
745 320 0
736 324 0
724 334 0
716 344 0
714 352 0
716 360 0
723 368 0
740 370 0
766 364 0
786 350 0
797 337 0
801 327 0
801 322 0
797 319 0
788 321 0
776 332 0
773 337 0
769 348 0
771 364 0
779 369 0
789 368 0
805 364 0
812 363 0
819 363 0
823 364 0
827 368 0
829 372 0
832 375 0
835 371 0
837 361 0
842 349 0
847 341 0
849 338 0
854 334 1
905 313 0
900 317 0
894 323 0
890 327 0
889 333 0
891 337 0
892 340 0
895 344 0
897 347 0
898 352 0
895 359 0
886 367 0
873 375 0
865 377 0
849 377 0
844 377 1
698 240 0
696 245 1
