salt
440 301 0
432 308 0
422 319 0
415 326 0
412 330 0
410 332 0
420 340 0
436 353 0
444 362 0
444 369 0
441 376 0
434 383 0
424 387 0
414 389 0
411 388 1
513 343 0
508 341 0
502 337 0
498 335 0
492 334 0
487 336 0
482 342 0
478 357 0
478 370 0
481 372 0
483 373 0
489 368 0
495 364 0
499 361 0
501 359 0
504 359 0
508 363 0
515 370 0
527 375 0
551 369 0
591 346 0
613 325 0
629 303 0
638 275 0
638 258 0
634 251 0
627 247 0
612 250 0
591 264 0
575 284 0
565 311 0
565 337 0
584 357 0
609 362 0
632 356 0
649 337 0
662 311 0
671 282 0
674 260 0
674 252 0
677 248 0
680 260 0
680 292 0
675 317 0
674 334 0
673 343 0
674 347 0
675 350 0
671 340 0
669 333 0
677 330 0
682 329 1
