bushel
322 262 0
324 279 0
324 304 0
323 325 0
322 341 0
321 356 0
321 363 0
327 358 0
338 349 0
356 339 0
365 337 0
372 340 0
379 345 0
382 354 0
382 368 0
379 383 0
363 399 0
346 408 0
331 410 0
319 406 0
314 398 0
313 388 0
311 370 0
310 358 1
414 329 0
416 333 0
416 344 0
416 359 0
416 371 0
416 379 0
418 383 0
419 386 0
426 381 0
438 372 0
445 366 0
450 362 0
455 360 0
458 359 0
462 362 0
466 371 0
471 378 1
532 322 0
523 328 0
514 334 0
510 338 0
507 343 0
509 345 0
513 348 0
518 353 0
521 357 0
522 361 0
521 366 0
516 373 0
508 379 0
502 382 0
498 383 1
559 262 0
560 268 0
563 279 0
565 299 0
566 324 0
567 341 0
568 353 0
569 358 0
569 363 0
570 365 0
574 365 0
578 363 0
582 363 0
586 364 0
589 365 0
597 368 0
609 368 0
624 367 0
631 365 0
635 364 0
638 362 0
641 355 0
642 347 0
642 343 0
642 339 0
641 349 0
642 357 0
644 364 0
654 370 0
665 369 0
685 359 0
704 343 0
717 326 0
724 308 0
726 283 0
724 273 0
720 271 0
714 274 0
705 284 0
695 309 0
690 335 0
693 359 0
706 372 0
728 382 0
748 389 1
