for
441 362 0
444 363 0
453 360 0
477 346 0
506 322 0
519 306 0
525 295 0
527 288 0
527 280 0
523 269 0
515 264 0
507 264 0
499 271 0
489 288 0
480 315 0
474 351 0
469 386 0
467 413 0
466 438 0
467 449 0
468 451 0
471 442 0
472 413 0
476 400 0
480 392 0
484 386 0
489 380 0
505 372 0
528 362 0
543 359 0
557 356 0
565 355 0
568 354 0
571 355 0
560 365 0
551 377 0
545 391 0
546 401 0
552 404 0
561 401 0
574 391 0
582 381 0
584 373 0
584 367 0
583 363 0
581 358 0
578 359 0
593 357 0
617 355 0
627 355 0
633 356 0
636 357 0
639 364 0
641 373 0
643 381 0
644 385 0
645 388 0
645 378 0
645 371 0
646 364 0
646 362 0
650 360 0
661 359 0
673 358 0
692 356 1
