the
504 257 0
507 261 0
509 281 0
511 312 0
512 344 0
512 385 0
513 404 0
515 412 0
522 419 0
535 417 0
560 407 0
567 405 0
580 398 1
493 358 0
501 363 0
526 364 0
541 363 0
558 362 1
588 272 0
590 277 0
591 290 0
591 314 0
591 343 0
590 365 0
591 373 0
592 380 0
595 386 0
598 385 0
606 384 0
614 382 0
619 382 0
622 382 0
629 385 0
638 388 0
651 391 0
670 391 0
681 386 0
693 375 0
698 365 0
697 356 0
693 349 0
688 346 0
685 346 0
681 356 0
679 372 0
683 388 0
693 399 0
708 402 0
726 404 0
732 404 1
