had
474 265 0
474 269 0
473 273 0
472 285 0
471 305 0
470 332 0
471 358 0
473 372 0
475 378 0
479 383 0
483 387 0
490 382 0
500 376 0
510 370 0
512 368 0
515 367 0
519 366 0
523 369 0
529 378 0
535 383 0
537 385 1
607 352 0
599 348 0
593 346 0
588 347 0
584 350 0
574 364 0
568 375 0
566 381 0
568 384 0
577 379 0
583 371 0
587 367 0
591 365 0
594 362 0
598 362 0
599 365 0
605 375 0
611 379 0
622 379 0
638 376 0
656 370 1
706 347 0
700 347 0
690 347 0
677 348 0
666 352 0
660 358 0
656 365 0
655 375 0
656 379 0
664 379 0
695 357 0
717 331 0
723 319 0
727 296 0
729 289 0
731 284 0
729 297 0
726 314 0
723 337 0
723 353 0
724 363 0
728 372 0
735 376 0
739 376 1
