theirs
460 254 0
460 265 0
459 284 0
457 309 0
456 333 0
456 359 0
457 377 0
462 388 0
471 398 0
484 399 0
492 398 0
508 396 1
452 336 0
449 340 0
463 339 0
482 334 0
501 328 1
535 276 0
536 279 0
535 286 0
534 299 0
533 316 0
532 346 0
530 371 0
530 383 0
532 387 0
536 386 0
546 379 0
564 366 0
572 360 0
576 359 0
581 357 0
584 365 0
586 372 0
591 379 0
597 382 0
607 380 0
630 366 0
642 353 0
646 346 0
647 340 0
647 336 0
644 333 0
638 337 0
633 343 0
628 356 0
626 371 0
628 383 0
633 389 0
640 390 0
652 385 0
666 375 0
675 365 0
680 358 0
683 354 0
685 352 0
690 350 0
690 360 0
691 373 0
696 378 0
704 380 0
714 378 0
730 370 0
742 362 0
749 357 0
752 354 0
755 353 0
756 358 0
755 363 0
754 368 0
754 371 0
754 374 0
756 364 0
757 356 0
757 352 0
759 346 0
762 345 1
838 313 0
834 316 0
827 321 0
822 326 0
820 333 0
821 339 0
826 346 0
831 353 0
834 360 0
835 367 0
833 372 0
827 378 0
820 380 1
705 247 0
703 253 0
702 263 0
702 266 1
