men
407 319 0
409 323 0
410 331 0
411 344 0
413 355 0
414 364 0
416 370 0
417 373 0
418 376 0
418 378 0
420 371 0
424 361 0
430 350 0
436 344 0
440 341 0
444 340 0
447 343 0
450 347 0
452 351 0
454 356 0
456 358 0
459 359 0
467 354 0
476 350 0
482 348 0
486 347 0
490 350 0
493 351 0
496 352 0
499 354 0
504 358 0
511 364 0
518 369 0
529 371 0
545 368 0
558 364 0
573 356 0
582 344 0
587 337 0
588 332 0
587 327 0
583 324 0
579 323 0
575 323 0
571 325 0
565 333 0
563 336 0
563 342 0
564 354 0
566 362 0
568 365 0
573 366 0
580 365 0
591 359 0
602 352 0
609 347 0
616 343 0
619 341 0
625 339 0
627 336 0
630 332 0
634 330 0
636 330 0
638 340 0
641 349 0
643 355 0
645 358 0
662 350 0
674 341 0
678 338 0
682 336 0
688 340 0
691 344 0
696 350 0
703 356 0
713 357 0
724 357 0
740 357 1
