law
418 262 0
419 266 0
418 272 0
418 277 0
417 285 0
417 299 0
416 327 0
414 355 0
414 378 0
415 389 0
420 395 0
433 397 0
439 397 0
453 399 0
456 399 1
529 359 0
525 356 0
517 353 0
511 351 0
504 352 0
496 356 0
482 371 0
475 382 0
474 389 0
476 395 0
481 398 0
485 397 0
494 392 0
510 377 0
516 369 0
519 367 0
522 363 0
524 364 0
525 368 0
525 376 0
527 382 0
529 385 0
535 387 0
543 385 0
551 380 0
557 374 0
562 370 0
565 367 0
567 365 0
570 363 0
573 368 0
576 374 0
579 379 0
585 384 0
590 384 0
598 382 0
602 380 0
610 372 0
619 364 0
621 362 0
626 370 0
630 376 0
635 380 0
642 383 0
651 381 0
664 374 0
669 368 0
672 359 0
672 352 0
672 345 0
677 343 0
681 340 1
