think
428 238 0
427 266 0
421 316 0
418 348 0
416 374 0
417 391 0
422 398 0
438 401 0
453 403 0
469 403 1
412 324 0
422 328 0
444 328 0
462 327 0
479 324 1
500 260 0
499 271 0
498 284 0
497 303 0
496 331 0
495 356 0
494 372 0
494 381 0
495 386 0
495 390 0
499 388 0
508 373 0
516 363 0
521 358 0
525 357 0
527 361 0
529 366 0
532 372 0
533 375 0
536 379 0
543 375 0
550 368 0
560 356 0
564 353 0
568 354 0
568 358 0
570 365 0
571 368 0
574 372 0
580 372 0
589 368 0
599 362 0
610 354 0
618 350 0
622 350 0
624 351 0
628 359 0
630 365 0
634 370 0
650 370 0
663 367 0
670 366 0
673 367 0
676 369 0
683 375 0
690 381 1
709 267 0
714 275 0
719 291 0
724 322 0
725 354 0
724 381 0
725 397 0
726 401 0
727 415 1
758 358 0
748 365 0
741 369 0
735 372 0
733 376 0
733 380 0
737 386 0
751 394 0
778 400 0
799 405 0
801 406 1
567 273 0
567 280 0
567 288 1
