many
449 343 0
451 339 0
451 349 0
454 364 0
456 379 0
457 387 0
458 394 0
459 399 0
460 402 0
468 392 0
479 374 0
484 365 0
488 360 0
492 357 0
496 358 0
502 368 0
507 375 0
513 378 0
519 378 0
527 376 0
531 373 0
537 370 0
546 367 0
553 366 0
555 367 0
559 368 0
563 372 1
643 363 0
646 360 0
641 353 0
636 348 0
628 342 0
621 340 0
616 340 0
609 344 0
604 352 0
598 364 0
597 372 0
603 379 0
616 378 0
630 369 0
639 360 0
643 353 0
645 350 0
649 349 0
649 352 0
650 358 0
652 363 0
655 367 0
660 368 0
666 368 0
671 366 0
675 364 0
680 360 0
684 359 0
687 357 0
689 358 0
693 364 0
694 368 0
697 372 0
703 372 0
709 370 0
718 364 0
726 360 0
731 358 0
735 356 0
737 356 0
741 358 0
744 364 0
749 369 0
756 372 0
768 371 0
780 366 0
788 362 0
794 356 0
798 353 0
801 350 0
803 349 0
806 353 0
809 360 0
813 365 0
821 367 0
830 363 0
836 359 0
839 357 0
844 352 0
846 350 0
849 348 0
852 355 0
859 374 0
868 405 0
868 429 0
865 440 0
860 447 0
853 451 0
844 451 0
838 445 0
836 436 0
842 419 0
863 392 0
874 380 0
884 367 1
