were
431 335 0
431 338 0
431 343 0
431 360 0
433 378 0
436 386 0
440 391 0
447 392 0
456 388 0
469 379 0
477 373 0
481 372 0
484 373 0
490 381 0
495 384 0
502 384 0
513 377 0
520 370 0
522 367 0
524 360 0
523 355 0
534 356 0
548 359 0
565 359 0
585 357 0
598 351 0
606 346 0
608 342 0
609 337 0
606 333 0
604 330 0
597 332 0
591 338 0
585 352 0
583 367 0
585 376 0
590 381 0
603 382 0
627 374 0
646 366 0
650 365 0
653 366 0
653 370 0
654 376 0
653 379 0
653 384 0
655 386 0
657 380 0
657 371 0
657 365 0
658 361 0
659 357 0
662 357 0
670 357 0
682 357 0
695 357 0
707 356 0
714 354 0
718 350 0
721 344 0
721 337 0
720 333 0
719 329 0
714 332 0
703 348 0
699 366 0
701 375 0
710 381 0
735 379 0
763 373 0
778 369 1
