acquainted
300 325 0
294 322 0
287 320 0
278 318 0
268 317 0
257 319 0
247 326 0
240 339 0
233 360 0
236 370 0
238 374 0
246 378 0
256 376 0
267 367 0
277 355 0
282 345 0
283 342 0
285 336 0
290 349 0
294 362 0
299 370 0
306 375 0
310 377 1
375 318 0
371 318 0
364 318 0
356 320 0
350 325 0
342 334 0
338 343 0
338 353 0
342 361 0
352 367 0
366 369 0
387 371 1
450 325 0
447 324 0
441 323 0
434 322 0
426 324 0
418 330 0
408 341 0
405 349 0
406 357 0
409 358 0
416 356 0
423 353 0
428 350 0
431 349 0
434 348 0
437 360 0
438 373 0
437 394 0
437 406 0
437 413 1
454 333 0
455 337 0
455 344 0
455 354 0
456 363 0
458 367 0
463 371 0
469 366 0
478 356 0
484 347 0
488 340 0
489 337 0
491 334 0
494 343 0
496 353 0
501 363 0
506 366 1
570 332 0
560 329 0
553 328 0
546 330 0
536 336 0
531 343 0
528 351 0
528 358 0
532 364 0
537 364 0
543 362 0
548 356 0
555 346 0
560 338 0
562 334 0
563 331 0
567 343 0
568 351 0
569 355 0
573 356 0
579 354 0
589 347 0
595 339 0
600 333 0
605 328 0
607 327 0
609 333 0
609 339 0
610 342 0
612 347 0
615 349 0
620 349 0
625 345 0
631 339 0
637 332 0
640 329 0
644 324 0
648 329 0
651 335 0
653 340 0
655 343 0
661 344 0
666 340 0
671 334 0
677 329 0
682 326 0
688 328 0
691 332 0
694 336 0
697 340 0
701 344 1
749 245 0
751 249 0
750 259 0
747 280 0
744 303 0
741 326 0
739 340 0
740 348 0
740 353 0
741 355 0
738 345 0
737 339 0
736 334 0
738 331 0
744 332 0
750 332 0
762 330 0
774 328 0
779 327 0
781 326 0
786 323 0
791 319 0
793 314 0
792 311 0
783 319 0
777 330 0
773 339 0
774 345 0
780 349 0
790 350 0
804 346 0
813 344 0
826 339 1
873 320 0
866 319 0
860 319 0
857 319 0
851 321 0
840 330 0
833 338 0
831 344 0
832 348 0
841 346 0
850 333 0
863 311 0
871 292 0
875 276 0
879 263 0
881 256 0
882 253 0
881 265 0
876 288 0
871 314 0
869 338 0
872 347 0
880 352 0
898 351 0
912 348 0
935 343 1
653 248 0
652 252 1
