every
302 320 0
310 323 0
323 322 0
347 313 0
363 302 0
370 295 0
373 288 0
371 281 0
367 275 0
361 273 0
350 278 0
336 293 0
324 314 0
322 328 0
328 337 0
339 343 0
351 350 0
360 353 1
407 283 0
410 287 0
412 292 0
415 302 0
422 315 0
429 323 0
436 325 0
444 322 0
450 318 0
457 311 0
461 306 1
501 312 0
508 309 0
511 303 0
511 296 0
508 288 0
502 281 0
496 281 0
489 286 0
480 296 0
476 312 0
481 324 0
492 330 0
515 331 0
538 327 0
550 325 0
557 324 0
560 324 0
565 324 0
567 325 0
570 326 0
572 326 0
574 318 0
574 306 0
575 295 0
576 292 0
580 291 0
588 292 0
600 294 0
612 295 0
618 296 0
623 298 0
625 300 0
629 306 0
633 310 0
639 313 0
648 313 0
658 311 0
667 307 0
671 304 0
675 303 0
679 303 0
681 305 0
682 311 0
684 334 0
684 379 0
682 389 0
671 403 0
657 410 0
640 409 0
625 399 0
622 387 0
632 370 0
687 332 0
696 326 0
705 320 1
