honour
315 234 0
317 243 0
318 267 0
319 298 0
318 328 0
318 352 0
319 364 0
322 367 0
326 363 0
340 344 0
358 325 0
367 317 0
370 318 0
374 322 0
377 332 0
380 338 0
385 342 1
461 309 0
457 313 0
449 316 0
438 324 0
429 336 0
424 352 0
426 360 0
433 362 0
443 358 0
458 349 0
467 338 0
469 335 0
470 325 0
468 318 0
466 314 0
464 312 0
469 311 0
478 309 0
484 309 0
490 309 0
493 310 0
497 311 0
501 321 0
503 327 0
505 330 0
510 332 0
514 331 0
519 329 0
522 330 0
526 334 0
533 340 0
539 340 1
610 300 0
604 302 0
597 303 0
588 307 0
581 312 0
571 324 0
569 334 0
571 338 0
578 341 0
588 340 0
598 335 0
606 327 0
610 320 0
610 317 0
609 310 0
605 301 0
601 298 0
599 296 0
608 301 0
617 301 0
628 299 0
635 297 0
641 296 0
644 294 0
647 294 0
649 308 0
651 321 0
654 332 0
656 336 0
665 337 0
674 333 0
687 324 0
695 315 0
701 309 0
705 305 0
707 303 0
709 311 0
711 320 0
715 327 0
720 331 0
729 332 0
739 328 0
749 323 0
758 320 0
763 318 0
769 319 0
772 324 0
773 327 0
775 331 0
773 321 0
771 308 0
770 298 0
771 293 0
774 289 0
778 288 0
786 286 0
790 285 1
