draugh
483 383 0
474 379 0
465 377 0
452 376 0
439 378 0
431 384 0
426 394 0
423 408 0
427 420 0
439 423 0
461 414 0
479 394 0
491 367 0
499 339 0
501 322 0
502 316 0
504 313 0
504 323 0
500 349 0
496 377 0
495 397 0
496 407 0
499 415 0
504 416 0
512 413 0
522 408 0
532 405 0
539 406 0
542 407 0
546 412 0
548 417 0
549 420 0
549 406 0
546 389 0
545 375 0
545 373 0
548 370 0
553 370 0
561 371 0
575 373 0
588 374 0
597 375 0
610 375 0
618 375 0
622 375 0
626 375 0
615 376 0
604 380 0
595 384 0
589 392 0
586 401 0
587 407 0
590 410 0
597 407 0
610 399 0
619 387 0
623 381 0
627 376 0
629 374 0
630 378 0
630 397 0
631 406 0
633 409 0
635 412 0
645 406 0
656 395 0
667 385 0
671 381 0
674 378 0
675 392 0
677 401 0
679 405 0
687 407 0
698 400 0
708 392 0
712 388 0
716 384 0
718 389 0
721 395 0
726 402 0
730 404 1
801 381 0
797 381 0
786 381 0
780 384 0
773 388 0
768 396 0
767 400 0
767 403 0
774 398 0
782 391 0
791 380 0
798 373 0
800 371 0
806 368 0
808 371 0
811 379 0
815 400 0
816 426 0
813 447 0
809 459 0
802 474 0
794 484 0
785 488 0
778 488 0
773 484 0
772 479 0
773 472 0
784 457 0
800 436 0
818 415 0
824 409 0
838 392 0
860 351 0
871 325 0
873 316 0
874 309 0
874 306 0
871 318 0
864 346 0
861 365 0
861 376 0
861 386 0
862 391 0
867 394 0
875 389 0
891 381 0
899 379 0
905 382 0
912 392 0
924 408 0
935 410 0
938 410 1
