they
498 279 0
498 283 0
497 296 0
496 318 0
495 345 0
494 371 0
495 391 0
499 404 0
508 414 0
520 419 0
536 413 0
554 404 0
571 395 1
487 363 0
500 364 0
509 362 0
517 360 0
542 353 1
573 303 0
573 307 0
573 323 0
571 349 0
572 368 0
572 377 0
572 384 0
574 388 0
576 389 0
578 390 0
586 387 0
593 385 0
597 383 0
602 381 0
607 380 0
610 380 0
615 383 0
618 387 0
628 393 0
640 392 0
655 386 0
665 380 0
673 370 0
677 362 0
676 355 0
672 352 0
666 352 0
658 356 0
644 372 0
638 387 0
637 399 0
640 406 0
647 410 0
660 409 0
680 399 0
697 389 0
706 382 0
709 378 0
711 376 0
714 375 0
717 379 0
723 393 0
732 398 0
739 397 0
748 391 0
759 382 0
768 374 0
771 371 0
775 369 0
779 369 0
786 387 0
792 415 0
794 438 0
791 450 0
783 462 0
769 471 0
758 471 0
749 469 0
748 463 0
758 445 0
794 407 0
809 392 0
812 389 1
