could
507 360 0
503 360 0
497 361 0
488 367 0
479 375 0
474 385 0
475 398 0
481 407 0
488 411 0
492 412 0
512 411 0
533 409 1
584 365 0
581 366 0
574 369 0
567 374 0
560 383 0
555 397 0
555 405 0
559 408 0
566 408 0
575 402 0
583 394 0
588 386 0
589 378 0
586 372 0
583 368 0
580 366 0
587 367 0
603 363 0
618 361 0
626 361 0
629 362 0
634 366 0
637 376 0
638 387 0
639 395 0
641 398 0
642 401 0
647 398 0
655 393 0
662 388 0
668 384 0
672 383 0
677 383 0
680 384 0
684 389 0
693 394 0
700 395 0
702 395 0
721 385 0
755 349 0
761 337 0
768 322 0
767 311 0
765 304 0
762 301 0
753 307 0
747 319 0
737 343 0
732 367 0
732 378 0
736 386 0
744 391 0
754 393 0
773 396 0
776 396 1
852 370 0
844 369 0
823 366 0
807 366 0
798 372 0
791 380 0
788 390 0
787 397 0
793 399 0
804 396 0
825 385 0
844 363 0
855 339 0
863 315 0
863 297 0
863 289 0
863 286 0
862 293 0
854 321 0
849 348 0
848 366 0
851 377 0
860 387 0
871 393 0
879 396 0
893 400 1
