them
483 246 0
487 252 0
488 267 0
489 296 0
488 328 0
489 359 0
490 381 0
495 399 0
502 404 0
512 404 0
523 402 0
541 397 1
460 345 0
467 348 0
486 348 0
499 345 0
515 341 1
566 279 0
565 289 0
563 303 0
561 328 0
560 354 0
560 371 0
560 383 0
562 390 0
564 395 0
569 394 0
578 385 0
586 379 0
590 377 0
593 375 0
598 375 0
602 382 0
607 387 0
616 390 0
626 391 0
637 385 0
653 369 0
661 355 0
664 348 0
665 342 0
663 339 0
658 340 0
655 350 0
652 363 0
650 376 0
650 383 0
653 387 0
657 388 0
664 385 0
674 377 0
686 366 0
693 359 0
699 355 0
702 353 0
705 356 0
707 362 0
709 368 0
710 373 0
712 379 0
713 382 0
716 382 0
724 372 0
732 365 0
739 362 0
744 363 0
748 369 0
752 376 0
756 382 0
760 384 0
769 383 0
780 378 0
789 372 0
797 368 0
802 368 0
805 372 0
808 375 1
