your
454 314 0
452 318 0
447 334 0
444 351 0
447 359 0
448 362 0
452 363 0
463 358 0
484 343 0
496 332 0
498 330 0
502 326 0
505 325 0
508 332 0
513 352 0
519 386 0
520 425 0
518 443 0
513 456 0
507 466 0
503 470 0
499 469 0
494 458 0
495 428 0
509 397 0
527 374 0
548 354 0
567 339 0
576 332 0
580 329 0
583 328 0
581 334 0
578 344 0
580 356 0
586 362 0
594 366 0
605 366 0
614 363 0
620 360 0
622 356 0
623 351 0
617 345 0
606 338 0
593 330 0
585 327 0
583 325 0
587 328 0
598 332 0
625 332 0
651 326 0
664 322 0
671 321 0
675 321 0
679 331 0
682 352 0
685 360 0
688 362 0
692 362 0
699 359 0
710 349 0
716 343 0
720 340 0
723 337 0
726 337 0
727 341 0
730 347 0
735 355 0
741 359 0
748 359 0
762 355 0
777 349 0
784 347 0
790 347 0
796 349 0
800 353 0
802 341 0
804 333 0
807 327 0
812 322 0
818 320 0
822 319 1
