would
395 329 0
395 332 0
395 339 0
397 361 0
400 381 0
405 392 0
409 397 0
417 399 0
427 396 0
437 389 0
443 384 0
448 382 0
450 381 0
452 384 0
461 390 0
473 391 0
484 389 0
495 382 0
502 372 0
505 363 0
504 352 0
502 342 0
500 337 0
499 334 0
499 331 0
510 331 0
518 329 0
536 328 0
552 328 0
557 328 0
561 328 0
563 328 0
566 328 0
564 331 0
559 335 0
554 345 0
553 361 0
558 371 0
566 376 0
577 377 0
589 372 0
595 368 0
597 362 0
595 358 0
591 353 0
585 348 0
582 345 0
578 343 0
591 338 0
596 337 0
600 336 0
603 337 0
608 342 0
614 355 0
621 366 0
628 370 0
635 372 0
644 367 0
653 360 0
660 354 0
664 351 0
668 352 0
672 359 0
676 365 0
682 370 0
695 367 0
708 361 0
717 354 0
741 302 0
747 258 0
746 250 0
744 247 0
740 250 0
734 257 0
721 286 0
715 318 0
713 347 0
718 366 0
723 374 0
732 377 1
812 340 0
809 340 0
800 340 0
790 341 0
781 346 0
779 348 0
768 361 0
766 371 0
769 374 0
775 373 0
790 363 0
811 338 0
826 311 0
833 286 0
835 269 0
835 264 0
829 276 0
822 304 0
817 330 0
816 350 0
819 362 0
826 368 0
829 371 1
