december
270 315 0
266 317 0
259 317 0
248 318 0
236 322 0
224 333 0
217 344 0
215 356 0
215 361 0
219 364 0
234 363 0
256 352 0
276 332 0
293 305 0
311 271 0
319 253 0
324 242 0
327 237 0
329 233 0
324 247 0
314 280 0
307 311 0
304 337 0
305 351 0
312 357 0
324 356 0
348 344 0
366 327 0
375 314 0
377 306 0
377 301 0
372 301 0
364 309 0
351 334 0
344 353 0
349 360 0
360 361 0
384 355 0
408 349 1
461 298 0
455 304 0
444 309 0
436 316 0
431 323 0
429 329 0
429 336 0
432 342 0
436 345 0
442 346 0
480 340 0
523 320 0
530 314 0
533 309 0
533 305 0
530 304 0
525 305 0
514 309 0
506 316 0
502 323 0
503 329 0
506 334 0
515 338 0
524 340 0
535 337 0
546 331 0
555 323 0
561 318 0
565 316 0
570 314 0
572 314 0
575 318 0
578 324 0
582 328 0
585 330 0
589 330 0
594 327 0
601 323 0
607 319 0
612 317 0
615 315 0
624 320 0
630 321 0
638 321 0
650 318 0
659 317 0
667 317 0
671 317 0
675 320 0
681 328 1
713 242 0
715 246 0
717 253 0
718 270 0
719 286 0
719 294 0
721 297 0
723 298 0
731 298 0
743 298 0
754 299 0
758 299 0
763 301 0
758 307 0
744 316 0
730 323 0
721 326 0
703 330 1
784 313 0
788 313 0
794 312 0
803 308 0
810 304 0
813 299 0
814 294 0
811 290 0
806 291 0
800 294 0
795 301 0
792 312 0
793 323 0
800 331 0
814 334 0
838 330 0
854 325 0
862 323 0
865 322 0
870 324 0
872 328 0
875 332 0
877 334 0
879 337 0
880 331 0
882 323 0
888 313 0
895 303 0
902 300 0
904 299 1
