church
316 333 0
315 330 0
308 329 0
301 332 0
289 340 0
277 351 0
271 363 0
269 369 0
268 376 0
274 391 0
286 395 0
310 393 0
335 381 0
358 361 0
376 337 0
391 311 0
404 286 0
412 268 0
413 261 0
414 254 0
414 248 0
412 244 0
412 242 0
409 241 0
401 255 0
395 272 0
387 300 0
382 329 0
378 355 0
375 373 0
373 389 0
373 400 0
372 404 0
378 404 0
385 400 0
392 395 0
400 387 0
406 382 0
410 379 0
413 376 0
415 377 0
420 384 0
423 389 0
429 397 0
436 403 0
439 406 0
444 407 0
453 403 0
462 396 0
471 385 0
477 377 0
480 371 0
483 368 0
484 366 0
487 365 0
486 376 0
487 384 0
490 389 0
495 393 0
501 394 0
508 393 0
516 389 0
522 384 0
526 378 0
529 374 0
532 368 0
534 366 0
536 364 0
539 367 0
542 374 0
545 380 0
549 387 0
555 393 0
558 396 0
567 396 0
579 390 0
590 382 0
596 378 0
598 377 0
601 376 0
605 380 0
608 385 0
609 388 0
611 391 0
610 386 0
609 379 0
608 372 0
609 364 0
611 360 0
619 357 1
700 352 0
696 353 0
685 355 0
672 359 0
662 364 0
652 374 0
647 384 0
645 392 0
649 398 0
658 400 0
675 397 0
698 388 0
712 378 0
728 363 0
741 332 0
754 296 0
757 283 0
758 275 0
758 270 0
757 265 0
753 266 0
746 284 0
738 309 0
736 333 0
737 349 0
738 371 0
740 379 0
742 385 0
745 390 0
747 393 0
750 392 0
759 386 0
772 378 0
776 375 0
782 372 0
785 373 0
786 378 0
792 389 0
804 394 0
823 398 0
843 400 1
