they
527 262 0
528 266 0
527 278 0
524 302 0
521 329 0
519 356 0
519 375 0
521 385 0
526 396 0
536 402 0
555 403 0
577 405 1
509 341 0
513 345 0
524 348 0
548 345 0
572 342 1
604 290 0
604 293 0
602 303 0
600 320 0
598 345 0
595 364 0
594 373 0
594 376 0
594 381 0
597 384 0
601 381 0
614 374 0
626 368 0
632 365 0
635 367 0
639 372 0
646 375 0
658 377 0
674 373 0
688 365 0
694 358 0
697 351 0
697 344 0
695 339 0
692 337 0
686 348 0
679 363 0
678 376 0
679 384 0
689 387 0
700 383 0
710 376 0
721 366 0
726 363 0
729 360 0
733 358 0
737 372 0
741 379 0
747 384 0
753 384 0
760 380 0
768 372 0
773 365 0
776 361 0
780 359 0
782 362 0
785 369 0
791 388 0
795 418 0
794 441 0
789 451 0
779 459 0
765 462 0
750 460 0
743 452 0
745 443 0
764 419 0
801 386 0
810 378 0
814 373 1
