whose
413 337 0
413 346 0
413 362 0
414 376 0
419 381 0
427 380 0
435 377 0
445 371 0
452 371 0
460 373 0
467 375 0
475 378 0
483 379 0
492 378 0
500 373 0
505 370 0
506 366 0
505 361 0
502 350 0
500 344 0
507 342 0
516 341 0
528 338 0
541 333 0
550 330 1
549 255 0
549 258 0
549 262 0
549 273 0
551 295 0
552 323 0
555 345 0
557 357 0
558 363 0
560 366 0
563 370 0
569 362 0
574 357 0
579 355 0
582 354 0
585 357 0
589 361 0
595 365 0
601 367 0
604 367 1
634 333 0
631 343 0
629 358 0
630 371 0
633 377 0
640 378 0
650 375 0
659 368 0
664 361 0
667 354 0
666 348 0
660 343 0
652 340 0
642 340 0
636 340 1
708 328 0
705 334 0
705 338 0
706 342 0
708 348 0
709 351 0
710 357 0
709 363 0
707 368 0
702 373 0
700 373 1
759 351 0
763 354 0
767 353 0
771 351 0
774 344 0
773 339 0
771 336 0
766 333 0
761 335 0
754 340 0
749 351 0
747 364 0
752 372 0
764 377 0
820 367 0
831 365 0
843 362 1
