belong
423 292 0
423 296 0
426 314 0
427 345 0
428 368 0
428 380 0
428 386 0
428 392 0
436 385 0
446 375 0
461 368 0
472 367 0
478 368 0
483 376 0
481 382 0
480 385 0
474 391 0
462 395 0
452 396 1
499 387 0
503 388 0
509 387 0
516 383 0
520 381 0
525 374 0
526 371 0
522 368 0
516 364 0
511 363 0
508 362 0
504 366 0
503 375 0
507 389 0
516 401 0
527 407 0
557 395 0
597 348 0
602 326 0
604 307 0
601 297 0
600 292 0
597 289 0
593 296 0
585 313 0
576 345 0
573 370 0
572 383 0
576 393 0
583 398 0
593 397 0
604 394 0
621 387 1
666 362 0
661 364 0
654 370 0
647 379 0
644 384 0
641 392 0
641 400 0
649 396 0
666 381 0
669 371 0
669 362 0
667 357 0
663 352 0
658 356 0
650 363 0
641 374 0
638 380 1
692 366 0
693 369 0
693 377 0
693 383 0
693 386 0
693 388 0
696 391 0
704 388 0
713 385 0
724 384 0
730 384 0
736 387 0
742 390 0
747 394 0
753 396 0
756 396 1
832 365 0
823 363 0
816 364 0
808 368 0
800 373 0
796 379 0
796 383 0
805 382 0
813 380 0
819 378 0
824 378 0
828 379 0
832 382 0
839 395 0
849 424 0
852 444 0
850 456 0
844 468 0
837 474 0
822 474 0
807 469 0
802 462 0
805 450 0
831 415 0
866 382 0
877 370 1
