against
431 339 0
435 339 0
433 335 0
426 332 0
416 332 0
403 338 0
384 361 0
378 378 0
378 387 0
386 393 0
401 391 0
428 377 0
448 359 0
456 348 0
458 345 0
458 340 0
458 346 0
458 357 0
459 367 0
463 373 0
467 374 1
548 338 0
540 336 0
531 336 0
520 338 0
509 348 0
497 365 0
494 376 0
494 379 0
503 378 0
521 366 0
532 358 0
537 354 0
541 350 0
543 349 0
547 356 0
550 374 0
553 403 0
554 424 0
551 439 0
546 448 0
539 454 0
529 457 0
522 456 0
517 446 0
520 424 0
531 395 0
539 378 0
546 365 1
653 338 0
648 336 0
638 335 0
624 334 0
612 336 0
600 340 0
590 346 0
583 355 0
579 366 0
579 374 0
581 379 0
591 381 0
606 376 0
625 363 0
633 354 0
638 347 0
640 344 0
642 341 0
644 341 0
645 348 0
647 357 0
649 365 0
653 369 0
658 369 0
665 367 0
672 362 0
678 356 0
684 350 0
689 349 0
689 357 0
689 362 0
690 369 0
694 372 0
700 372 0
709 367 0
718 361 0
726 356 0
729 355 0
733 352 0
737 359 0
739 364 0
742 368 0
746 369 0
753 367 0
764 362 0
772 360 0
776 359 0
782 360 0
786 360 0
789 362 0
793 364 0
797 366 1
839 321 0
832 333 0
833 340 0
835 346 0
842 354 0
848 362 0
851 369 0
851 374 0
849 377 0
842 380 0
832 376 0
827 373 1
893 249 0
894 254 0
896 264 0
899 297 0
898 328 0
894 355 0
892 367 0
891 372 0
886 379 0
884 378 0
877 360 0
877 351 0
881 346 0
888 342 0
896 340 0
912 335 0
919 334 0
933 328 1
732 247 0
721 258 0
710 272 0
697 286 1
