forgot
376 356 0
385 353 0
405 335 0
422 314 0
435 294 0
438 283 0
438 273 0
437 270 0
434 269 0
422 291 0
414 320 0
414 354 0
416 384 0
419 406 0
419 420 0
419 432 0
418 439 0
418 442 0
418 424 0
418 397 0
423 373 0
434 354 0
443 343 0
452 336 0
460 332 0
464 331 0
467 330 0
470 335 0
465 343 0
462 349 0
460 358 0
462 369 0
467 377 0
477 380 0
486 378 0
495 372 0
500 366 0
502 359 0
500 351 0
498 345 0
496 338 0
491 336 0
502 335 0
522 331 0
539 336 0
545 341 0
551 351 0
552 359 0
553 364 0
555 368 0
553 361 0
550 352 0
550 344 0
553 340 0
557 337 0
563 336 0
571 334 1
636 323 0
629 323 0
624 324 0
621 325 0
610 332 0
598 342 0
596 348 0
598 352 0
599 354 0
605 353 0
612 353 0
618 352 0
622 352 0
626 353 0
630 357 0
636 365 0
640 381 0
644 406 0
641 424 0
629 441 0
618 452 0
611 456 0
606 453 0
604 441 0
610 416 0
631 391 0
654 367 0
671 349 0
681 340 0
686 335 0
684 342 0
681 353 0
679 365 0
682 374 0
687 375 0
701 369 0
711 360 0
716 350 0
719 340 0
720 334 0
710 337 0
705 341 1
760 255 0
760 258 0
755 281 0
750 312 0
748 334 0
747 347 0
747 357 0
746 363 0
746 369 0
746 376 0
746 383 0
746 386 0
736 369 0
729 356 0
727 350 0
726 346 0
732 340 0
741 336 0
754 332 0
773 326 0
789 321 1
