fix
449 386 0
463 382 0
494 359 0
527 324 0
540 304 0
545 291 0
546 281 0
544 273 0
542 269 0
536 265 0
530 270 0
523 280 0
514 303 0
511 332 0
516 384 0
522 424 0
524 454 0
527 472 0
528 478 0
522 444 0
520 422 0
519 413 0
519 408 0
521 405 0
526 399 0
533 394 0
542 388 0
553 380 0
564 372 0
576 364 0
580 362 0
585 359 0
587 373 0
590 392 0
594 405 0
599 412 0
609 411 0
628 405 0
649 397 1
708 350 0
701 358 0
687 373 0
672 391 0
665 400 1
651 353 0
660 363 0
674 383 0
693 403 0
708 416 0
722 427 1
634 280 0
631 283 0
626 287 1
