harbouring
278 253 0
282 255 0
283 260 0
286 285 0
287 316 0
288 342 0
288 361 0
289 367 0
293 368 0
299 363 0
319 342 0
327 334 0
330 331 0
334 336 0
337 346 0
341 356 0
349 360 0
353 360 1
420 313 0
409 314 0
401 316 0
394 320 0
386 326 0
378 341 0
373 355 0
373 363 0
375 370 0
377 374 0
379 377 0
382 380 0
386 381 0
392 378 0
400 371 0
408 357 0
411 348 0
414 340 0
415 333 0
416 329 0
417 327 0
417 337 0
419 347 0
423 356 0
429 360 0
437 359 0
447 355 0
457 349 0
464 344 0
468 342 0
470 341 0
472 343 0
474 348 0
476 351 0
477 354 0
478 357 0
479 360 0
480 364 0
480 368 0
480 372 0
480 375 0
478 367 0
476 361 0
474 355 0
473 349 0
473 346 0
476 340 0
482 338 0
489 337 0
499 334 0
515 327 1
531 252 0
531 262 0
531 284 0
530 309 0
531 336 0
530 352 0
530 358 0
530 360 0
545 348 0
555 344 0
564 342 0
570 343 0
574 345 0
573 356 0
567 365 0
560 372 0
552 374 0
548 372 0
547 368 0
545 362 1
616 338 0
616 342 0
614 349 0
613 357 0
614 363 0
616 367 0
624 367 0
632 364 0
639 355 0
644 345 0
645 335 0
643 328 0
637 324 0
629 323 0
622 329 0
619 331 1
682 322 0
682 325 0
680 330 0
677 338 0
676 349 0
676 358 0
678 362 0
680 365 0
687 362 0
695 355 0
704 347 0
708 342 0
712 338 0
714 336 0
716 346 0
718 353 0
722 357 0
729 359 0
739 359 0
747 358 0
753 359 0
757 361 0
760 364 0
762 366 0
765 369 0
767 363 0
765 352 0
764 343 0
763 336 0
763 331 0
765 326 0
771 323 0
776 322 0
781 321 0
785 321 0
788 321 0
790 324 0
792 335 0
794 347 0
796 356 0
798 362 0
805 363 0
813 362 0
825 353 0
832 347 0
837 343 0
841 341 0
844 341 0
847 345 0
849 352 0
854 355 0
860 357 0
866 356 0
876 354 0
884 352 0
888 351 0
892 352 0
896 353 0
900 354 0
904 356 1
980 335 0
969 334 0
960 334 0
945 336 0
935 343 0
929 352 0
928 359 0
932 363 0
937 365 0
947 361 0
958 356 0
965 352 0
970 350 0
977 350 0
985 405 0
980 438 0
973 448 0
961 458 0
943 464 0
934 463 0
929 458 0
932 446 0
955 410 0
985 377 0
996 364 0
999 361 1
807 256 1
796 250 0
800 255 1
