will
476 332 0
477 335 0
477 353 0
478 372 0
481 379 0
486 384 0
494 387 0
514 381 0
520 377 0
526 374 0
530 380 0
534 384 0
540 388 0
549 389 0
557 386 0
562 385 0
565 382 0
566 376 0
567 370 0
567 364 0
567 360 0
567 358 0
571 357 0
584 354 0
595 350 0
599 349 0
602 348 0
605 347 0
607 354 0
609 362 0
611 370 0
615 376 0
622 378 0
633 375 0
652 364 0
668 348 0
680 325 0
688 298 0
690 275 0
689 268 0
675 283 0
663 309 0
658 339 0
663 366 0
668 375 0
672 378 0
687 378 0
715 363 0
735 341 0
747 316 0
748 294 0
746 279 0
744 276 0
739 274 0
729 289 0
719 320 0
718 348 0
722 364 0
729 368 0
733 369 1
629 273 0
629 277 1
