stewarts
490 334 0
482 337 0
476 339 0
473 341 0
469 344 0
472 353 0
482 367 0
491 384 0
494 397 0
494 409 0
491 416 0
489 419 0
478 419 0
459 409 0
438 396 1
512 263 0
516 273 0
522 299 0
526 333 0
530 384 0
530 404 0
530 410 0
527 426 0
524 435 0
522 411 0
524 391 0
525 384 0
528 380 0
536 383 0
548 385 0
559 385 0
569 384 0
576 379 0
580 372 0
581 366 0
579 360 0
577 356 0
572 352 0
566 355 0
565 367 0
565 384 0
569 396 0
578 401 0
587 402 0
597 398 0
611 387 0
621 372 0
623 367 0
625 365 0
626 376 0
629 383 0
633 389 0
638 391 0
647 389 0
655 386 0
663 383 0
666 383 0
669 383 0
672 387 0
679 391 0
684 391 0
690 389 0
696 383 0
700 372 0
701 366 0
704 360 0
707 357 1
792 352 0
787 351 0
775 350 0
755 350 0
743 352 0
733 359 0
727 371 0
725 381 0
728 386 0
735 389 0
747 388 0
768 377 0
778 367 0
781 362 0
784 357 0
787 358 0
787 364 0
787 368 0
788 373 0
794 379 0
804 380 0
815 380 0
825 380 0
833 381 0
838 382 0
841 383 0
844 384 0
847 386 0
847 380 0
847 374 0
847 369 0
847 363 0
850 360 0
853 356 0
858 353 0
861 349 1
881 247 0
882 257 0
884 280 0
886 316 0
890 346 0
893 367 0
895 376 0
896 383 0
896 386 0
896 389 0
888 381 0
886 373 0
885 366 0
886 360 0
889 356 0
896 351 1
952 325 0
940 333 0
935 338 0
932 341 0
931 347 0
934 350 0
943 358 0
950 364 0
954 370 0
957 374 0
957 379 0
952 383 0
946 387 1
