him
451 278 0
455 281 0
457 284 0
460 300 0
460 330 0
460 360 0
460 385 0
460 398 0
461 403 0
466 405 0
475 399 0
489 385 0
503 369 0
508 366 0
511 365 0
514 366 0
516 374 0
522 379 0
529 382 0
538 380 0
549 374 0
555 369 0
560 367 0
562 366 0
565 364 0
568 365 0
572 375 0
573 378 0
577 383 0
583 383 0
590 382 0
595 378 0
602 371 0
606 367 0
610 363 0
612 361 0
616 362 0
620 373 0
626 378 0
635 382 0
639 381 0
644 376 0
651 370 0
654 367 0
661 366 0
663 369 0
667 373 0
672 378 0
677 381 0
684 382 0
695 380 0
705 379 0
713 380 0
721 383 0
726 386 0
730 389 0
735 393 1
584 274 0
584 277 1
