exists
359 350 0
363 353 0
385 354 0
405 345 0
417 337 0
424 330 0
425 327 0
419 323 0
409 325 0
397 332 0
389 342 0
385 353 0
383 366 0
385 378 0
392 387 0
401 392 0
415 392 0
433 390 0
452 388 1
516 330 0
516 333 0
508 340 0
494 356 0
477 374 0
466 384 0
462 387 1
463 332 0
466 336 0
471 343 0
482 361 0
491 372 0
497 378 1
547 333 0
547 337 0
547 340 0
545 346 0
544 358 0
546 367 0
549 373 0
555 376 0
563 376 1
609 328 0
606 334 0
602 337 0
601 345 0
606 350 0
612 357 0
617 366 0
618 372 0
616 379 0
612 385 0
607 386 0
603 383 1
653 264 0
655 272 0
658 296 0
660 326 0
659 354 0
658 369 0
656 377 0
656 381 0
656 384 0
654 374 0
653 365 0
653 358 0
654 356 0
659 355 0
667 353 1
728 322 0
725 328 0
724 332 0
723 338 0
724 344 0
725 350 0
726 357 0
726 365 0
725 373 0
717 379 0
713 380 1
552 258 0
551 264 1
