suppose
420 322 0
411 324 0
402 329 0
395 335 0
392 342 0
394 348 0
402 355 0
416 365 0
429 376 0
436 384 0
436 390 0
432 397 0
426 402 0
415 405 0
407 404 0
405 404 1
472 332 0
473 343 0
472 363 0
474 377 0
479 383 0
485 385 0
494 383 0
506 376 0
516 367 0
519 364 0
522 361 0
524 365 0
527 370 0
530 375 0
537 377 0
546 376 0
554 375 0
560 377 0
566 381 0
571 392 0
576 410 0
580 435 0
582 454 0
583 458 0
584 451 0
582 420 0
580 387 0
581 371 0
589 353 0
597 341 0
603 342 0
612 347 0
619 357 0
620 369 0
618 377 0
613 387 0
606 390 1
667 388 0
670 405 0
674 431 0
673 445 0
671 452 0
669 455 0
662 444 0
657 414 0
657 368 0
665 347 0
672 341 0
677 338 0
683 340 0
688 345 0
690 354 0
690 368 0
680 384 0
670 393 0
666 396 1
726 361 0
725 372 0
726 387 0
728 391 0
734 392 0
743 384 0
751 374 0
756 363 0
756 353 0
753 347 0
748 344 0
742 344 0
738 349 1
803 331 0
800 336 0
797 341 0
794 349 0
793 355 0
794 357 0
796 363 0
797 368 0
795 375 0
793 380 0
791 383 1
847 371 0
851 374 0
855 372 0
860 368 0
862 360 0
861 352 0
857 346 0
850 340 0
843 340 0
836 343 0
831 353 0
828 367 0
828 372 0
833 378 0
843 386 0
856 396 1
