which
464 337 0
464 340 0
464 344 0
463 355 0
463 370 0
465 379 0
470 383 0
476 384 0
485 380 0
494 373 0
500 368 0
503 367 0
506 373 0
508 378 0
515 382 0
522 382 0
531 378 0
539 372 0
543 369 0
546 367 0
547 365 0
547 361 0
547 358 0
551 357 0
557 354 0
565 350 0
569 348 0
572 348 0
575 348 0
578 348 0
581 348 0
589 342 0
600 330 0
608 321 0
616 303 0
616 286 0
615 279 0
614 274 0
612 270 0
607 280 0
604 294 0
599 319 0
597 337 0
598 349 0
597 360 0
597 367 0
597 371 0
599 375 0
603 375 0
612 367 0
618 362 0
623 359 0
626 362 0
628 367 0
633 371 0
640 373 0
656 368 0
666 360 0
671 354 0
675 350 0
678 349 0
680 354 0
682 361 0
686 368 0
694 370 0
705 370 0
713 369 0
729 366 1
749 333 0
746 337 0
739 346 0
733 354 0
732 357 0
729 367 0
731 374 0
739 375 0
750 370 0
775 346 0
790 323 0
798 299 0
801 281 0
802 276 0
795 290 0
789 308 0
783 331 0
783 341 0
786 349 0
789 355 0
792 359 0
796 360 0
803 361 0
809 363 0
813 366 0
816 368 0
821 369 0
826 371 0
833 369 1
691 260 0
688 269 0
680 281 0
676 288 0
666 300 1
