our
511 343 0
507 341 0
497 337 0
490 337 0
481 341 0
472 352 0
469 367 0
471 377 0
477 383 0
486 386 0
504 383 0
521 374 0
528 368 0
532 363 0
532 358 0
529 354 0
526 351 0
521 349 0
517 348 0
531 345 0
552 340 0
562 339 0
565 339 0
568 339 0
571 341 0
572 348 0
572 360 0
572 372 0
574 379 0
578 383 0
583 385 0
593 381 0
605 372 0
615 363 0
620 358 0
623 354 0
625 360 0
625 370 0
628 378 0
632 385 0
638 387 0
650 384 0
666 376 0
667 373 0
678 365 0
685 361 0
688 360 0
691 364 0
693 368 0
695 372 0
697 378 0
699 380 0
701 364 0
706 349 0
711 340 0
715 336 0
720 336 0
727 334 1
