the
429 265 0
432 265 0
437 272 0
438 285 0
439 305 0
438 336 0
436 364 0
440 380 0
445 387 0
448 390 0
457 391 0
475 391 0
493 391 1
426 353 0
430 355 0
439 355 0
459 350 0
479 344 1
515 281 0
515 284 0
515 296 0
514 315 0
513 341 0
508 368 0
509 374 0
510 377 0
513 378 0
519 375 0
524 370 0
531 366 0
534 364 0
538 363 0
542 362 0
546 363 0
554 369 0
562 375 0
571 377 0
582 377 0
597 371 0
610 362 0
615 356 0
616 351 0
615 347 0
612 343 0
610 341 0
602 344 0
594 352 0
588 365 0
587 368 0
590 375 0
617 386 0
644 392 0
658 395 1
