useful
400 327 0
400 331 0
396 346 0
393 375 0
396 386 0
402 392 0
406 393 0
413 391 0
424 383 0
435 372 0
442 365 0
445 361 0
448 358 0
454 369 0
459 376 0
466 380 0
477 378 0
486 377 0
501 373 1
519 328 0
515 333 0
512 338 0
511 342 0
512 347 0
518 357 0
521 365 0
523 374 0
522 381 0
520 384 0
519 386 0
516 383 1
553 368 0
557 371 0
562 370 0
568 365 0
572 358 0
574 351 0
573 349 0
572 343 0
565 343 0
559 347 0
553 357 0
550 370 0
552 379 0
559 385 0
562 387 1
650 393 0
649 386 0
647 369 0
640 341 0
637 315 0
636 292 0
647 279 0
661 271 0
675 262 1
643 362 0
653 355 0
666 347 0
673 344 0
677 343 0
682 349 0
684 356 0
687 364 0
689 369 0
691 374 0
697 374 0
704 371 0
710 366 0
717 361 0
721 360 0
723 360 0
726 362 0
732 367 0
742 370 0
754 369 0
778 359 0
796 341 0
809 323 0
812 312 0
810 288 0
806 277 0
802 274 0
796 277 0
788 293 0
778 323 0
776 353 0
783 372 0
797 378 0
812 380 0
829 382 1
