such
543 338 0
537 337 0
531 339 0
524 342 0
519 345 0
517 353 0
520 362 0
528 372 0
539 383 0
546 392 0
549 398 0
547 404 0
543 409 0
530 410 0
520 408 1
576 342 0
577 345 0
577 351 0
578 362 0
579 375 0
583 385 0
587 391 0
591 393 0
595 391 0
601 384 0
607 374 0
611 368 0
614 365 0
616 364 0
617 371 0
624 393 0
631 399 1
692 352 0
687 357 0
680 365 0
672 376 0
667 389 0
667 397 0
679 395 0
704 378 0
727 354 0
743 329 0
752 307 0
754 293 0
753 287 0
751 284 0
745 305 0
741 336 0
741 361 0
742 372 0
744 379 0
746 381 0
755 381 0
761 381 0
766 383 0
771 386 0
775 389 0
779 392 0
783 393 1
