are
513 325 0
517 323 0
518 320 0
518 316 0
513 311 0
507 308 0
499 308 0
491 311 0
483 318 0
474 331 0
469 342 0
468 351 0
470 359 0
473 362 0
478 362 0
483 360 0
490 354 0
497 345 0
500 341 0
504 335 0
508 329 0
511 327 0
513 328 0
514 333 0
513 340 0
515 346 0
518 352 0
521 357 0
523 360 0
526 360 0
533 356 0
545 344 0
555 336 0
559 333 0
562 331 0
565 333 0
567 338 0
569 342 0
570 345 0
572 348 0
572 344 0
572 338 0
572 335 0
583 335 0
593 335 0
604 333 0
618 327 0
625 324 0
629 321 0
630 318 0
630 315 0
629 313 0
624 310 0
619 323 0
615 338 0
615 350 0
622 358 0
635 360 0
647 361 0
650 361 0
664 361 1
