doubtful
488 369 0
485 367 0
477 364 0
470 363 0
460 364 0
447 381 0
439 403 0
439 414 0
444 416 0
450 414 0
469 395 0
495 354 0
503 328 0
506 303 0
507 286 0
506 280 0
505 304 0
504 336 0
505 364 0
509 383 0
515 395 0
523 402 0
526 404 1
561 375 0
560 378 0
560 384 0
560 394 0
565 403 0
573 408 0
584 408 0
598 402 0
608 392 0
611 385 0
611 382 0
603 375 0
588 373 0
577 373 0
569 373 1
640 356 0
640 360 0
638 369 0
640 380 0
641 388 0
643 393 0
646 396 0
652 393 0
661 387 0
669 380 0
673 378 0
676 376 0
679 378 0
682 382 0
685 388 0
688 392 1
711 293 0
712 301 0
714 320 0
717 346 0
719 357 0
722 363 0
730 366 0
741 371 0
749 374 0
753 376 0
757 381 0
757 384 0
752 389 0
739 395 0
723 399 0
713 401 1
789 268 0
789 277 0
790 329 0
789 363 0
789 382 0
789 392 0
789 398 0
788 401 0
783 396 0
778 386 0
777 375 0
778 369 0
782 365 0
788 364 0
795 363 1
834 349 0
841 352 0
849 350 0
859 344 0
870 331 0
877 316 0
880 295 0
879 279 0
877 274 0
875 270 0
868 286 0
860 320 0
856 359 0
854 386 0
853 411 0
851 427 0
850 435 0
850 439 0
845 430 0
844 413 0
846 399 0
852 384 0
858 375 0
865 371 0
872 366 0
877 363 0
880 362 0
883 362 0
884 368 0
884 374 0
887 378 0
890 381 0
896 380 0
903 375 0
914 366 0
919 362 0
923 360 0
926 364 0
927 366 0
929 372 0
934 378 0
941 380 0
951 375 0
971 355 0
986 332 0
992 319 0
994 306 0
993 281 0
990 267 0
984 273 0
974 299 0
962 345 0
961 366 0
966 375 0
979 385 0
998 400 1
