might
356 335 0
358 339 0
359 348 0
360 383 0
361 405 0
362 411 0
365 415 0
368 415 0
375 406 0
389 382 0
399 369 0
402 365 0
405 363 0
407 366 0
410 379 0
412 386 0
413 389 0
416 390 0
427 384 0
444 370 0
450 366 0
454 364 0
456 370 0
456 380 0
457 392 0
460 399 0
475 397 0
501 384 0
515 373 0
521 368 0
524 365 0
528 362 0
531 371 0
532 378 0
535 383 0
540 387 1
614 357 0
607 357 0
601 358 0
593 362 0
590 365 0
581 381 0
576 393 0
576 397 0
584 397 0
594 393 0
604 387 0
614 379 0
620 374 0
622 373 0
627 373 0
632 387 0
638 416 0
638 438 0
635 452 0
626 469 0
617 481 0
613 483 0
608 481 0
607 475 0
615 453 0
635 414 0
655 380 0
670 352 0
680 322 0
686 294 0
689 282 0
686 301 0
676 342 0
669 381 0
669 397 0
670 400 0
677 399 0
697 386 0
718 373 0
731 369 0
737 371 0
739 375 0
744 383 0
747 387 0
751 392 0
754 391 1
783 258 0
784 265 0
784 280 0
785 311 0
785 342 0
784 363 0
783 374 0
783 380 0
782 383 0
779 382 0
776 376 0
775 370 0
775 365 0
779 362 0
785 359 0
793 357 1
559 264 0
552 273 0
545 286 0
533 305 1
