now
429 337 0
432 340 0
434 347 0
436 365 0
439 381 0
441 390 0
444 394 0
447 395 0
452 393 0
459 389 0
468 381 0
474 377 0
478 375 0
484 373 0
486 376 0
489 383 0
494 393 0
500 398 1
566 360 0
561 360 0
553 363 0
546 368 0
542 374 0
540 381 0
541 388 0
549 393 0
561 393 0
581 386 0
592 378 0
597 372 0
598 366 0
595 363 0
590 359 0
583 357 0
580 356 0
591 356 0
603 354 0
613 352 0
618 352 0
621 352 0
626 355 0
629 363 0
632 370 0
636 376 0
640 379 0
645 378 0
654 373 0
662 368 0
666 365 0
671 363 0
674 362 0
677 367 0
687 376 0
708 380 0
715 377 0
721 370 0
726 364 0
728 357 0
728 353 0
728 348 0
735 347 0
748 342 0
758 337 0
772 330 1
