captain
463 317 0
458 315 0
448 310 0
437 306 0
424 302 0
415 301 0
408 304 0
398 312 0
392 327 0
392 339 0
398 348 0
409 353 0
422 353 0
434 350 0
448 348 0
464 344 1
533 311 0
529 312 0
518 310 0
509 311 0
499 314 0
490 322 0
484 329 0
483 334 0
483 337 0
490 337 0
500 333 0
511 327 0
518 323 0
522 321 0
524 320 0
526 324 0
533 335 0
540 337 1
603 350 0
600 362 0
598 379 0
596 394 0
594 403 0
593 409 0
592 412 0
590 401 0
585 371 0
584 335 0
587 324 0
594 314 0
601 308 0
610 306 0
613 306 0
621 311 0
629 324 0
631 336 0
630 342 0
628 345 0
622 349 0
616 343 1
664 243 0
667 251 0
669 268 0
670 294 0
671 317 0
671 334 0
670 342 0
670 346 0
668 350 0
663 346 0
659 339 0
660 330 0
668 320 0
678 317 0
684 316 1
769 309 0
758 307 0
750 308 0
741 310 0
728 315 0
720 323 0
716 333 0
715 341 0
718 345 0
724 345 0
735 341 0
749 331 0
757 324 0
760 320 0
763 316 0
764 324 0
765 332 0
768 338 0
771 342 0
775 343 0
785 337 0
792 330 0
798 323 0
802 320 0
805 318 0
809 321 0
811 326 0
815 333 0
818 337 0
828 339 0
833 336 0
836 335 0
842 335 0
845 336 0
848 339 0
859 340 0
875 339 0
891 337 0
901 338 0
909 341 0
914 345 0
920 347 0
926 347 1
799 234 0
797 239 1
