place
339 299 0
336 307 0
336 318 0
337 345 0
335 372 0
336 391 0
336 401 0
337 404 0
335 386 0
336 343 0
342 320 0
352 305 0
364 299 0
374 300 0
384 307 0
389 317 0
390 329 0
387 338 0
381 344 0
370 346 0
363 342 0
360 338 1
438 222 0
440 226 0
438 244 0
433 271 0
428 295 0
426 311 0
427 323 0
432 335 0
442 338 1
518 301 0
509 303 0
501 304 0
493 308 0
484 316 0
478 327 0
477 335 0
477 337 0
491 333 0
510 320 0
518 313 0
521 312 0
525 311 0
527 316 0
530 323 0
536 326 1
598 295 0
591 299 0
585 303 0
580 310 0
576 317 0
575 325 0
575 328 0
579 332 0
600 335 0
626 328 0
648 318 0
657 312 0
659 308 0
655 305 0
650 307 0
645 312 0
639 321 0
637 329 0
644 334 0
663 335 0
685 335 1
