down
438 356 0
432 350 0
424 346 0
411 343 0
397 343 0
387 348 0
380 360 0
380 377 0
386 393 0
395 399 0
407 396 0
432 373 0
453 344 0
460 325 0
463 319 0
465 292 0
467 260 0
467 255 0
467 253 0
466 259 0
462 277 0
456 307 0
451 339 0
450 370 0
451 390 0
457 398 0
467 400 0
479 399 0
498 396 1
540 353 0
536 355 0
529 357 0
520 361 0
512 371 0
513 386 0
519 394 0
528 396 0
545 391 0
558 384 0
564 375 0
566 368 0
564 360 0
561 356 0
555 351 0
552 350 0
549 351 0
559 352 0
574 348 0
590 341 0
595 340 0
598 340 0
600 340 0
602 346 0
604 359 0
606 371 0
607 379 0
616 377 0
623 372 0
628 367 0
633 365 0
635 364 0
638 365 0
640 371 0
642 376 0
646 380 0
654 381 0
664 378 0
674 370 0
682 364 0
685 362 0
690 357 0
692 355 0
694 355 0
700 352 0
709 346 0
732 338 0
742 336 0
745 341 0
749 348 0
752 357 0
755 363 0
759 367 0
769 366 0
780 363 0
791 360 0
800 357 0
806 357 0
812 360 0
816 364 0
823 367 1
