qualified
400 334 0
395 332 0
384 328 0
369 325 0
357 327 0
352 330 0
348 336 0
345 349 0
346 357 0
347 360 0
355 364 0
364 362 0
373 359 0
379 355 0
382 354 0
386 350 0
396 368 0
402 398 0
408 425 0
412 440 1
440 320 0
440 324 0
440 329 0
440 332 0
445 351 0
450 364 0
459 364 0
465 358 0
470 351 0
473 346 0
475 343 0
481 348 0
485 357 0
490 363 0
495 367 1
567 328 0
564 327 0
556 325 0
549 324 0
542 327 0
532 342 0
529 354 0
530 358 0
532 359 0
538 358 0
547 350 0
555 342 0
559 338 0
563 334 0
566 351 0
570 361 0
575 367 0
581 366 0
601 353 0
619 330 0
632 305 0
638 284 0
638 270 0
638 263 0
631 264 0
623 272 0
621 275 0
610 292 0
606 336 0
609 358 0
615 370 0
624 375 0
632 375 0
643 369 0
652 361 0
656 357 0
658 354 0
665 363 0
668 367 0
674 369 0
678 370 1
727 378 0
722 368 0
716 343 0
714 316 0
714 293 0
718 278 0
728 269 0
747 259 0
766 247 1
722 342 0
730 338 0
739 333 0
744 330 0
747 329 0
752 331 0
756 333 0
761 340 0
764 346 0
768 350 0
773 354 0
780 354 0
789 351 0
799 346 0
811 336 0
816 331 0
820 328 0
821 325 0
817 329 0
815 337 0
814 346 0
816 357 0
823 364 0
834 367 0
842 368 0
858 370 1
924 333 0
916 335 0
904 336 0
888 340 0
875 348 0
866 358 0
860 368 0
859 371 0
860 375 0
870 375 0
890 366 0
910 347 0
924 323 0
932 293 0
937 268 0
939 257 0
931 287 0
924 322 0
920 342 0
920 347 0
930 359 0
954 365 0
979 363 0
1001 359 1
675 239 0
675 243 1
851 237 0
850 241 0
847 251 1
