assembly
443 322 0
438 322 0
431 322 0
421 323 0
406 330 0
392 347 0
385 363 0
383 371 0
390 375 0
402 372 0
414 366 0
421 360 0
424 356 0
429 351 0
431 349 0
433 348 0
439 357 0
444 364 0
451 368 0
457 369 1
509 301 0
503 305 0
501 307 0
500 317 0
506 333 0
515 344 0
521 352 0
524 356 0
524 360 0
520 364 0
512 367 0
499 363 0
495 362 0
479 357 1
578 302 0
573 308 0
567 312 0
562 317 0
560 323 0
563 330 0
568 339 0
571 343 0
573 349 0
574 357 0
573 363 0
568 365 1
613 352 0
618 352 0
622 351 0
625 348 0
627 344 0
625 338 0
622 331 0
616 326 0
613 326 0
610 331 0
609 340 0
610 352 0
614 361 0
622 363 0
633 360 0
644 352 0
653 342 0
659 335 0
663 332 0
667 332 0
669 340 0
671 346 0
674 351 0
676 354 0
679 354 0
684 350 0
688 348 0
693 345 0
697 347 0
699 348 0
709 351 0
715 352 0
723 352 0
728 352 0
733 353 1
767 235 0
767 247 0
767 272 0
767 299 0
767 320 0
768 325 0
773 329 0
778 327 0
785 327 0
792 327 0
798 330 0
803 335 0
802 338 0
798 348 0
791 357 0
788 357 0
784 352 0
782 339 0
780 332 0
775 315 1
827 242 0
829 245 0
829 257 0
827 275 0
825 300 0
823 321 0
822 334 0
823 342 0
824 345 0
832 345 0
842 340 0
861 327 0
867 322 0
870 320 0
872 323 0
870 331 0
871 340 0
873 346 0
877 349 0
882 350 0
889 348 0
896 344 0
902 339 0
907 335 0
913 332 0
917 333 0
920 335 0
930 359 0
933 385 0
931 406 0
926 418 0
911 427 0
893 431 0
879 428 0
882 414 0
898 391 0
916 368 0
925 357 1
