was
402 322 0
405 323 0
407 329 0
413 353 0
417 364 0
421 371 0
427 374 0
434 373 0
440 369 0
446 365 0
450 362 0
454 360 0
457 360 0
465 364 0
472 367 0
478 367 0
487 364 0
490 359 0
492 353 0
492 344 0
492 337 0
492 333 0
493 329 0
501 327 0
516 324 0
542 320 0
564 316 0
578 313 0
588 311 0
593 311 0
595 311 0
584 319 0
570 328 0
550 343 0
545 350 0
542 355 0
542 361 0
546 363 0
553 362 0
566 355 0
580 344 0
588 332 0
590 329 0
592 326 0
593 323 0
593 340 0
594 349 0
598 354 0
606 355 1
699 302 0
691 305 0
684 307 0
681 310 0
680 314 0
682 320 0
686 327 0
692 336 0
695 343 0
696 347 0
695 350 0
686 359 0
665 368 0
655 368 0
640 367 0
632 366 1
