were
324 297 0
326 301 0
326 309 0
326 322 0
327 340 0
328 357 0
329 371 0
332 379 0
336 384 0
344 386 0
356 383 0
378 370 0
389 364 0
393 362 0
398 360 0
402 362 0
405 365 0
408 365 0
414 364 0
417 363 0
422 360 0
423 355 0
424 348 0
425 341 0
425 337 0
425 333 0
432 335 0
443 337 0
464 337 0
487 335 0
501 330 0
509 327 0
515 324 0
517 319 0
516 316 0
512 315 0
508 317 0
502 322 0
494 332 0
490 340 0
489 343 0
494 356 0
507 363 0
518 364 0
529 362 0
539 358 0
548 352 0
554 348 0
558 346 0
560 351 0
558 364 0
558 367 0
558 371 0
560 363 0
562 354 0
563 349 0
564 345 0
569 343 0
579 343 0
582 342 0
597 340 0
621 329 0
631 322 0
635 317 0
637 312 0
636 309 0
632 310 0
624 319 0
613 340 0
610 354 0
614 361 0
626 364 0
643 364 0
661 364 1
