ted
470 282 0
470 289 0
467 301 0
464 323 0
460 349 0
462 372 0
465 382 0
471 393 0
479 399 0
488 402 1
458 360 0
467 366 0
476 369 0
496 372 0
520 374 0
538 373 0
551 370 0
556 368 0
561 366 0
561 363 0
559 358 0
553 354 0
548 351 0
540 350 0
536 351 0
533 355 0
534 364 0
536 376 0
544 390 0
552 395 0
555 394 0
575 393 0
597 390 1
654 364 0
647 362 0
640 359 0
629 359 0
618 362 0
609 369 0
603 377 0
601 384 0
602 390 0
605 393 0
613 391 0
631 379 0
648 362 0
659 341 0
664 328 0
665 323 0
665 321 0
666 315 0
666 311 0
662 324 0
657 346 0
655 365 0
655 374 0
657 382 0
662 386 0
673 386 0
684 384 0
701 379 1
