other
440 361 0
439 358 0
436 354 0
431 351 0
422 351 0
413 354 0
406 362 0
403 372 0
405 381 0
410 385 0
416 387 0
420 387 0
436 376 0
446 365 0
449 359 0
448 354 0
446 350 0
444 347 0
448 346 0
459 344 0
471 339 0
478 337 0
480 336 1
515 240 0
515 250 0
515 273 0
514 306 0
511 338 0
508 366 0
506 380 0
506 385 0
506 389 0
501 377 0
494 358 0
494 353 0
494 350 0
502 349 0
512 348 0
525 345 0
548 331 0
560 316 0
567 296 0
568 273 0
569 265 0
569 262 0
567 273 0
564 306 0
561 337 0
559 361 0
559 370 0
561 376 0
566 375 0
573 369 0
583 364 0
591 361 0
595 362 0
602 373 0
606 379 0
613 383 0
623 383 0
635 377 0
648 361 0
655 347 0
657 335 0
656 329 0
653 328 0
649 340 0
642 365 0
642 374 0
645 378 0
650 379 0
659 378 0
668 376 0
677 374 0
683 375 0
688 376 0
691 378 0
695 380 0
695 375 0
695 367 0
695 360 0
698 355 0
700 352 0
706 346 0
711 340 0
716 337 1
