acquainted
187 282 0
183 281 0
176 277 0
169 275 0
159 275 0
146 280 0
129 296 0
121 311 0
118 322 0
120 333 0
126 338 0
135 339 0
147 337 0
160 330 0
172 320 0
180 311 0
187 303 0
191 301 0
194 302 0
194 314 0
196 323 0
202 331 0
213 334 0
229 332 0
253 329 1
320 278 0
312 278 0
304 280 0
293 282 0
270 301 0
258 322 0
256 333 0
260 339 0
271 342 0
283 343 0
300 344 1
387 295 0
378 290 0
366 289 0
353 292 0
334 303 0
327 313 0
326 323 0
326 325 0
338 328 0
349 325 0
359 319 0
366 312 0
370 310 0
373 305 0
376 306 0
380 315 0
383 339 0
384 366 0
386 383 0
388 391 1
404 295 0
406 298 0
407 303 0
408 312 0
409 321 0
411 328 0
414 331 0
418 332 0
426 329 0
430 324 0
436 316 0
441 309 0
444 304 0
446 301 0
451 302 0
452 308 0
454 314 0
459 320 0
468 323 0
475 324 0
481 322 0
488 319 0
495 314 0
500 310 0
503 308 0
507 306 0
509 306 1
541 300 0
532 296 0
525 295 0
519 297 0
511 302 0
506 308 0
503 315 0
503 321 0
503 327 0
505 329 0
510 328 0
517 324 0
524 316 0
527 313 0
530 312 0
533 311 0
533 316 0
535 328 0
538 334 0
545 336 0
552 336 0
564 331 0
575 325 0
586 317 0
594 308 0
595 306 0
599 302 0
601 301 0
604 306 0
606 313 0
609 317 0
616 319 0
624 318 0
633 317 0
639 313 0
642 310 0
648 306 0
651 305 0
653 308 0
655 313 0
658 318 0
663 321 0
669 321 0
676 320 0
683 319 0
689 318 0
695 320 0
698 321 0
702 323 0
710 327 1
761 223 0
761 227 0
761 231 0
762 240 0
762 256 0
762 280 0
762 296 0
761 308 0
761 316 0
761 321 0
761 324 0
761 326 0
761 329 0
763 338 0
763 343 0
763 347 0
757 341 0
754 335 0
752 331 0
750 329 0
748 326 0
748 323 0
749 319 0
749 317 0
754 316 0
761 316 0
774 316 0
790 314 0
803 310 0
817 306 0
825 300 0
832 291 0
834 287 0
828 287 0
818 294 0
809 304 0
804 316 0
803 324 0
808 330 0
820 332 0
835 330 0
854 325 1
927 302 0
918 302 0
907 302 0
889 310 0
880 317 0
878 321 0
880 324 0
885 325 0
896 321 0
910 313 0
927 291 0
940 267 0
947 251 0
951 246 0
952 243 0
946 261 0
937 287 0
936 304 0
938 319 0
945 329 0
962 334 0
988 331 0
1010 328 1
606 209 0
607 213 1
