told
424 258 0
426 262 0
425 268 0
424 280 0
421 303 0
419 332 0
420 362 0
429 383 0
438 390 0
448 395 0
465 403 1
422 338 0
423 342 0
430 346 0
444 348 0
468 350 0
485 348 0
494 347 0
500 347 0
505 347 0
507 347 0
505 353 0
502 373 0
505 393 0
510 393 0
518 391 0
528 383 0
536 370 0
538 362 0
537 355 0
537 351 0
534 346 0
530 345 0
541 347 0
555 342 0
578 328 0
593 313 0
599 302 0
602 293 0
604 284 0
603 278 0
601 274 0
594 287 0
581 325 0
573 368 0
575 378 0
582 385 0
593 388 0
612 381 0
623 376 0
638 368 1
701 357 0
680 354 0
665 355 0
655 360 0
646 369 0
641 377 0
639 382 0
642 387 0
647 385 0
659 380 0
682 361 0
698 339 0
707 320 0
713 303 0
717 283 0
719 270 0
720 266 0
721 264 0
720 270 0
713 293 0
706 321 0
701 347 0
702 366 0
704 371 0
711 375 0
722 380 0
740 388 1
