your
498 354 0
498 363 0
501 373 0
506 382 0
515 383 0
532 378 0
547 368 0
553 363 0
557 360 0
561 361 0
563 368 0
566 390 0
567 417 0
565 441 0
562 456 0
552 470 0
542 479 0
539 480 0
536 474 0
546 428 0
566 395 0
585 377 0
603 364 0
612 359 0
616 357 0
620 355 0
617 378 0
617 397 0
620 403 0
626 403 0
634 398 0
647 387 0
657 372 0
659 366 0
657 359 0
654 352 0
650 349 0
648 346 0
645 346 0
654 350 0
669 350 0
677 351 0
681 351 0
684 352 0
686 353 0
691 362 0
694 369 0
696 378 0
698 384 0
702 388 0
708 388 0
718 380 0
735 364 0
743 356 0
747 355 0
749 354 0
750 359 0
750 371 0
753 382 0
755 387 0
758 390 0
768 387 0
782 381 0
800 375 0
809 374 0
811 376 0
814 379 0
817 374 0
818 363 0
822 353 0
826 347 0
830 343 0
834 342 1
