each
365 361 0
368 365 0
381 365 0
399 359 0
419 347 0
429 337 0
432 330 0
432 325 0
428 318 0
421 316 0
411 321 0
395 339 0
390 356 0
392 372 0
399 381 0
410 389 0
428 394 0
447 393 0
465 391 1
528 344 0
518 342 0
509 342 0
498 345 0
488 352 0
478 363 0
475 371 0
476 375 0
482 376 0
492 374 0
505 367 0
513 360 0
516 358 0
521 354 0
523 353 0
523 358 0
522 366 0
523 375 0
529 382 0
533 383 1
578 330 0
574 338 0
570 348 0
568 359 0
569 367 0
574 372 0
587 373 0
610 364 0
628 353 0
646 333 0
657 311 0
661 293 0
661 277 0
660 272 0
656 271 0
650 282 0
648 297 0
650 325 0
656 338 0
665 342 0
681 343 0
693 340 0
699 341 0
705 353 0
709 365 0
717 377 0
725 383 0
739 395 1
