for
492 370 0
499 366 0
523 333 0
544 291 0
546 276 0
544 268 0
542 264 0
535 259 0
530 261 0
522 269 0
510 291 0
504 317 0
504 349 0
509 380 0
514 408 0
517 432 0
518 442 0
518 447 0
518 450 0
517 440 0
515 413 0
519 396 0
523 388 0
532 379 0
546 371 0
552 367 0
563 364 0
574 361 0
578 360 0
582 358 0
574 370 0
571 380 0
570 392 0
572 402 0
574 406 0
582 409 0
588 406 0
595 396 0
598 381 0
597 369 0
595 361 0
593 358 0
600 358 0
620 355 0
647 352 0
658 353 0
663 355 0
667 360 0
670 367 0
672 374 0
673 379 0
676 383 0
677 367 0
676 354 0
678 347 0
679 343 0
686 343 0
698 344 0
716 345 0
723 345 1
