should
424 313 0
418 319 0
412 323 0
407 327 0
404 331 0
405 335 0
410 342 0
417 353 0
426 370 0
426 386 0
423 394 0
417 399 0
406 402 0
398 402 0
395 401 1
460 246 0
459 259 0
458 283 0
458 314 0
457 344 0
459 361 0
460 366 0
465 370 0
468 370 0
470 370 0
477 370 0
480 372 0
484 375 0
489 382 0
493 386 1
538 342 0
537 345 0
536 352 0
539 363 0
544 369 0
553 371 0
561 370 0
567 366 0
570 363 0
569 360 0
555 352 0
553 353 0
546 355 1
587 333 0
588 337 0
588 348 0
588 358 0
590 366 0
594 368 0
601 366 0
612 360 0
621 355 0
628 353 0
631 354 0
635 356 0
638 358 0
645 361 0
657 360 0
669 357 0
671 355 0
690 330 0
705 285 0
707 266 0
705 255 0
703 251 0
701 249 0
696 265 0
689 300 0
686 331 0
686 357 0
689 371 0
698 375 0
715 373 0
734 370 0
740 369 1
781 335 0
776 334 0
771 333 0
762 336 0
750 344 0
745 349 0
738 360 0
737 368 0
742 369 0
749 365 0
770 341 0
785 315 0
793 289 0
796 274 0
797 269 0
797 267 0
792 276 0
783 304 0
779 331 0
781 357 0
786 373 0
794 381 1
