regiment
330 328 0
332 338 0
334 353 0
337 366 0
338 374 0
339 377 0
339 381 0
340 376 0
341 360 0
342 347 0
343 340 0
344 338 0
358 344 0
385 346 0
404 343 0
415 339 0
424 333 0
427 330 0
428 325 0
424 323 0
418 321 0
410 322 0
401 328 0
394 339 0
394 353 0
401 362 0
411 365 0
423 368 0
433 370 1
503 317 0
498 317 0
490 317 0
475 323 0
468 330 0
465 337 0
467 344 0
472 349 0
478 351 0
484 350 0
489 348 0
492 347 0
497 344 0
500 344 0
505 349 0
510 362 0
516 393 0
515 420 0
508 442 0
500 454 0
493 462 0
486 463 0
480 460 0
476 444 0
479 422 0
497 380 0
514 353 0
521 344 0
530 339 0
536 336 0
539 334 0
542 333 0
542 337 0
542 342 0
543 348 0
548 352 0
555 353 0
566 349 0
584 339 0
593 331 0
598 328 0
601 326 0
605 333 0
609 336 0
614 335 0
620 333 0
626 330 0
630 328 0
633 329 0
638 336 0
642 341 0
645 342 0
652 342 0
661 340 0
669 338 0
674 338 0
678 340 0
685 342 0
691 342 0
699 342 0
708 343 0
716 345 0
725 348 0
736 347 0
752 344 0
767 338 0
776 332 0
778 327 0
778 324 0
778 320 0
775 317 0
766 323 0
758 333 0
754 341 0
756 349 0
757 352 0
763 350 0
776 343 0
791 331 0
801 324 0
804 322 0
809 323 0
809 328 0
813 335 0
817 341 0
825 344 0
839 343 0
856 341 0
867 342 0
873 343 0
878 345 0
884 349 0
890 349 0
893 349 1
920 233 0
919 240 0
917 253 0
911 280 0
904 328 0
903 345 0
903 355 0
903 359 0
901 349 0
900 339 0
900 332 0
901 329 0
903 327 0
911 324 0
920 321 0
938 314 1
566 239 1
526 242 0
531 247 1
