ted
521 248 0
521 251 0
517 266 0
511 293 0
507 323 0
507 351 0
510 374 0
516 386 0
524 394 0
534 398 0
550 397 0
577 397 1
496 355 0
498 358 0
536 364 0
567 362 0
575 361 0
580 359 0
586 358 0
592 358 0
598 358 0
607 357 0
615 355 0
623 351 0
626 348 0
625 345 0
621 341 0
614 340 0
608 344 0
601 359 0
597 376 0
600 383 0
608 391 0
623 393 0
643 397 0
646 397 1
733 339 0
727 338 0
716 338 0
701 339 0
689 346 0
677 361 0
667 378 0
668 384 0
671 388 0
692 378 0
711 356 0
725 330 0
736 300 0
742 276 0
745 270 0
746 266 0
741 288 0
734 322 0
731 373 0
733 382 0
740 384 0
742 386 1
