apprehending
317 317 0
310 312 0
303 309 0
293 310 0
283 316 0
272 329 0
262 344 0
262 351 0
263 356 0
266 359 0
272 357 0
282 350 0
289 341 0
295 334 0
300 330 0
303 326 0
306 324 0
308 323 0
308 332 0
311 340 0
320 346 0
332 348 0
352 339 0
365 329 0
371 325 0
375 323 0
377 322 0
380 330 0
383 343 0
386 367 0
387 378 0
386 386 0
385 396 0
380 360 0
378 336 0
379 324 0
381 318 0
388 314 0
395 312 0
403 313 0
408 315 0
412 322 0
412 328 0
410 334 0
407 337 0
405 338 1
462 343 0
463 356 0
462 385 0
460 396 0
453 383 0
445 355 0
444 334 0
448 318 0
455 304 0
465 297 0
473 298 0
479 303 0
482 310 0
481 320 0
477 329 0
470 338 0
463 339 1
515 317 0
517 320 0
518 326 0
518 337 0
518 341 0
517 344 0
511 332 0
510 325 0
510 322 0
516 320 0
527 320 0
551 319 0
569 317 0
576 314 0
581 311 0
583 307 0
579 301 0
573 295 0
564 292 0
555 294 0
549 301 0
544 319 0
546 337 0
554 346 0
564 351 0
582 360 1
610 227 0
610 230 0
611 243 0
611 268 0
613 287 0
614 298 0
615 306 0
617 314 0
618 320 0
619 325 0
623 325 0
628 321 0
633 318 0
637 316 0
640 316 0
646 324 0
662 330 0
681 329 0
691 324 0
698 317 0
699 310 0
698 304 0
696 299 0
691 296 0
689 298 0
685 303 0
684 310 0
684 318 0
686 326 0
693 331 0
701 332 0
709 328 0
719 323 0
726 319 0
729 317 0
734 315 0
737 317 0
739 319 0
742 323 0
745 327 0
748 330 0
751 330 0
762 325 0
774 319 0
783 316 0
788 317 0
791 321 0
796 326 0
801 332 0
805 333 1
886 304 0
878 304 0
868 304 0
856 306 0
844 311 0
836 318 0
829 332 0
829 339 0
834 338 0
845 332 0
865 310 0
878 287 0
886 265 0
889 253 0
891 248 0
892 244 0
891 252 0
887 277 0
885 301 0
886 318 0
889 328 0
894 332 0
899 334 0
906 331 0
917 322 0
923 316 0
929 310 0
932 313 0
934 317 0
937 321 0
938 325 0
940 328 0
945 329 0
950 324 0
954 321 0
957 319 0
960 318 0
966 324 0
970 327 0
976 329 0
980 331 0
987 329 0
998 324 0
1008 322 0
1013 321 0
1018 322 0
1020 324 0
1023 326 1
1093 308 0
1080 306 0
1071 306 0
1061 308 0
1052 314 0
1047 321 0
1046 325 0
1049 329 0
1053 329 0
1058 327 0
1067 324 0
1075 321 0
1079 320 0
1085 320 0
1090 324 0
1098 345 0
1104 384 0
1105 406 0
1101 418 0
1095 424 0
1084 427 0
1076 424 0
1069 412 0
1070 392 0
1087 368 0
1106 347 0
1117 335 1
954 242 0
954 245 0
952 249 1
