the
478 271 0
479 274 0
478 282 0
475 300 0
471 327 0
468 354 0
469 372 0
473 384 0
481 394 0
491 399 0
502 399 0
523 399 1
472 350 0
477 349 0
488 343 0
499 338 0
514 328 1
550 279 0
550 284 0
548 291 0
548 303 0
547 332 0
547 357 0
547 370 0
548 377 0
549 381 0
551 384 0
555 385 0
560 384 0
570 377 0
580 373 0
585 372 0
590 373 0
593 376 0
597 381 0
602 385 0
611 387 0
627 385 0
642 378 0
655 367 0
663 356 0
664 349 0
664 346 0
660 342 0
653 342 0
647 350 0
641 364 0
642 377 0
649 383 0
669 381 0
689 376 0
700 373 1
