are
504 318 0
492 315 0
478 313 0
468 314 0
457 319 0
448 327 0
442 339 0
440 346 0
441 354 0
444 358 0
448 360 0
454 358 0
465 351 0
477 341 0
485 335 0
488 332 0
493 329 0
495 328 0
497 328 0
500 337 0
505 343 0
513 347 0
524 344 0
535 338 0
546 332 0
553 327 0
560 324 0
562 328 0
564 335 0
565 343 0
566 351 0
566 354 0
569 348 0
572 338 0
574 331 0
576 327 0
579 326 0
584 327 0
591 329 0
601 330 0
618 330 0
632 323 0
638 318 0
640 310 0
637 310 0
631 312 0
622 321 0
616 335 0
613 352 0
617 364 0
629 368 0
669 366 0
689 366 1
