yet
510 332 0
507 345 0
508 360 0
513 368 0
521 371 0
530 372 0
538 369 0
545 364 0
551 361 0
557 358 0
560 358 0
563 380 0
566 437 0
565 463 0
562 473 0
556 484 0
549 489 0
544 491 0
540 488 0
536 478 0
537 458 0
548 428 0
568 405 0
590 388 0
613 374 0
629 365 0
635 361 0
639 355 0
641 351 0
634 348 0
626 346 0
616 350 0
610 355 0
606 364 0
606 374 0
617 382 0
643 378 0
662 375 0
666 374 1
692 246 0
692 250 0
692 257 0
694 284 0
695 313 0
696 339 0
696 359 0
696 367 0
696 371 0
696 374 0
696 378 0
696 381 0
696 385 0
690 373 0
682 357 0
682 351 0
682 348 0
688 347 0
699 343 0
716 338 0
725 333 1
