should
349 298 0
352 298 0
348 300 0
340 305 0
332 310 0
326 314 0
324 319 0
327 322 0
334 326 0
351 332 0
362 336 0
366 338 0
368 345 0
365 353 0
363 357 0
352 366 0
330 373 0
321 373 1
401 228 0
401 232 0
400 242 0
397 261 0
394 284 0
389 304 0
387 319 0
387 332 0
387 339 0
389 345 0
398 341 0
414 334 0
426 331 0
429 332 0
433 336 0
433 340 0
437 349 0
438 353 1
501 325 0
493 331 0
490 334 0
485 340 0
486 347 0
495 351 0
498 351 0
511 347 0
522 337 0
526 331 0
526 327 0
519 322 0
509 318 0
499 316 0
495 315 0
490 315 0
506 317 0
523 315 0
538 313 0
552 311 0
560 310 0
564 310 0
568 311 0
569 321 0
570 330 0
571 338 0
574 342 0
585 342 0
588 341 0
596 335 0
606 328 0
612 325 0
616 326 0
618 329 0
621 334 0
626 339 0
635 343 0
646 343 0
666 337 0
683 324 0
702 304 0
712 279 0
717 259 0
719 248 0
719 242 0
710 246 0
697 266 0
681 292 0
673 315 0
671 330 0
675 339 0
682 346 0
687 348 1
783 314 0
777 316 0
770 317 0
762 317 0
750 322 0
737 330 0
734 336 0
737 343 0
745 345 0
756 342 0
774 328 0
785 313 0
794 288 0
797 265 0
800 255 0
801 249 0
796 288 0
795 322 0
797 333 0
802 340 0
813 345 0
827 350 0
835 353 1
