centi
428 343 0
424 343 0
418 343 0
410 346 0
401 351 0
393 360 0
388 370 0
385 386 0
393 401 0
405 407 0
433 405 0
461 396 0
483 384 0
500 369 0
503 363 0
503 358 0
501 351 0
496 349 0
489 351 0
475 362 0
465 375 0
461 384 0
462 391 0
470 395 0
488 393 0
513 385 0
533 373 0
542 366 0
546 364 0
548 363 0
553 364 0
554 368 0
558 377 0
569 379 0
584 373 0
594 369 0
597 368 0
601 367 0
606 371 0
610 373 0
612 374 1
650 263 0
653 273 0
653 301 0
654 338 0
654 382 0
653 394 0
653 398 0
653 400 0
646 385 0
639 370 0
635 365 0
647 362 0
659 361 0
674 359 0
682 358 0
688 358 0
692 358 0
695 358 0
697 359 0
698 364 0
699 371 0
700 378 0
704 383 0
710 386 0
714 387 0
720 385 0
729 382 0
744 373 1
710 292 0
709 296 1
