misbehaviour
132 302 0
135 306 0
139 315 0
141 324 0
143 335 0
145 343 0
146 348 0
147 352 0
147 355 0
151 357 0
153 353 0
158 340 0
162 331 0
166 327 0
168 325 0
170 324 0
174 328 0
180 338 0
182 343 0
186 346 0
193 344 0
201 338 0
208 333 0
212 330 0
215 328 0
218 330 0
220 334 0
222 340 0
224 345 0
230 347 0
236 347 0
243 344 0
252 336 0
264 327 0
268 324 0
270 323 0
271 328 0
271 334 0
272 340 0
277 347 0
281 349 0
287 350 1
363 291 0
357 295 0
350 299 0
344 304 0
343 312 0
344 319 0
347 326 0
350 330 0
352 335 0
353 340 0
351 345 0
350 348 0
348 352 0
345 348 1
396 235 0
400 246 0
400 262 0
398 282 0
397 289 0
393 311 0
391 323 0
390 326 0
394 325 0
400 320 0
408 317 0
417 316 0
424 317 0
430 319 0
433 324 0
431 332 0
427 341 0
419 345 0
409 349 0
404 347 1
456 320 0
461 322 0
466 322 0
471 319 0
474 314 0
472 306 0
470 304 0
465 309 0
461 317 0
460 327 0
462 335 0
466 340 0
477 340 0
489 338 0
506 335 1
560 295 1
546 242 0
545 249 0
545 259 0
545 276 0
545 291 0
545 303 0
545 320 0
547 331 0
547 335 0
548 339 0
552 339 0
559 333 0
566 327 0
574 322 0
576 321 0
581 321 0
584 326 0
587 334 0
593 341 0
601 342 1
669 310 0
663 309 0
655 308 0
646 309 0
638 312 0
633 318 0
630 325 0
630 329 0
633 332 0
640 331 0
649 327 0
655 325 0
660 323 0
664 325 0
667 328 0
671 331 1
705 305 0
707 308 0
709 312 0
713 322 0
716 327 0
718 329 0
720 329 0
726 323 0
733 317 0
738 308 0
739 306 1
789 293 0
790 297 0
788 302 0
784 309 0
782 319 0
782 328 0
784 335 0
790 336 0
797 336 1
858 302 0
850 305 0
843 309 0
837 314 0
834 322 0
833 329 0
838 334 0
849 337 0
861 337 0
877 327 0
887 320 0
887 314 0
883 301 0
878 295 0
867 295 0
861 298 0
857 302 0
858 306 0
869 306 0
886 305 0
892 304 0
903 301 0
922 295 0
933 294 0
936 295 0
937 300 0
933 311 0
931 323 0
930 332 0
931 336 0
934 337 0
936 336 0
945 328 0
952 323 0
959 319 0
963 316 0
968 314 0
971 315 0
973 321 0
975 325 0
980 331 0
988 334 0
1002 333 0
1013 331 0
1016 330 0
1021 330 0
1026 332 0
1029 334 0
1030 338 0
1031 340 0
1035 330 0
1038 322 0
1043 312 0
1049 303 0
1055 298 1
290 227 0
288 232 0
284 237 1
800 218 0
800 224 0
800 226 0
800 233 1
