until
405 312 0
406 315 0
405 323 0
405 340 0
406 354 0
409 363 0
411 369 0
415 373 0
420 372 0
428 367 0
440 357 0
444 352 0
449 348 0
452 344 0
454 341 0
455 347 0
457 353 0
461 358 0
468 360 0
477 359 0
486 356 0
497 349 0
508 337 0
513 332 0
517 330 0
519 340 0
520 347 0
522 353 0
524 356 0
528 356 0
536 354 0
544 350 0
550 346 0
557 345 0
562 347 0
569 354 0
573 356 1
615 234 0
617 238 0
618 250 0
619 272 0
620 300 0
620 327 0
620 342 0
620 352 0
620 358 0
620 360 0
618 354 0
614 345 0
611 338 0
609 334 0
613 332 0
622 330 0
630 327 0
643 323 0
652 320 0
658 319 0
666 319 0
668 327 0
670 336 0
673 344 0
676 347 0
685 350 0
698 348 0
718 336 0
737 318 0
752 296 0
759 279 0
765 256 0
765 251 0
764 247 0
758 246 0
751 251 0
740 269 0
731 297 0
728 323 0
730 340 0
738 350 0
751 356 0
763 358 0
780 360 1
672 247 0
672 251 1
