court
317 310 0
313 311 0
305 313 0
290 321 0
277 335 0
272 346 0
270 357 0
272 366 0
280 371 0
296 372 0
314 371 0
323 370 1
411 325 0
402 329 0
393 332 0
384 339 0
379 348 0
378 356 0
379 359 0
387 359 0
398 356 0
406 350 0
410 343 0
411 337 0
409 331 0
405 327 0
401 324 0
396 321 0
401 322 0
412 321 0
426 320 0
440 318 0
449 317 0
454 317 0
458 317 0
460 317 0
461 322 0
462 331 0
463 334 0
464 338 0
466 343 0
470 347 0
473 348 0
477 347 0
481 345 0
488 341 0
490 339 0
493 341 0
500 347 0
509 351 0
521 352 0
533 352 0
548 347 0
556 346 0
561 346 0
564 349 0
566 351 0
567 354 0
568 359 0
569 362 0
572 343 0
574 332 0
575 326 0
577 323 0
580 321 0
587 319 0
593 318 1
652 223 0
652 228 0
648 240 0
640 273 0
638 303 0
637 333 0
637 353 0
641 363 0
642 367 0
642 369 0
640 353 0
638 343 0
636 337 0
635 333 0
634 331 0
650 329 0
661 329 0
676 327 1
