idle
360 322 0
363 324 0
362 333 0
360 346 0
356 367 0
356 375 0
358 382 0
363 388 0
374 390 0
387 390 0
414 389 1
473 336 0
465 338 0
454 340 0
439 345 0
425 353 0
413 365 0
404 377 0
404 381 0
408 385 0
421 384 0
444 371 0
464 353 0
478 333 0
484 315 0
491 290 0
492 275 0
493 271 0
494 266 0
485 312 0
481 338 0
482 362 0
486 376 0
491 381 0
502 385 0
514 385 0
534 376 0
554 355 0
570 330 0
582 303 0
586 287 0
587 279 0
586 274 0
581 270 0
574 270 0
564 273 0
549 290 0
538 313 0
534 338 0
536 354 0
541 367 0
549 375 0
563 380 0
582 375 0
618 359 0
623 352 0
629 346 0
630 340 0
627 336 0
623 336 0
618 341 0
611 349 0
607 360 0
604 368 0
607 374 0
616 378 0
637 377 0
651 374 0
667 370 1
389 248 0
388 252 0
386 258 1
