them
420 252 0
419 265 0
417 283 0
414 311 0
412 332 0
413 357 0
416 370 0
420 378 0
426 383 0
441 387 0
461 388 0
481 388 1
386 339 0
401 341 0
433 336 0
457 329 0
468 326 1
498 285 0
498 289 0
498 293 0
500 298 0
501 305 0
503 322 0
505 340 0
506 353 0
508 363 0
508 370 0
508 374 0
509 378 0
509 381 0
513 382 0
518 378 0
523 373 0
530 366 0
536 363 0
539 361 0
543 361 0
548 368 0
551 373 0
557 378 0
566 381 0
575 382 0
587 380 0
597 373 0
605 367 0
609 358 0
611 348 0
610 341 0
605 341 0
598 351 0
595 362 0
593 372 0
594 376 0
605 379 0
623 375 0
630 373 0
637 368 0
648 358 0
654 355 0
656 354 0
658 355 0
663 358 0
667 363 0
668 366 0
674 369 0
680 365 0
685 359 0
693 351 0
699 345 0
702 344 0
707 347 0
710 353 0
714 358 0
717 361 0
723 361 0
733 359 0
747 353 0
761 347 0
767 345 0
770 345 0
773 349 0
777 354 0
782 359 1
