here
393 270 0
395 277 0
395 289 0
392 313 0
391 338 0
390 362 0
391 372 0
392 377 0
394 383 0
400 382 0
415 370 0
431 355 0
442 350 0
446 349 0
450 350 0
455 356 0
459 364 0
466 373 0
473 378 0
487 382 0
508 378 0
518 374 0
524 364 0
525 357 0
521 353 0
515 351 0
508 352 0
504 357 0
501 367 0
501 375 0
508 381 0
520 384 0
537 381 0
551 376 0
559 372 0
563 369 0
567 369 0
569 372 0
571 376 0
573 379 0
575 370 0
578 364 0
585 357 0
598 353 0
610 349 0
626 346 0
641 343 0
651 339 0
657 336 0
658 333 0
658 329 0
652 328 0
645 331 0
633 340 0
624 354 0
623 366 0
628 373 0
647 375 0
669 374 0
688 372 1
