307
350 231 0
357 230 0
370 227 0
394 224 0
411 224 0
418 229 0
421 234 0
422 244 0
420 257 0
418 266 0
418 273 0
419 279 0
423 285 0
430 292 0
443 303 0
452 312 0
455 319 0
453 328 0
440 346 0
421 362 0
406 367 0
398 367 0
395 365 0
387 362 0
372 357 1
503 259 0
498 266 0
490 277 0
480 293 0
469 316 0
470 326 0
475 342 0
483 350 0
499 352 0
525 343 0
547 326 0
557 310 0
558 291 0
553 274 0
548 267 0
545 264 0
531 260 0
513 260 0
507 261 0
491 262 1
613 235 0
614 238 0
621 240 0
629 242 0
643 248 0
653 257 0
659 270 0
661 287 0
660 311 0
658 333 0
657 342 0
657 346 1
616 303 0
625 307 0
651 309 0
691 310 0
707 310 0
710 310 1
