are
471 332 0
469 329 0
460 323 0
450 319 0
436 325 0
427 337 0
423 348 0
422 359 0
424 367 0
425 371 0
435 371 0
448 365 0
467 351 0
479 340 0
483 335 0
486 333 0
490 336 0
491 344 0
494 350 0
502 355 0
511 357 0
519 356 0
526 355 0
533 352 0
538 350 0
542 349 0
544 351 0
547 354 0
550 356 0
555 346 0
561 337 0
566 331 0
568 328 0
577 326 0
585 325 0
597 323 0
613 322 0
621 322 0
628 321 0
631 320 0
635 317 0
635 314 0
629 314 0
623 318 0
615 326 0
612 330 0
611 337 0
616 345 0
635 354 0
652 361 0
660 363 1
