morrow
218 308 0
218 312 0
219 324 0
219 337 0
219 350 0
217 362 0
218 368 0
217 374 0
217 377 0
225 362 0
236 347 0
246 335 0
251 331 0
260 334 0
264 340 0
268 349 0
272 360 0
274 365 0
281 365 0
288 360 0
295 355 0
301 350 0
305 349 0
308 348 0
312 349 0
317 356 0
319 361 0
324 364 1
378 325 0
372 327 0
366 332 0
359 340 0
354 349 0
353 359 0
357 364 0
362 366 0
370 364 0
380 357 0
386 352 0
389 349 0
390 336 0
389 329 0
387 324 0
385 322 0
390 323 0
399 322 0
406 322 0
415 322 0
424 322 0
431 324 0
438 326 0
442 328 0
445 334 0
447 342 0
448 347 0
449 352 0
450 354 0
447 343 0
445 334 0
444 330 0
445 325 0
452 322 0
459 320 0
466 319 0
474 318 0
478 317 0
482 318 0
485 318 0
487 322 0
488 325 0
486 331 0
487 338 0
487 343 0
487 346 0
487 348 0
488 341 0
487 337 0
488 331 0
491 328 0
495 326 0
503 323 0
514 320 0
526 317 0
534 316 0
538 315 0
543 314 0
543 320 0
541 327 0
541 334 0
542 339 0
548 344 0
555 346 0
561 346 0
567 342 0
570 336 0
572 329 0
572 324 0
571 321 0
563 317 0
556 316 0
553 317 0
550 317 0
561 316 0
570 314 0
578 313 0
584 313 0
591 313 0
598 313 0
602 313 0
605 313 0
607 317 0
605 321 0
603 329 0
605 338 0
612 341 0
621 340 0
628 336 0
633 331 0
636 327 0
639 324 0
643 321 0
650 332 0
655 337 0
661 338 0
666 338 0
670 337 0
676 333 0
679 327 0
680 323 0
681 318 0
683 315 0
687 316 0
691 315 1
