you
418 320 0
416 327 0
415 337 0
415 342 0
416 346 0
422 351 0
432 352 0
442 349 0
453 343 0
463 335 0
468 331 0
472 328 0
475 327 0
476 332 0
477 340 0
476 356 0
475 377 0
472 397 0
466 415 0
461 425 0
454 431 0
444 435 0
439 435 0
434 426 0
435 409 0
446 387 0
463 368 0
484 356 0
496 350 0
505 345 0
528 331 0
539 325 0
542 324 0
541 327 0
535 334 0
530 344 0
529 352 0
529 360 0
530 365 0
537 367 0
545 366 0
552 363 0
556 361 0
558 356 0
559 350 0
558 344 0
556 337 0
552 334 0
550 331 0
556 332 0
574 327 0
586 324 0
590 324 0
593 324 0
595 325 0
595 331 0
595 338 0
595 345 0
597 350 0
600 354 0
606 353 0
615 350 0
626 344 0
632 341 0
635 340 0
639 340 0
642 343 0
646 347 0
658 349 0
676 350 0
702 351 1
