december
343 353 0
340 350 0
336 346 0
331 343 0
322 339 0
316 338 0
308 339 0
300 345 0
293 357 0
286 370 0
287 377 0
290 381 0
303 382 0
323 372 0
346 353 0
363 329 0
374 303 0
383 282 0
384 276 0
385 271 0
384 266 0
376 291 0
366 320 0
363 351 0
364 374 0
370 383 0
378 388 0
392 390 0
412 384 0
434 369 0
447 353 0
451 343 0
453 335 0
452 330 0
451 327 0
441 336 0
427 356 0
421 371 0
423 377 0
428 382 0
439 382 0
449 382 0
466 378 1
537 322 0
532 324 0
520 330 0
511 337 0
504 346 0
502 354 0
503 363 0
507 369 0
529 369 0
570 357 0
576 354 0
587 346 0
593 340 0
595 335 0
596 332 0
590 334 0
582 344 0
578 351 0
576 357 0
579 361 0
585 362 0
595 361 0
610 357 0
624 350 0
631 346 0
636 343 0
641 341 0
644 341 0
646 344 0
649 349 0
654 351 0
659 349 0
666 346 0
672 343 0
675 343 0
679 343 0
681 345 0
687 349 0
690 351 0
697 352 0
713 348 0
728 342 0
737 340 0
742 339 0
746 341 0
749 344 0
754 348 0
758 349 1
814 231 0
812 249 0
807 273 0
800 298 0
796 314 0
794 321 0
796 324 0
800 323 0
814 320 0
837 317 0
853 318 0
861 319 0
867 322 0
870 326 0
868 332 0
863 340 0
851 349 0
832 354 0
814 355 0
803 354 0
796 355 0
793 355 1
897 342 0
901 342 0
905 342 0
913 334 0
917 327 0
919 324 0
920 320 0
920 317 0
917 313 0
913 311 0
908 312 0
902 320 0
897 330 0
895 338 0
898 346 0
904 351 0
913 353 0
921 353 0
947 351 0
962 351 0
969 352 0
974 354 0
978 357 0
982 361 0
985 360 0
986 354 0
988 344 0
990 335 0
992 330 0
995 325 0
998 324 0
1004 320 0
1015 318 0
1038 310 1
