orders
398 288 0
394 288 0
381 289 0
368 297 0
347 322 0
344 342 0
347 352 0
355 355 0
373 350 0
395 336 0
410 319 0
414 308 0
415 296 0
413 286 0
412 282 0
407 279 0
405 287 0
406 290 0
407 292 0
411 294 0
419 295 0
430 297 0
439 300 0
450 303 0
459 308 0
466 312 0
470 319 0
471 326 0
472 330 0
472 334 0
472 328 0
471 320 0
472 312 0
474 304 0
480 298 0
486 292 0
494 289 0
498 289 1
565 293 0
561 293 0
553 292 0
535 295 0
524 300 0
517 309 0
512 321 0
513 331 0
519 337 0
530 337 0
551 326 0
575 302 0
592 274 0
605 247 0
612 227 0
616 218 0
617 215 0
619 212 0
614 226 0
604 254 0
597 281 0
595 306 0
595 325 0
600 336 0
608 339 0
622 335 0
626 333 0
640 318 0
650 295 0
652 283 0
651 280 0
648 280 0
646 281 0
640 297 0
638 314 0
641 323 0
650 329 0
663 328 0
682 321 0
694 317 0
703 315 0
706 314 0
711 314 0
713 316 0
715 318 0
718 321 0
720 315 0
721 308 0
723 296 0
726 283 0
730 277 1
788 262 0
780 268 0
770 273 0
761 279 0
758 283 0
760 294 0
766 300 0
771 307 0
775 314 0
774 320 0
770 324 0
762 325 0
756 327 1
