are
454 318 0
447 316 0
440 312 0
431 308 0
423 305 0
415 306 0
404 310 0
395 318 0
388 330 0
384 343 0
392 355 0
404 357 0
421 354 0
435 346 0
442 340 0
448 331 0
452 326 0
456 322 0
458 319 0
457 331 0
458 342 0
461 350 0
470 354 0
479 355 0
490 352 0
505 342 0
515 333 0
522 327 0
528 323 0
531 321 0
534 325 0
533 337 0
533 341 0
533 343 0
533 336 0
533 327 0
535 320 0
539 316 0
544 315 0
550 316 0
561 318 0
579 320 0
596 319 0
605 318 0
611 316 0
616 312 0
619 306 0
618 299 0
615 297 0
600 305 0
590 318 0
584 330 0
584 338 0
586 341 0
591 342 0
633 348 0
654 350 1
