ordered
303 323 0
294 320 0
288 317 0
281 313 0
270 311 0
261 312 0
250 318 0
241 330 0
239 334 0
238 343 0
246 354 0
255 356 0
266 354 0
277 348 0
283 342 0
286 336 0
287 331 0
287 327 0
287 324 0
295 320 0
306 318 0
318 318 0
324 320 0
329 324 0
333 329 0
337 337 0
340 344 0
340 347 0
342 352 0
344 338 0
345 330 0
345 326 0
348 321 0
353 317 0
360 314 0
373 308 0
383 304 0
398 297 1
451 319 0
444 318 0
437 316 0
422 315 0
409 316 0
399 322 0
397 325 0
394 331 0
396 339 0
402 343 0
408 345 0
420 339 0
434 324 0
446 300 0
455 274 0
462 256 0
467 249 0
469 246 0
465 273 0
461 299 0
461 321 0
463 332 0
467 338 0
478 342 0
494 340 0
509 332 0
519 322 0
523 313 0
524 305 0
523 302 0
521 299 0
516 298 0
512 304 0
509 313 0
511 322 0
517 330 0
528 337 0
541 337 0
550 336 0
556 335 0
561 335 0
564 336 0
567 337 0
571 341 0
573 343 0
576 334 0
578 327 0
580 323 0
582 317 0
585 313 0
588 311 0
593 309 0
600 310 0
620 310 0
648 307 0
659 304 0
664 302 0
668 298 0
665 295 0
657 290 0
651 287 0
645 289 0
638 297 0
632 305 0
630 315 0
631 324 0
633 328 0
646 331 0
671 325 0
680 323 0
692 318 1
741 300 0
737 302 0
729 302 0
723 304 0
715 307 0
708 311 0
703 318 0
702 326 0
703 332 0
708 334 0
714 332 0
721 327 0
732 318 0
740 295 0
748 272 0
752 260 0
755 254 0
757 250 0
758 248 0
757 269 0
753 297 0
750 325 0
753 339 0
782 337 0
807 335 0
820 332 1
