regiment
192 304 0
192 307 0
192 315 0
192 324 0
193 332 0
194 341 0
194 350 0
194 360 0
194 366 0
194 371 0
194 373 0
193 356 0
194 341 0
196 331 0
198 328 0
200 326 0
208 328 0
216 331 0
231 332 0
244 333 0
252 332 0
262 330 0
271 326 0
275 324 0
280 319 0
279 316 0
273 315 0
267 315 0
259 318 0
251 325 0
248 333 0
247 341 0
250 349 0
255 355 0
261 357 0
271 357 0
284 355 0
301 352 0
309 350 1
358 325 0
350 323 0
342 321 0
335 320 0
327 321 0
321 324 0
316 328 0
314 335 0
321 341 0
329 340 0
340 336 0
350 330 0
353 329 0
358 326 0
363 327 0
364 335 0
365 345 0
363 379 0
356 405 0
350 419 0
345 426 0
341 428 0
337 429 0
332 418 0
331 403 0
335 387 0
342 373 0
351 360 0
366 341 0
373 332 0
379 327 0
384 323 0
387 321 0
389 319 0
394 319 0
394 331 0
396 339 0
402 346 0
410 347 0
431 338 0
440 331 0
445 327 0
450 323 0
452 323 0
454 321 0
455 325 0
456 330 0
457 336 0
458 340 0
459 343 0
467 337 0
471 333 0
475 330 0
478 328 0
481 327 0
487 331 0
491 334 0
502 332 0
511 328 0
520 324 0
526 321 0
529 321 0
532 323 0
539 332 0
543 337 0
549 340 0
556 341 0
566 339 0
582 333 0
592 326 0
599 321 0
602 315 0
604 309 0
605 305 0
601 305 0
592 310 0
586 318 0
584 321 0
583 327 0
583 334 0
583 338 0
588 343 0
595 345 0
603 344 0
613 337 0
626 327 0
634 317 0
637 313 0
641 311 0
643 312 0
646 320 0
649 328 0
653 335 0
656 339 0
662 342 0
669 338 0
676 333 0
682 329 0
686 327 0
689 326 0
692 327 0
694 330 1
760 208 0
760 214 0
758 225 0
757 246 0
757 274 0
756 293 0
757 311 0
757 322 0
757 327 0
758 331 0
751 318 0
748 312 0
745 309 0
755 305 0
768 303 0
786 298 1
428 226 0
425 232 0
422 237 0
420 240 1
