16th
358 393 0
358 397 0
380 383 0
415 356 0
435 338 0
448 325 0
465 307 0
473 299 0
477 297 0
480 295 0
480 303 0
476 325 0
471 358 0
464 387 0
465 399 1
559 293 0
551 302 0
537 318 0
526 340 0
519 365 0
518 383 0
521 395 0
529 400 0
545 397 0
568 387 0
579 378 0
583 372 0
584 368 0
583 363 0
573 360 0
565 359 0
557 360 0
555 361 1
648 276 0
649 279 0
647 287 0
643 299 0
634 323 0
624 345 0
620 365 0
619 375 0
622 383 0
628 389 0
636 390 0
649 386 0
668 380 1
606 352 0
622 355 0
649 351 0
667 348 0
672 347 1
701 287 0
701 291 0
697 307 0
691 333 0
687 357 0
686 369 0
686 377 0
686 380 0
688 383 0
693 382 0
704 377 0
718 370 0
728 367 0
734 367 0
737 370 0
739 379 0
740 382 0
746 384 1
