winchester
116 295 0
116 298 0
116 301 0
115 308 0
114 316 0
114 325 0
114 336 0
115 344 0
118 350 0
123 354 0
128 357 0
133 359 0
136 358 0
141 355 0
145 352 0
153 347 0
157 345 0
159 345 0
161 345 0
164 347 0
171 349 0
179 350 0
188 349 0
196 346 0
205 339 0
208 333 0
209 327 0
209 322 0
209 318 0
213 316 0
218 316 0
224 314 0
233 312 0
239 310 0
245 308 0
249 309 0
251 309 0
252 314 0
252 325 0
252 333 0
257 339 0
265 343 0
273 341 0
281 338 0
287 334 0
294 329 0
301 325 0
308 321 0
309 326 0
310 330 0
311 334 0
318 335 0
323 333 0
328 330 0
336 327 0
341 330 0
346 335 0
353 334 1
401 310 0
397 312 0
393 314 0
386 321 0
382 327 0
381 334 0
382 339 0
390 343 0
408 341 0
432 330 0
454 314 0
468 287 0
474 262 0
478 243 0
478 231 0
478 228 0
472 234 0
461 251 0
451 280 0
447 298 0
447 310 0
448 312 0
449 317 0
456 318 0
467 316 0
480 314 0
488 313 0
493 313 0
497 315 0
504 323 0
509 327 0
512 330 0
521 330 0
536 324 0
546 317 0
553 311 0
557 306 0
560 300 0
557 296 0
554 295 0
550 297 0
547 302 0
544 316 0
547 322 0
554 327 0
560 331 0
564 330 0
569 331 0
584 332 1
643 278 0
638 282 0
627 288 0
618 295 0
615 300 0
613 306 0
615 313 0
620 321 0
623 329 0
624 334 0
623 338 0
615 343 0
603 346 0
595 348 0
578 350 1
669 223 0
670 227 0
669 236 0
666 251 0
659 282 0
652 307 0
651 319 0
650 326 0
650 330 0
650 333 0
650 328 0
649 323 0
649 320 0
655 319 0
663 320 0
681 320 0
695 318 0
704 315 0
710 311 0
713 306 0
715 301 0
712 297 0
706 294 0
699 296 0
692 302 0
689 310 0
687 320 0
690 328 0
697 332 0
709 333 0
721 333 0
729 334 0
734 335 0
738 336 0
741 338 0
744 339 0
747 336 0
749 329 0
752 316 0
755 307 0
757 304 0
758 301 0
764 301 1
264 235 0
263 238 1
