there
441 261 0
446 274 0
444 288 0
441 307 0
435 335 0
432 362 0
432 377 0
435 387 0
441 396 0
456 404 0
484 405 0
494 405 0
509 403 1
418 353 0
433 356 0
461 349 0
473 345 0
479 343 0
495 337 1
521 298 0
521 302 0
521 311 0
518 326 0
516 346 0
513 369 0
513 377 0
514 383 0
517 386 0
523 387 0
535 385 0
550 379 0
557 376 0
563 375 0
567 375 0
570 377 0
573 379 0
576 383 0
584 388 0
605 388 0
621 382 0
630 377 0
635 371 0
638 365 0
637 361 0
637 358 0
632 360 0
627 364 0
623 370 0
621 377 0
622 383 0
628 388 0
635 390 0
649 391 0
663 387 0
671 385 0
676 386 0
680 387 0
682 388 0
687 392 0
688 374 0
689 365 0
690 361 0
691 358 0
694 358 0
699 358 0
710 358 0
726 360 0
738 361 0
747 360 0
755 358 0
759 357 0
761 353 0
760 347 0
758 343 0
754 343 0
749 346 0
743 351 0
740 361 0
740 369 0
747 379 0
758 387 0
771 397 0
778 401 1
