dili
482 379 0
480 373 0
472 369 0
464 367 0
454 368 0
441 375 0
433 384 0
429 395 0
429 405 0
433 411 0
442 415 0
458 411 0
480 399 0
498 377 0
510 353 0
515 333 0
520 320 0
524 309 0
526 303 0
527 299 0
527 303 0
524 317 0
520 346 0
516 371 0
517 388 0
519 398 0
520 402 0
525 406 0
531 402 0
539 395 0
548 384 0
556 374 0
559 371 0
562 370 0
561 374 0
561 382 0
561 392 0
564 399 0
567 403 0
574 405 0
582 404 0
593 400 0
607 383 0
638 329 0
641 316 0
643 307 0
644 300 0
645 297 0
635 304 0
625 328 0
618 352 0
615 373 0
613 387 0
616 398 0
622 404 0
629 403 0
639 399 0
652 389 0
665 379 0
672 375 0
674 374 0
676 380 0
677 387 0
679 394 0
685 396 0
688 396 1
691 301 0
692 304 0
692 309 1
581 286 0
581 290 0
581 298 1
