supplied
355 305 0
348 308 0
338 313 0
323 322 0
318 326 0
315 330 0
317 333 0
327 338 0
341 346 0
348 354 0
349 362 0
345 370 0
338 377 0
330 382 0
325 382 1
395 332 0
394 335 0
391 340 0
387 350 0
386 361 0
388 368 0
394 369 0
412 360 0
427 349 0
432 345 0
435 342 0
437 342 0
439 352 0
441 359 0
444 363 0
446 366 0
452 364 0
459 363 0
467 363 0
474 365 0
478 369 0
483 376 0
485 386 0
488 403 0
489 429 0
489 439 0
489 444 0
489 446 0
486 440 0
482 418 0
482 364 0
488 339 0
493 334 0
500 330 0
509 328 0
515 328 0
519 330 0
516 339 0
511 347 0
503 354 1
548 363 0
551 376 0
554 394 0
557 416 0
558 428 0
558 434 0
552 433 0
546 412 0
544 383 0
548 358 0
555 335 0
561 326 0
572 323 0
577 326 0
579 331 0
579 338 0
576 346 0
571 353 0
565 357 0
560 360 1
612 252 0
612 256 0
609 270 0
604 294 0
599 319 0
598 336 0
598 348 0
601 356 0
608 361 0
619 361 0
630 356 0
637 350 0
645 338 0
650 329 0
653 326 0
655 332 0
655 340 0
659 351 0
665 359 0
671 363 0
679 364 0
691 360 0
704 351 0
710 346 0
711 342 0
712 334 0
710 329 0
706 326 0
703 330 0
701 336 0
699 344 0
703 354 0
712 362 0
724 367 0
740 372 0
744 373 1
812 318 0
806 321 0
797 323 0
782 329 0
771 335 0
765 342 0
763 350 0
772 356 0
782 357 0
796 353 0
810 342 0
820 325 0
826 309 0
827 292 0
827 281 0
827 277 0
827 274 0
825 292 0
826 306 0
824 332 0
827 342 0
833 350 0
848 355 0
860 357 0
877 360 1
674 255 0
673 260 1
