receipt
192 292 0
192 295 0
192 303 0
191 318 0
190 334 0
189 344 0
188 350 0
189 353 0
192 346 0
199 329 0
206 317 0
212 313 0
216 313 0
220 316 0
226 321 0
237 325 0
249 325 0
269 320 0
283 316 0
289 312 0
293 308 0
281 310 0
275 313 0
272 318 0
270 324 0
271 331 0
274 338 0
279 343 0
291 348 0
307 353 0
313 355 1
379 293 0
372 297 0
359 300 0
347 305 0
340 309 0
333 314 0
328 323 0
326 329 0
328 334 0
337 338 0
357 340 0
383 334 0
402 324 0
409 318 0
415 312 0
419 304 0
420 299 0
419 296 0
410 301 0
397 312 0
389 322 0
387 330 0
394 334 0
410 336 0
433 329 0
447 322 0
457 316 0
464 311 0
466 309 0
467 314 0
468 323 0
469 330 0
478 333 0
483 331 0
491 326 0
498 322 0
501 321 0
506 319 0
508 318 0
511 320 0
512 323 0
515 335 0
516 339 0
519 357 0
520 371 0
520 376 0
519 349 0
522 323 0
527 300 0
533 290 0
541 286 0
549 286 0
555 288 0
560 294 0
561 303 0
554 319 0
545 335 0
541 339 0
538 340 1
600 214 0
600 217 0
599 241 0
601 270 0
601 296 0
601 313 0
600 322 0
599 327 0
599 330 0
598 321 0
596 303 0
595 293 0
595 289 0
607 284 0
621 281 0
640 277 0
645 275 1
482 223 0
482 226 1
