kept
393 273 0
394 281 0
396 294 0
398 317 0
401 342 0
401 360 0
401 374 0
400 384 0
399 389 1
456 316 0
456 319 0
451 325 0
443 330 0
433 336 0
423 342 0
419 345 0
415 349 0
416 352 0
423 359 0
430 365 0
436 371 0
442 375 0
447 380 0
456 381 0
470 377 0
491 366 0
510 349 0
517 341 0
520 336 0
521 331 0
518 326 0
514 324 0
508 325 0
503 329 0
496 339 0
494 350 0
494 360 0
498 366 0
508 369 0
521 368 0
539 362 0
548 357 0
557 350 0
563 343 0
567 337 0
569 333 0
569 339 0
570 358 0
570 378 0
570 391 0
570 400 0
571 404 0
571 409 0
572 389 0
572 363 0
573 349 0
578 334 0
584 328 0
589 326 0
593 325 0
598 326 0
601 331 0
604 338 0
606 344 0
606 350 0
606 354 0
605 358 0
601 359 0
597 360 0
593 360 1
649 248 0
650 251 0
650 261 0
647 286 0
645 311 0
642 331 0
641 346 0
640 356 0
639 362 0
640 366 0
637 351 0
636 344 0
636 336 0
636 332 0
637 329 0
646 327 1
