any
457 316 0
454 313 0
443 308 0
436 308 0
429 309 0
417 316 0
404 331 0
397 344 0
397 353 0
400 361 0
404 362 0
409 361 0
417 357 0
429 345 0
440 334 0
445 329 0
448 326 0
450 324 0
450 333 0
451 341 0
453 345 0
463 344 0
484 334 0
493 326 0
496 324 0
502 321 0
504 320 0
506 320 0
508 327 0
509 335 0
510 340 0
512 345 0
514 347 0
518 346 0
522 340 0
529 332 0
536 327 0
540 325 0
544 324 0
549 334 0
552 340 0
558 345 0
565 345 0
587 335 0
596 328 0
601 325 0
605 321 0
606 328 0
607 334 0
609 337 0
618 342 0
628 340 0
640 333 0
651 325 0
654 322 0
658 318 0
661 317 0
663 318 0
668 332 0
671 348 0
671 368 0
672 383 0
666 401 0
646 417 0
634 420 0
625 417 0
620 411 0
622 403 0
642 380 0
691 340 0
699 334 0
704 329 1
