the
474 259 0
475 263 0
474 269 0
468 288 0
463 313 0
459 336 0
457 359 0
461 372 0
464 378 0
466 379 0
485 382 0
510 378 0
530 373 1
443 326 0
447 329 0
456 329 0
474 326 0
492 323 0
501 321 1
550 277 0
550 281 0
549 289 0
547 302 0
545 325 0
544 341 0
544 351 0
544 361 0
545 366 0
547 370 0
548 372 0
551 372 0
557 369 0
565 364 0
572 360 0
577 357 0
581 356 0
584 356 0
590 358 0
593 360 0
599 366 0
608 369 0
622 367 0
634 363 0
642 359 0
653 346 0
654 334 0
653 329 0
651 324 0
645 322 0
641 325 0
634 332 0
624 347 0
621 360 0
624 367 0
636 371 0
664 369 0
685 367 0
690 367 1
