will
368 325 0
369 329 0
369 336 0
367 353 0
365 369 0
365 378 0
368 384 0
371 387 0
377 387 0
387 381 0
397 376 0
400 375 0
405 373 0
407 374 0
412 378 0
417 382 0
423 384 0
434 385 0
445 381 0
456 373 0
462 366 0
465 360 0
465 351 0
464 344 0
462 341 0
469 341 0
477 341 0
486 340 0
498 338 0
504 337 0
508 337 0
510 338 0
511 343 0
511 355 0
513 365 0
519 371 0
528 376 0
543 374 0
564 365 0
588 349 0
606 329 0
618 312 0
623 294 0
625 282 0
625 276 0
614 285 0
590 323 0
587 339 0
589 349 0
594 358 0
603 362 0
619 362 0
640 353 0
660 333 0
673 313 0
683 293 0
686 285 0
688 282 0
683 281 0
676 290 0
664 309 0
659 332 0
661 345 0
666 359 0
678 367 0
707 369 0
719 370 0
733 368 1
532 258 0
531 262 1
