alexandria
192 322 0
186 315 0
176 311 0
168 312 0
161 317 0
153 326 0
146 337 0
143 346 0
145 352 0
148 354 0
158 351 0
169 342 0
177 334 0
180 331 0
185 327 0
187 332 0
189 339 0
194 343 0
202 344 0
216 338 0
240 320 0
257 299 0
270 273 0
278 251 0
280 242 0
280 237 0
278 234 0
275 235 0
269 242 0
252 265 0
239 291 0
232 316 0
231 331 0
235 341 0
244 348 0
255 349 0
272 346 0
288 336 0
301 323 0
311 310 0
314 302 0
314 298 0
314 295 0
311 297 0
304 301 0
298 307 0
293 317 0
290 328 0
291 337 0
296 345 0
299 347 0
301 348 1
384 307 0
384 310 0
377 317 0
367 326 0
358 338 0
351 349 0
349 352 1
351 313 0
358 322 0
366 332 0
371 339 0
382 351 1
467 315 0
464 315 0
457 315 0
449 315 0
438 317 0
431 321 0
425 325 0
421 333 0
420 341 0
420 348 0
425 353 0
431 355 0
434 354 0
449 346 0
462 333 0
466 328 0
469 326 0
473 325 0
474 334 0
476 338 0
480 342 0
485 344 0
489 343 0
497 337 0
504 331 0
511 326 0
514 326 0
518 330 0
522 332 0
526 333 0
536 331 0
541 328 0
544 328 0
553 325 0
557 325 0
561 327 0
564 330 0
568 332 1
646 304 0
639 305 0
632 305 0
622 306 0
609 310 0
601 316 0
595 325 0
593 335 0
593 341 0
598 344 0
600 346 0
606 343 0
625 326 0
640 302 0
651 280 0
658 263 0
662 256 0
663 252 0
663 249 0
661 256 0
657 267 0
651 292 0
648 310 0
649 324 0
652 334 0
657 340 0
665 341 0
674 339 0
684 334 0
693 329 0
697 328 0
701 326 0
703 328 0
703 332 0
703 336 0
703 339 0
703 332 0
703 327 0
703 323 0
708 319 0
714 316 0
721 315 0
727 314 0
732 313 0
735 314 0
737 315 0
738 319 0
741 327 0
742 331 0
742 333 0
745 334 0
751 335 0
755 334 1
826 308 0
821 308 0
813 307 0
803 308 0
796 309 0
790 313 0
785 321 0
782 329 0
782 336 0
787 340 0
793 340 0
806 335 0
820 326 0
826 322 0
832 318 0
834 334 0
838 341 0
846 343 1
746 245 0
748 250 1
