tial
406 222 0
408 228 0
409 235 0
404 258 0
400 284 0
396 304 0
394 327 0
396 342 0
401 353 0
407 360 0
419 361 0
435 356 0
444 352 0
460 345 1
381 320 0
388 323 0
396 323 0
416 321 0
440 316 0
449 315 0
455 313 0
459 313 0
462 313 0
465 315 0
466 320 0
466 330 0
464 338 0
464 346 0
466 353 0
472 356 0
479 355 0
490 352 0
497 351 0
509 346 0
524 342 1
597 317 0
590 315 0
577 314 0
562 314 0
549 317 0
543 322 0
538 327 0
536 333 0
537 337 0
544 340 0
553 341 0
568 337 0
580 331 0
587 327 0
590 326 0
594 325 0
593 335 0
595 342 0
611 345 0
632 337 0
656 321 0
673 300 0
684 277 0
690 257 0
692 250 0
691 248 0
681 254 0
662 277 0
648 304 0
640 327 0
642 339 0
650 346 0
670 350 0
685 352 0
700 354 1
489 232 0
484 241 0
481 246 1
