campbell
303 311 0
296 311 0
288 312 0
280 315 0
270 323 0
260 337 0
256 351 0
254 362 0
256 368 0
266 370 0
279 371 0
298 372 1
373 328 0
365 327 0
356 325 0
343 325 0
332 327 0
321 335 0
314 344 0
309 353 0
309 360 0
313 365 0
318 366 0
323 366 0
331 362 0
339 354 0
348 344 0
353 338 0
356 336 0
357 340 0
356 349 0
358 354 0
363 358 0
371 357 0
382 353 0
393 347 0
403 340 0
406 338 0
410 336 0
413 338 0
416 345 0
416 348 0
418 352 0
419 355 0
426 352 0
432 348 0
437 346 0
442 343 0
445 343 0
449 347 0
452 349 0
457 349 0
465 345 0
473 342 0
478 340 0
480 340 0
484 343 0
487 345 1
509 322 0
511 333 0
511 348 0
510 378 0
509 401 0
509 410 0
509 415 0
509 419 0
509 410 0
511 379 0
519 352 0
527 334 0
534 325 0
541 319 0
548 318 0
555 320 0
559 326 0
562 334 0
563 343 0
561 351 0
554 360 0
539 363 0
525 358 0
518 355 0
503 348 1
578 250 0
582 259 0
584 272 0
585 295 0
584 317 0
581 331 0
580 337 0
580 341 0
586 338 0
593 334 0
604 331 0
613 332 0
616 332 0
621 337 0
621 343 0
617 352 0
612 358 0
605 360 0
599 357 1
662 332 0
665 336 0
668 335 0
671 327 0
671 322 0
670 318 0
668 316 0
663 329 0
662 337 0
664 343 0
667 347 0
674 349 0
683 346 0
698 334 0
715 314 0
723 299 0
732 276 0
737 265 0
739 259 0
733 263 0
724 276 0
716 295 0
713 312 0
714 326 0
719 335 0
731 342 0
748 340 0
766 329 0
777 315 0
780 312 0
789 287 0
793 272 0
793 270 0
779 289 0
768 314 0
764 336 0
766 343 0
770 347 1
