instructions
171 287 0
171 290 0
171 293 0
171 297 0
171 305 0
171 315 0
171 325 0
173 333 0
176 339 0
180 340 0
187 340 0
197 333 0
206 325 0
213 318 0
219 311 0
223 319 0
225 323 0
228 325 0
235 321 0
243 317 0
249 316 0
255 315 0
257 318 0
261 321 0
268 324 1
317 278 0
313 282 0
310 287 0
307 294 0
308 300 0
313 306 0
320 314 0
325 321 0
328 324 0
327 328 0
322 327 0
313 324 0
306 322 1
366 215 0
368 219 0
368 226 0
369 243 0
371 271 0
370 287 0
371 301 0
369 327 0
367 339 0
366 341 0
359 328 0
355 317 0
351 311 0
349 308 0
348 305 0
362 300 0
375 297 0
393 296 0
401 297 0
406 300 0
410 304 0
413 310 0
415 317 0
416 324 0
417 327 0
414 322 0
415 320 0
416 314 0
420 308 0
428 303 0
438 300 0
440 299 0
444 299 0
447 299 0
450 301 0
451 305 0
452 310 0
453 316 0
454 320 0
456 324 0
463 322 0
472 316 0
479 311 0
483 309 0
486 308 0
488 308 0
490 312 0
491 317 0
493 321 0
501 323 1
575 283 0
572 286 0
564 289 0
552 293 0
543 297 0
539 301 0
535 305 0
533 308 0
535 317 0
544 322 0
560 321 0
570 320 0
586 317 1
624 211 0
624 214 0
621 238 0
618 258 0
617 281 0
614 301 0
613 315 0
613 323 0
613 326 0
613 329 0
610 317 0
609 310 0
608 305 0
608 302 0
619 299 0
626 298 0
632 298 0
636 298 0
640 298 0
643 298 0
646 299 0
648 303 0
647 310 0
650 317 0
658 319 0
669 319 0
694 318 1
730 295 0
726 298 0
721 301 0
715 303 0
709 308 0
706 316 0
708 324 0
712 327 0
719 328 0
727 326 0
733 320 0
738 315 0
735 305 0
731 301 0
728 298 0
735 300 0
746 299 0
764 296 0
777 294 0
784 294 0
787 295 0
790 298 0
791 303 0
791 307 0
791 311 0
794 314 0
799 313 0
807 310 0
812 308 0
817 308 0
820 307 0
823 311 0
828 314 0
830 315 1
893 277 0
886 280 0
881 283 0
876 288 0
873 293 0
873 297 0
874 301 0
875 307 0
876 313 0
876 319 0
874 323 0
869 326 0
866 327 1
674 223 0
674 227 0
674 231 1
175 218 0
175 221 1
