you
443 276 0
444 284 0
445 296 0
449 309 0
453 317 0
463 323 0
474 323 0
483 321 0
491 318 0
497 313 0
501 311 0
504 309 0
506 310 0
508 314 0
510 321 0
515 336 0
518 362 0
519 378 0
517 395 0
503 412 0
480 424 0
474 423 0
468 418 0
467 407 0
478 384 0
498 359 0
526 331 0
549 315 0
569 301 0
580 295 0
586 293 0
585 297 0
578 311 0
569 328 0
568 340 0
569 344 0
574 345 0
584 343 0
595 337 0
607 327 0
612 322 0
613 313 0
610 305 0
598 292 0
590 287 0
586 288 0
586 292 0
594 295 0
608 295 0
624 293 0
632 291 0
638 290 0
642 290 0
645 293 0
649 297 0
650 302 0
651 310 0
653 319 0
655 324 0
660 327 0
667 325 0
678 319 0
693 309 0
702 302 0
704 301 0
706 305 0
709 311 0
721 317 0
731 320 0
747 324 1
