you
424 305 0
424 308 0
423 320 0
424 334 0
426 337 0
438 338 0
457 331 0
471 323 0
480 318 0
485 315 0
489 314 0
490 321 0
490 335 0
487 361 0
487 377 0
484 393 0
479 408 0
474 417 0
467 425 0
463 428 0
459 428 0
457 420 0
457 402 0
468 377 0
482 359 0
509 340 0
540 320 0
545 319 0
549 317 0
555 316 0
549 321 0
546 328 0
544 336 0
547 344 0
552 349 0
558 352 0
565 352 0
573 348 0
581 342 0
585 335 0
585 329 0
581 321 0
573 313 0
565 308 0
558 306 0
553 307 0
567 311 0
590 311 0
601 311 0
607 311 0
611 311 0
614 313 0
615 320 0
615 331 0
615 338 0
615 342 0
617 345 0
624 344 0
632 339 0
645 329 0
654 324 0
658 322 0
662 326 0
663 331 0
665 337 0
672 341 0
687 340 0
704 338 0
727 335 1
