gence
410 333 0
410 330 0
401 323 0
395 321 0
388 322 0
381 327 0
373 335 0
370 342 0
371 344 0
376 351 0
387 353 0
402 352 0
413 349 0
422 345 0
424 343 0
429 340 0
434 342 0
435 346 0
438 356 0
444 373 0
448 393 0
446 408 0
440 425 0
427 441 0
415 452 0
400 454 0
393 450 0
388 442 0
388 426 0
400 405 0
414 390 0
449 361 0
476 337 0
484 330 0
491 325 0
494 322 0
498 320 0
494 316 0
489 315 0
482 316 0
474 322 0
468 331 0
465 342 0
465 353 0
469 361 0
476 365 0
482 364 0
493 359 0
506 348 0
516 339 0
523 332 0
526 329 0
528 327 0
531 332 0
533 339 0
534 344 0
536 347 0
539 347 0
546 345 0
554 342 0
560 340 0
565 338 0
569 339 0
572 341 0
574 343 0
577 346 0
583 351 0
588 354 0
595 355 1
658 308 0
652 309 0
640 311 0
629 316 0
622 323 0
620 329 0
620 336 0
626 343 0
641 348 0
666 351 0
687 347 0
702 340 0
711 333 0
717 328 0
721 322 0
718 318 0
713 317 0
705 319 0
698 324 0
691 333 0
690 340 0
691 344 0
706 349 0
740 353 0
758 355 1
