this
444 258 0
444 262 0
441 283 0
436 308 0
433 332 0
432 350 0
434 365 0
439 375 0
448 381 0
467 382 0
483 380 0
498 378 1
426 340 0
431 343 0
446 341 0
465 337 0
481 332 1
515 272 0
516 276 0
516 284 0
516 295 0
515 318 0
516 337 0
517 350 0
518 359 0
518 363 0
519 367 0
520 369 0
526 365 0
538 354 0
545 348 0
549 345 0
553 345 0
557 353 0
559 357 0
562 359 0
569 358 0
578 355 0
588 349 0
594 346 0
600 343 0
604 344 0
607 350 0
611 357 0
619 362 0
628 363 0
635 363 0
637 363 0
661 359 1
694 308 0
690 311 0
684 314 0
680 317 0
680 320 0
681 323 0
684 327 0
689 332 0
693 338 0
697 344 0
697 351 0
694 360 0
689 366 0
682 370 0
676 371 1
610 270 0
610 273 0
609 278 1
