and
441 322 0
433 315 0
425 311 0
417 309 0
407 307 0
399 308 0
394 310 0
390 311 0
373 331 0
362 355 0
362 368 0
365 374 0
372 377 0
385 377 0
399 371 0
412 361 0
420 355 0
426 348 0
431 342 0
435 339 0
437 337 0
439 335 0
438 339 0
435 353 0
436 360 0
440 363 0
442 365 0
451 360 0
465 351 0
475 343 0
479 339 0
488 334 0
490 341 0
490 343 0
492 347 0
496 349 0
503 349 0
511 347 0
522 342 0
536 337 0
544 336 0
548 338 0
549 342 0
553 347 0
558 350 1
644 323 0
634 322 0
625 322 0
616 325 0
603 334 0
594 341 0
589 349 0
589 355 0
592 358 0
598 355 0
610 349 0
630 328 0
640 310 0
654 285 0
664 263 0
667 255 0
668 251 0
669 249 0
664 257 0
656 271 0
650 282 0
642 315 0
642 347 0
647 354 0
665 358 0
682 361 0
687 362 1
