the
471 280 0
472 284 0
470 295 0
465 311 0
462 332 0
460 354 0
460 370 0
461 381 0
466 388 0
473 393 0
482 394 0
498 392 0
509 389 0
524 384 1
425 343 0
465 344 0
504 337 0
517 334 0
532 330 1
540 303 0
540 309 0
540 318 0
538 336 0
536 360 0
536 369 0
537 375 0
538 379 0
541 380 0
545 380 0
550 378 0
555 377 0
559 375 0
563 374 0
567 375 0
571 377 0
575 379 0
583 383 0
599 385 0
617 383 0
630 379 0
640 371 0
647 365 0
648 359 0
645 352 0
641 349 0
635 348 0
629 351 0
622 357 0
618 365 0
618 372 0
625 381 0
653 388 0
677 391 0
690 393 1
