the
455 245 0
457 255 0
457 283 0
455 311 0
454 338 0
454 357 0
457 371 0
462 380 0
472 388 0
490 390 0
512 388 0
531 385 1
445 338 0
448 341 0
458 339 0
481 332 0
493 328 0
506 323 1
543 266 0
543 273 0
541 287 0
537 308 0
535 334 0
533 351 0
533 363 0
534 371 0
535 375 0
537 380 0
548 377 0
557 371 0
569 364 0
578 358 0
585 353 0
588 354 0
594 363 0
604 373 0
616 379 0
628 380 0
636 378 0
644 370 0
648 362 0
649 350 0
647 342 0
643 340 0
635 343 0
624 351 0
618 367 0
618 380 0
628 391 0
644 396 0
655 399 0
668 403 1
