them
433 235 0
435 239 0
435 246 0
425 298 0
421 328 0
419 346 0
421 370 0
426 382 0
434 390 0
448 394 0
467 394 0
484 392 0
493 392 1
407 335 0
416 338 0
432 336 0
451 331 0
469 326 1
517 259 0
517 263 0
518 269 0
517 282 0
517 299 0
516 320 0
516 339 0
515 352 0
515 367 0
515 373 0
515 377 0
515 381 0
516 383 0
520 380 0
529 369 0
536 360 0
544 351 0
548 347 0
551 344 0
553 344 0
555 354 0
558 364 0
563 372 0
571 377 0
581 378 0
590 376 0
601 368 0
609 359 0
614 348 0
615 337 0
615 333 0
606 339 0
601 348 0
596 361 0
596 369 0
599 373 0
607 378 0
620 376 0
630 370 0
638 363 0
644 355 0
647 352 0
649 349 0
653 347 0
656 350 0
657 355 0
659 362 0
660 367 0
661 372 0
665 370 0
669 362 0
674 356 0
678 352 0
682 350 0
685 358 0
687 364 0
689 367 0
696 367 0
706 363 0
718 355 0
729 348 0
734 346 0
740 348 0
745 355 0
749 362 0
760 369 0
766 369 1
