over
512 341 0
508 339 0
502 337 0
497 337 0
486 339 0
474 348 0
466 360 0
463 371 0
463 377 0
467 381 0
475 383 0
487 383 0
508 371 0
516 363 0
520 356 0
520 348 0
520 345 0
519 342 0
515 340 0
513 342 0
524 342 0
540 339 0
551 337 0
557 337 0
562 339 0
565 342 0
567 344 0
569 356 0
571 368 0
573 375 0
576 379 0
578 382 0
582 381 0
589 376 0
596 369 0
604 360 0
611 351 0
616 346 1
655 356 0
659 359 0
663 359 0
668 356 0
670 350 0
671 347 0
669 341 0
660 339 0
653 341 0
648 347 0
644 359 0
642 370 0
645 377 0
654 381 0
672 380 0
697 373 0
707 369 0
712 368 0
716 368 0
718 370 0
722 374 0
725 370 0
726 361 0
729 349 0
736 341 0
744 338 0
749 337 1
