december
222 350 0
222 347 0
222 343 0
220 340 0
214 335 0
206 333 0
198 332 0
191 335 0
182 342 0
179 352 0
175 367 0
175 373 0
178 376 0
188 379 0
200 377 0
215 368 0
232 348 0
240 324 0
245 302 0
251 280 0
255 269 0
257 264 0
260 264 0
261 269 0
258 289 0
253 320 0
252 346 0
257 365 0
262 374 0
268 380 0
277 383 0
288 382 0
298 375 0
308 364 0
313 354 0
314 343 0
313 338 0
313 336 0
309 336 0
304 344 0
303 353 0
304 365 0
308 373 0
313 377 0
316 379 1
396 330 0
389 334 0
380 337 0
371 343 0
363 348 0
356 355 0
355 364 0
355 367 0
359 370 0
378 372 0
399 366 0
412 360 0
423 353 0
431 343 0
434 338 0
430 332 0
426 334 0
420 341 0
416 350 0
413 360 0
414 367 0
420 370 0
431 370 0
444 364 0
458 356 0
471 347 0
478 342 0
482 341 0
485 342 0
486 346 0
487 353 0
487 360 0
489 363 0
495 361 0
505 355 0
513 350 0
519 346 0
522 347 0
525 350 0
529 354 0
534 355 0
540 354 0
549 350 0
557 348 0
564 348 0
569 350 0
575 353 0
579 354 0
581 355 1
615 245 0
616 251 0
616 262 0
616 287 0
616 300 0
615 314 0
615 323 0
616 328 0
620 329 0
625 328 0
635 325 0
651 324 0
663 326 0
669 328 0
671 332 0
668 338 0
660 348 0
648 357 0
633 360 0
624 358 0
619 356 1
690 325 0
693 329 0
697 332 0
702 332 0
707 330 0
712 327 0
717 322 0
719 317 0
718 315 0
710 314 0
701 319 0
693 328 0
690 339 0
692 347 0
700 354 0
714 356 0
734 354 0
754 349 0
760 348 0
763 349 0
768 350 0
773 355 0
777 359 0
779 339 0
780 331 0
781 328 0
781 326 0
785 324 0
794 318 1
