ensign
359 361 0
363 365 0
367 366 0
383 364 0
402 356 0
412 349 0
419 342 0
423 337 0
424 331 0
416 326 0
405 327 0
393 332 0
381 342 0
375 354 0
370 369 0
372 376 0
377 380 0
386 382 0
406 377 0
428 363 0
445 350 0
452 343 0
460 335 0
464 332 0
467 332 0
469 332 0
470 337 0
469 344 0
469 358 0
470 366 0
471 370 0
472 372 0
479 368 0
490 360 0
510 348 0
516 347 0
520 350 0
522 354 0
525 360 0
529 363 0
533 365 1
574 312 0
570 316 0
565 323 0
562 329 0
561 333 0
564 335 0
566 338 0
571 341 0
574 344 0
576 355 0
573 365 0
567 373 0
564 375 0
558 377 1
609 325 0
609 329 0
608 332 0
605 338 0
604 345 0
602 350 0
602 356 0
604 361 0
612 365 0
621 365 0
633 363 0
637 361 1
699 337 0
695 334 0
685 330 0
671 330 0
661 334 0
657 339 0
654 344 0
653 347 0
663 352 0
675 351 0
692 348 0
701 345 0
706 343 0
710 341 0
713 344 0
712 351 0
711 363 0
710 377 0
707 403 0
705 414 0
700 426 0
693 437 0
689 441 0
687 443 0
682 439 0
678 434 0
681 423 0
687 408 0
698 396 0
710 380 0
720 370 0
732 359 0
742 350 0
748 344 0
752 339 0
755 336 0
757 333 0
760 343 0
761 349 0
762 352 0
769 354 0
779 351 0
788 349 0
795 348 0
801 349 0
805 350 0
810 354 0
817 357 0
828 361 1
648 238 0
646 243 0
639 251 0
633 258 1
