1755
307 375 0
315 374 0
340 352 0
371 321 0
382 309 0
396 289 0
404 279 0
411 276 0
413 279 0
413 293 0
412 322 0
410 352 0
406 375 0
405 383 1
433 273 0
444 276 0
467 281 0
482 285 0
496 290 0
503 295 0
507 300 0
511 309 0
512 325 0
510 353 0
508 371 0
506 379 0
505 382 1
476 337 0
484 338 0
493 338 0
508 335 0
524 330 0
537 326 0
544 324 1
621 277 0
611 286 0
604 294 0
601 302 0
601 310 0
603 318 0
613 327 0
624 333 0
634 340 0
639 343 0
643 347 0
642 352 0
635 359 0
621 367 0
605 370 0
592 371 0
582 372 1
609 286 0
613 286 0
621 288 0
633 288 0
653 287 0
657 287 1
720 290 0
717 294 0
711 299 0
707 300 0
719 304 0
735 307 0
746 310 0
749 316 0
747 326 0
735 343 0
722 359 0
710 368 0
703 372 0
700 370 1
738 280 0
746 281 0
758 278 0
776 272 1
