arrive
411 334 0
408 332 0
401 327 0
394 323 0
389 320 0
381 318 0
373 321 0
361 331 0
352 346 0
347 362 0
346 370 0
348 375 0
359 376 0
374 371 0
389 362 0
396 354 0
400 350 0
402 347 0
406 341 0
408 338 0
411 353 0
413 364 0
417 371 0
424 372 0
435 368 0
445 362 0
453 356 0
459 353 0
465 351 0
468 352 0
470 354 0
468 344 0
468 334 0
469 326 0
470 322 0
473 319 0
480 318 0
488 318 0
498 318 0
508 321 0
515 325 0
519 330 0
524 338 0
528 346 0
529 355 0
530 362 0
531 366 0
533 355 0
533 339 0
534 330 0
535 325 0
536 322 0
543 318 0
551 318 0
557 317 0
565 317 0
568 317 0
570 322 0
571 333 0
572 341 0
574 349 0
580 354 0
587 356 0
595 355 1
624 310 0
626 314 0
627 317 0
628 323 0
629 330 0
631 336 0
633 341 0
636 342 0
644 334 0
653 321 0
660 311 0
664 305 1
701 334 0
704 337 0
707 334 0
711 328 0
713 322 0
713 315 0
709 307 0
704 306 0
697 308 0
694 311 0
692 313 0
688 332 0
694 343 0
705 348 0
722 350 0
742 351 1
572 232 0
572 237 1
