time
418 264 0
421 267 0
422 270 0
423 280 0
421 299 0
419 325 0
419 350 0
421 372 0
423 381 0
432 394 0
444 401 0
459 404 0
476 406 0
479 407 1
408 366 0
419 368 0
442 362 0
462 356 0
471 354 0
479 353 0
483 353 0
486 356 0
486 364 0
485 373 0
485 382 0
486 388 0
490 390 0
496 389 0
509 382 0
519 375 0
527 368 0
531 366 0
533 365 0
538 371 0
541 376 0
542 379 0
543 383 0
544 385 0
546 389 0
548 392 0
553 389 0
561 382 0
574 372 0
582 369 0
587 367 0
591 366 0
595 367 0
597 376 0
599 379 0
601 382 0
605 383 0
614 379 0
622 375 0
629 372 0
633 372 0
635 371 0
638 373 0
645 379 0
654 382 0
676 384 0
697 381 0
710 377 0
723 370 0
729 364 0
730 362 0
727 357 0
722 355 0
715 355 0
707 357 0
700 364 0
697 373 0
698 381 0
706 390 0
724 392 0
737 393 0
752 393 1
503 280 0
501 285 1
