major
326 285 0
328 289 0
329 295 0
329 299 0
329 302 0
329 317 0
330 340 0
333 347 0
333 351 0
335 354 0
340 335 0
348 322 0
363 305 0
367 302 0
371 300 0
374 303 0
378 311 0
381 320 0
385 328 0
386 334 0
394 334 0
401 330 0
409 325 0
415 323 0
422 321 0
428 330 0
432 339 0
436 346 1
517 315 0
514 313 0
507 309 0
498 309 0
488 311 0
478 317 0
472 326 0
470 335 0
471 338 0
478 342 0
484 342 0
493 337 0
498 333 0
501 329 0
506 323 0
508 321 0
513 322 0
515 326 0
523 329 1
567 298 0
567 302 0
568 307 0
570 319 0
572 337 0
575 357 0
576 373 0
576 385 0
573 397 0
569 403 0
563 404 0
556 396 0
556 385 0
565 370 0
584 349 0
603 329 0
617 318 0
626 314 0
630 312 0
635 310 0
632 321 0
629 331 0
629 340 0
632 347 0
639 351 0
651 352 0
665 347 0
674 342 0
678 335 0
681 327 0
678 320 0
673 315 0
671 313 0
666 311 0
661 307 0
658 307 0
667 308 0
677 307 0
690 305 0
704 304 0
713 304 0
719 305 0
723 306 0
726 308 0
728 310 0
729 319 0
729 330 0
728 338 0
727 344 0
727 348 0
727 342 0
729 330 0
730 324 0
731 321 0
734 315 0
739 311 0
744 311 0
750 309 0
753 308 1
577 222 0
576 226 1
