any
442 323 0
438 320 0
432 318 0
424 318 0
416 321 0
406 330 0
398 341 0
396 351 0
398 359 0
403 363 0
414 361 0
423 355 0
434 347 0
440 342 0
443 340 0
446 338 0
448 346 0
449 353 0
451 358 0
458 360 0
468 356 0
482 348 0
491 341 0
499 334 0
503 331 0
506 330 0
508 335 0
510 342 0
511 345 0
512 348 0
516 349 0
522 347 0
531 343 0
542 336 0
546 335 0
549 335 0
551 342 0
556 345 0
562 348 0
571 347 0
586 342 0
594 339 0
601 334 0
606 331 0
609 330 0
612 332 0
614 338 0
618 342 0
627 344 0
639 343 0
658 331 0
670 324 0
676 320 0
680 318 0
682 327 0
683 340 0
684 358 0
684 376 0
680 396 0
674 418 0
665 432 0
655 440 0
646 440 0
634 435 0
627 423 0
629 409 0
652 383 0
666 369 0
674 358 1
