and
444 337 0
439 331 0
431 329 0
421 331 0
406 341 0
395 365 0
394 376 0
397 381 0
402 384 0
412 383 0
428 377 0
438 370 0
445 365 0
452 357 0
454 355 0
455 353 0
457 350 0
459 361 0
460 370 0
464 376 0
472 381 0
482 384 0
497 377 0
507 368 0
516 356 0
521 349 0
525 346 0
527 351 0
527 359 0
529 365 0
530 369 0
538 371 0
548 367 0
559 363 0
570 358 0
579 353 0
583 352 0
587 354 0
589 356 0
597 364 0
600 366 1
707 336 0
700 336 0
691 336 0
672 339 0
658 345 0
650 353 0
642 366 0
638 375 0
638 379 0
646 381 0
656 377 0
677 361 0
696 337 0
708 312 0
716 290 0
719 283 0
721 279 0
721 286 0
715 309 0
707 335 0
707 355 0
718 370 0
731 374 0
741 375 0
757 378 1
