his
392 218 0
392 222 0
392 225 0
391 237 0
390 259 0
389 283 0
389 297 0
389 311 0
388 344 0
389 373 0
389 377 0
389 382 0
397 378 0
406 370 0
415 361 0
436 340 0
445 332 0
450 327 0
454 324 0
456 323 0
458 329 0
460 339 0
462 353 0
467 366 0
471 371 0
475 372 0
479 372 0
487 366 0
494 361 0
500 354 0
505 348 0
507 346 0
510 343 0
513 342 0
515 347 0
517 355 0
518 362 0
520 366 0
525 372 0
532 373 0
535 373 1
589 313 0
587 316 0
584 320 0
588 329 0
594 335 0
599 341 0
603 347 0
604 353 0
604 359 0
601 364 0
593 370 0
582 373 0
571 373 1
526 252 0
527 258 0
528 265 0
528 270 1
