alexandria
307 315 0
303 311 0
291 307 0
279 304 0
269 305 0
259 307 0
250 313 0
245 330 0
250 346 0
255 353 0
265 353 0
284 347 0
296 341 0
307 331 0
312 327 0
315 323 0
319 317 0
321 315 0
323 316 0
323 325 0
323 332 0
328 339 0
336 341 0
352 338 0
373 327 0
396 308 0
417 285 0
431 260 0
436 243 0
438 236 0
435 231 0
403 260 0
382 286 0
377 298 0
376 311 0
378 320 0
386 332 0
401 339 0
419 339 0
443 331 0
464 320 0
468 316 0
474 311 0
478 308 0
471 306 0
461 309 0
454 313 0
451 315 0
448 320 0
448 324 0
455 328 0
467 331 0
483 329 0
490 329 0
500 327 0
507 325 1
570 295 0
566 300 0
558 306 0
540 321 0
527 332 0
518 340 1
521 295 0
524 303 0
531 318 0
547 337 0
551 342 0
560 352 1
655 310 0
649 309 0
640 308 0
628 306 0
618 305 0
609 306 0
603 310 0
598 318 0
595 328 0
596 333 0
606 338 0
620 333 0
632 325 0
641 319 0
644 317 0
648 315 0
650 318 0
652 324 0
654 331 0
658 334 0
662 335 0
667 333 0
675 328 0
683 321 0
686 319 0
691 318 0
693 317 0
697 318 0
700 320 0
704 321 0
710 320 0
721 315 0
733 314 0
742 316 0
747 318 0
751 322 0
758 325 1
858 301 0
847 301 0
829 301 0
815 303 0
805 307 0
800 313 0
794 323 0
794 327 0
801 331 0
803 331 0
814 327 0
844 302 0
860 280 0
868 263 0
873 250 0
875 242 0
876 238 0
872 259 0
868 282 0
866 296 0
869 305 0
874 313 0
883 315 0
894 315 0
904 314 0
911 313 0
914 313 0
919 313 0
920 320 0
920 323 0
920 326 0
921 318 0
921 313 0
924 309 0
928 305 0
933 302 0
939 300 0
946 300 0
954 300 0
957 300 0
961 301 0
965 307 0
967 310 0
970 316 0
974 321 0
979 325 0
983 326 0
988 326 1
1073 302 0
1068 299 0
1058 297 0
1042 297 0
1034 299 0
1028 302 0
1025 307 0
1025 314 0
1029 322 0
1039 327 0
1046 327 0
1059 322 0
1071 316 0
1080 308 0
1086 301 0
1089 299 0
1091 304 0
1094 313 0
1100 319 0
1103 321 1
966 210 0
965 215 0
964 224 1
