aid
476 366 0
473 362 0
466 356 0
458 352 0
447 349 0
436 349 0
426 353 0
420 358 0
411 371 0
409 379 0
410 385 0
419 390 0
434 389 0
446 385 0
456 378 0
465 370 0
468 368 0
471 364 0
473 364 0
473 371 0
473 377 0
475 383 0
480 387 0
484 389 0
493 386 0
506 378 0
515 371 0
519 368 0
521 365 0
526 370 0
528 375 0
536 381 0
540 383 1
626 354 0
614 353 0
606 354 0
598 356 0
590 363 0
586 370 0
583 377 0
583 382 0
587 387 0
593 387 0
602 384 0
622 367 0
635 345 0
643 330 0
643 327 0
647 306 0
649 296 0
650 294 0
650 302 0
649 314 0
648 338 0
645 364 0
644 378 0
645 387 0
648 394 0
658 395 0
675 390 0
687 386 0
701 378 1
532 260 0
527 270 1
