are
533 328 0
530 326 0
521 325 0
510 323 0
494 325 0
479 331 0
471 340 0
465 351 0
464 358 0
465 363 0
475 370 0
496 367 0
514 361 0
521 355 0
527 349 0
532 339 0
535 335 0
538 331 0
537 341 0
536 352 0
538 360 0
545 364 0
553 364 0
563 360 0
571 358 0
577 356 0
581 355 0
584 356 0
588 358 0
590 361 0
598 348 0
599 345 0
602 340 0
605 341 0
613 341 0
624 341 0
645 340 0
664 336 0
672 331 0
678 327 0
681 323 0
680 316 0
675 316 0
667 321 0
651 336 0
645 347 0
644 356 0
650 365 0
668 368 0
694 366 0
717 365 1
