savage
290 270 0
286 274 0
279 279 0
268 286 0
258 294 0
256 299 0
255 302 0
263 307 0
278 316 0
289 325 0
295 334 0
298 341 0
298 348 0
295 354 0
287 361 0
275 364 0
263 364 1
361 316 0
366 315 0
369 313 0
364 309 0
354 306 0
343 306 0
329 310 0
317 321 0
314 330 0
314 338 0
319 342 0
327 343 0
342 336 0
354 327 0
362 319 0
366 315 0
370 311 0
372 311 0
374 315 0
376 322 1
415 290 0
418 294 0
418 302 0
419 314 0
421 327 0
422 333 0
424 337 0
425 340 0
428 338 0
434 330 0
443 318 0
458 301 0
463 296 0
479 276 1
532 314 0
525 308 0
516 303 0
508 301 0
502 301 0
496 305 0
491 311 0
489 319 0
488 323 0
491 328 0
500 328 0
510 324 0
520 320 0
529 313 0
534 308 0
538 306 0
538 312 0
539 319 0
542 325 1
633 287 0
623 288 0
614 292 0
600 300 0
590 308 0
586 314 0
587 317 0
592 318 0
600 316 0
613 311 0
625 305 0
628 303 0
632 299 0
636 297 0
638 296 0
640 299 0
642 305 0
643 317 0
644 340 0
644 359 0
641 373 0
637 383 0
628 392 0
620 396 0
613 395 0
609 389 0
609 382 0
614 370 0
634 349 0
658 332 0
677 322 0
692 313 0
704 304 0
711 298 0
714 294 0
713 291 0
704 293 0
692 301 0
688 309 0
688 316 0
695 323 0
714 325 0
732 326 0
740 327 1
