commissary
215 301 0
206 305 0
199 308 0
196 309 0
189 316 0
176 333 0
172 343 0
175 350 0
180 355 0
192 358 0
201 359 0
216 361 1
273 331 0
269 334 0
263 338 0
260 344 0
259 349 0
260 353 0
269 351 0
276 346 0
281 341 0
280 333 0
276 327 0
269 323 0
263 321 0
261 320 0
278 318 0
300 314 0
313 311 0
321 310 0
327 312 0
333 317 0
335 322 0
336 327 0
337 332 0
338 337 0
339 340 0
346 338 0
353 333 0
360 330 0
365 326 0
369 326 0
373 330 0
376 334 0
381 338 0
393 337 0
400 333 0
406 328 0
413 325 0
416 323 0
419 323 0
422 329 0
423 332 0
427 336 1
458 305 0
460 309 0
459 315 0
459 321 0
459 326 0
459 330 0
459 332 0
467 328 0
472 326 0
476 324 0
480 323 0
483 322 0
487 329 0
491 330 0
499 326 0
511 319 0
519 314 0
522 315 0
525 315 0
527 320 0
530 325 0
533 326 0
540 324 0
547 323 0
554 320 0
561 316 0
567 313 0
573 311 0
576 320 0
577 327 0
581 334 0
585 338 0
591 340 0
595 340 1
664 285 0
662 289 0
656 293 0
651 297 0
647 302 0
649 304 0
656 310 0
663 315 0
667 318 0
672 321 0
672 325 0
663 331 0
650 338 0
642 341 0
626 347 1
737 292 0
727 298 0
722 301 0
718 304 0
717 308 0
721 311 0
724 314 0
726 318 0
724 324 0
718 332 0
704 340 0
689 345 0
680 347 0
664 349 1
800 310 0
795 309 0
787 307 0
776 306 0
764 308 0
755 311 0
749 318 0
745 329 0
745 337 0
746 341 0
754 343 0
766 341 0
782 331 0
790 325 0
796 320 0
801 318 0
803 317 0
804 321 0
805 326 0
811 331 0
818 333 0
825 334 0
832 335 0
837 336 0
840 337 0
841 340 0
846 331 0
847 327 0
849 319 0
852 313 0
856 311 0
862 309 0
869 308 0
877 308 0
882 308 0
886 309 0
888 312 0
886 317 0
885 323 0
886 327 0
890 330 0
897 329 0
911 321 0
924 313 0
930 308 0
933 306 0
936 308 0
937 317 0
939 331 0
940 349 0
938 366 0
935 378 0
927 391 0
921 396 0
910 395 0
897 392 0
891 388 0
894 384 0
906 374 0
943 350 0
958 340 1
581 227 0
579 236 1
