buckner
289 265 0
292 271 0
294 282 0
296 306 0
295 327 0
296 343 0
296 350 0
296 353 0
296 359 0
298 363 0
304 356 0
313 349 0
327 341 0
342 338 0
355 337 0
360 339 0
364 348 0
363 358 0
359 369 0
347 389 0
336 399 0
321 404 0
312 402 0
306 394 1
386 350 0
387 353 0
387 366 0
387 373 0
387 376 0
389 379 0
390 382 0
394 382 0
406 373 0
414 367 0
418 364 0
422 361 0
424 365 0
426 370 0
428 374 0
431 377 0
442 380 0
450 381 0
466 383 1
515 338 0
503 339 0
495 341 0
485 347 0
472 359 0
467 366 0
467 372 0
470 378 0
476 382 0
493 384 0
506 386 0
521 387 1
555 267 0
557 273 0
558 285 0
558 289 0
558 304 0
559 344 0
558 362 0
558 370 0
558 373 1
616 328 0
611 332 0
599 336 0
585 341 0
574 346 0
569 349 0
566 355 0
566 361 0
569 366 0
576 371 0
588 374 0
604 376 0
618 375 0
623 374 0
627 373 0
633 371 0
644 367 0
653 362 0
657 359 0
664 353 0
667 350 0
669 347 0
671 345 0
674 343 0
675 347 0
676 353 0
678 359 0
679 362 0
680 366 0
681 370 0
681 372 0
685 368 0
689 363 0
698 354 0
702 351 0
705 350 0
708 351 0
711 352 0
714 356 0
723 364 0
744 372 0
770 371 0
785 365 0
793 360 0
799 355 0
800 346 0
798 335 0
793 329 0
786 327 0
779 330 0
773 338 0
768 349 0
767 360 0
770 367 0
777 373 0
792 376 0
811 373 0
822 370 0
831 368 0
837 368 0
842 369 0
846 372 0
848 375 0
849 370 0
851 363 0
853 360 0
855 355 0
858 350 0
865 341 1
