recruits
267 302 0
268 308 0
268 318 0
268 332 0
268 344 0
268 350 0
269 354 0
270 358 0
272 354 0
276 341 0
278 330 0
280 326 0
283 321 0
288 323 0
295 325 0
306 329 0
317 330 0
332 327 0
345 323 0
352 317 0
356 312 0
357 307 0
351 305 0
344 307 0
336 316 0
328 330 0
326 339 0
329 345 0
335 349 0
339 350 1
425 305 0
419 306 0
411 308 0
403 310 0
393 314 0
389 320 0
385 330 0
384 345 0
389 350 0
400 350 0
414 347 0
436 335 0
445 328 0
451 324 0
456 322 0
460 321 0
462 324 0
464 329 0
465 335 0
465 339 0
463 333 0
463 328 0
464 322 0
470 318 0
476 316 0
482 314 0
488 315 0
492 315 0
495 315 0
500 318 0
501 325 0
504 332 0
506 338 0
509 341 0
513 342 0
523 334 0
530 328 0
533 325 0
537 322 0
543 324 0
546 330 0
548 336 0
551 339 0
555 339 0
562 335 0
573 327 0
580 322 0
585 317 0
588 314 0
591 313 0
592 318 0
592 327 0
594 335 0
601 340 0
606 340 1
643 225 0
643 234 0
642 246 0
639 271 0
638 291 0
640 308 0
642 320 0
643 329 0
644 335 0
646 339 0
643 332 0
640 325 0
638 318 0
637 314 0
637 310 0
639 308 0
645 305 0
651 302 1
697 287 0
696 290 0
693 294 0
691 298 0
693 301 0
705 312 0
712 320 0
718 326 0
719 330 0
717 333 0
709 337 1
576 237 0
577 243 0
577 246 1
