advertising
243 335 0
238 331 0
232 328 0
224 326 0
213 328 0
204 333 0
196 342 0
192 354 0
193 363 0
196 368 0
204 371 0
211 371 0
220 366 0
230 360 0
239 353 0
244 348 0
248 346 0
251 344 0
253 350 0
256 357 0
262 362 1
348 333 0
341 333 0
327 333 0
315 333 0
304 337 0
292 347 0
284 359 0
284 366 0
286 369 0
304 362 0
323 345 0
337 325 0
343 313 0
347 295 0
353 266 0
357 253 0
358 250 0
358 257 0
355 277 0
350 308 0
349 335 0
350 359 0
352 367 1
385 316 0
386 324 0
387 335 0
390 356 0
392 368 0
395 371 0
397 372 0
400 372 0
412 354 0
426 334 0
430 330 1
444 352 0
448 354 0
453 353 0
462 345 0
469 335 0
473 328 0
474 323 0
473 319 0
464 324 0
452 335 0
443 349 0
441 358 0
441 363 0
448 365 0
472 358 0
492 354 0
502 352 0
509 352 0
515 354 0
519 356 0
523 362 0
524 364 0
526 349 0
527 338 0
530 329 0
531 326 0
534 323 0
539 321 0
543 321 1
586 234 0
588 244 0
587 265 0
584 291 0
581 315 0
578 338 0
577 354 0
577 363 0
577 367 0
577 371 0
575 359 0
573 352 0
572 347 0
572 341 0
574 335 0
578 329 0
582 327 0
589 323 0
595 322 0
600 321 0
602 321 0
606 320 0
611 320 0
615 322 0
618 327 0
620 334 0
623 344 0
626 356 0
630 363 0
635 366 0
640 365 1
670 310 0
669 314 0
668 320 0
671 324 0
676 329 0
681 334 0
684 337 0
687 347 0
684 355 0
678 363 0
672 368 0
668 368 1
718 313 0
720 317 0
720 320 0
718 327 0
716 337 0
715 344 0
715 349 0
716 351 0
720 351 0
727 348 0
735 345 0
743 339 0
749 335 0
753 333 0
757 334 0
759 339 0
762 343 0
767 345 0
775 343 0
782 340 0
786 339 0
789 339 0
791 339 0
794 340 0
797 342 0
804 346 0
810 348 0
817 349 0
826 347 1
875 325 0
872 324 0
864 324 0
856 326 0
851 329 0
850 333 0
850 338 0
853 341 0
860 344 0
866 343 0
872 340 0
877 335 0
881 329 0
883 328 0
886 331 0
887 337 0
889 344 0
892 360 0
895 378 0
893 407 0
884 421 0
876 423 0
869 423 0
863 418 0
862 409 0
866 399 0
886 379 0
894 370 0
904 358 1
741 239 0
741 243 0
740 248 1
631 235 0
630 240 1
