this
566 278 0
566 284 0
564 295 0
561 321 0
559 349 0
559 369 0
563 385 0
570 395 0
584 398 0
600 393 0
618 386 0
623 385 1
544 353 0
552 357 0
574 354 0
597 350 1
641 294 0
642 297 0
640 318 0
640 345 0
637 368 0
636 380 0
636 391 0
636 395 0
638 398 0
653 387 0
665 377 0
670 374 0
673 372 0
675 371 0
678 375 0
683 378 0
695 377 0
706 372 0
713 367 0
717 364 0
720 361 0
724 366 0
727 372 0
733 378 0
740 382 1
797 333 0
794 337 0
792 342 0
796 353 0
805 364 0
810 371 0
812 376 0
811 381 0
806 388 0
801 394 0
792 398 1
747 283 0
742 289 0
740 291 1
