that
555 269 0
554 278 0
551 289 0
548 306 0
545 327 0
544 333 0
544 358 0
548 375 0
555 381 0
569 382 0
587 376 0
599 370 0
614 363 1
535 338 0
538 341 0
549 340 0
570 331 0
587 324 1
612 277 0
611 289 0
610 303 0
609 322 0
607 346 0
606 355 0
607 361 0
608 366 0
611 367 0
618 364 0
627 358 0
635 355 0
638 353 0
641 354 0
647 364 0
653 370 0
661 374 0
673 372 0
681 371 0
698 368 1
742 335 0
732 335 0
724 335 0
715 339 0
705 346 0
698 354 0
695 361 0
697 367 0
705 369 0
719 368 0
736 360 0
744 354 0
747 350 0
751 345 0
752 343 0
753 353 0
754 363 0
760 370 0
764 372 1
809 272 0
807 278 0
806 288 0
805 307 0
804 332 0
803 347 0
803 359 0
803 367 0
803 370 0
797 359 0
795 352 0
793 348 0
803 346 0
833 339 0
852 335 0
856 333 1
