country
383 309 0
375 315 0
358 327 0
346 340 0
341 353 0
339 365 0
342 372 0
350 376 0
371 375 0
386 372 0
403 368 1
458 333 0
453 347 0
451 359 0
454 367 0
460 371 0
470 369 0
483 361 0
491 353 0
493 346 0
492 338 0
488 331 0
481 326 0
469 324 0
460 326 1
530 322 0
530 326 0
530 334 0
531 342 0
534 348 0
539 350 0
545 351 0
552 349 0
558 346 0
561 342 0
564 339 0
566 338 0
570 339 0
577 349 0
585 356 0
598 359 0
621 357 0
630 352 0
636 349 0
640 347 0
642 347 0
645 355 0
649 358 0
656 359 0
665 358 0
674 356 0
680 355 0
685 355 0
689 356 0
695 360 0
700 364 0
703 366 0
710 367 1
741 258 0
743 261 0
745 270 0
750 312 0
752 337 0
752 351 0
752 359 0
752 364 0
752 367 0
748 357 0
746 347 0
744 336 0
743 332 0
742 328 0
747 327 0
766 330 0
776 331 0
784 332 0
789 334 0
792 335 0
799 340 0
800 343 0
804 349 0
806 352 0
808 354 0
810 337 0
811 328 0
812 326 0
813 321 0
817 321 0
822 321 0
827 321 0
836 320 0
843 320 0
849 320 0
852 320 0
855 320 0
857 324 0
858 332 0
860 340 0
864 346 0
867 349 0
876 347 0
880 346 0
886 342 0
892 337 0
897 334 0
901 331 0
903 333 0
904 344 0
908 365 0
910 388 0
908 401 0
901 413 0
891 420 0
875 424 0
870 425 0
872 412 0
906 366 0
919 350 0
924 343 1
