thirty
500 248 0
497 258 0
489 279 0
481 300 0
474 318 0
470 333 0
469 353 0
471 370 0
478 379 0
490 385 0
520 390 0
536 386 0
552 382 1
470 323 0
478 325 1
566 262 0
565 277 0
564 302 0
563 326 0
563 347 0
561 369 0
561 373 0
561 376 0
566 371 0
575 362 0
579 358 0
584 355 0
586 355 0
590 354 0
593 361 0
596 367 0
601 371 0
612 373 0
624 370 0
634 366 0
641 359 0
644 356 0
648 352 0
651 350 0
654 352 0
657 360 0
661 367 0
665 370 0
671 370 0
679 366 0
685 362 0
689 360 0
694 358 0
697 359 0
700 361 0
702 365 0
703 369 0
705 373 0
707 375 0
710 366 0
712 358 0
715 351 0
715 348 0
718 346 0
721 347 0
728 344 1
756 266 0
756 277 0
756 293 0
756 317 0
757 336 0
759 352 0
759 363 0
759 366 0
759 369 0
755 360 0
754 355 0
753 351 0
753 348 0
755 346 0
762 344 0
768 342 0
771 341 0
775 341 0
779 340 0
783 340 0
784 343 0
790 357 0
796 362 0
808 362 0
820 359 0
829 355 0
832 352 0
836 347 0
839 344 0
842 345 0
846 352 0
849 364 0
851 385 0
850 406 0
848 415 0
841 421 0
834 422 0
826 417 0
823 407 0
823 402 0
825 398 0
848 370 0
861 353 1
683 271 0
674 278 0
671 280 1
