per
548 303 0
548 308 0
547 324 0
545 353 0
544 361 0
543 375 0
541 387 0
540 393 0
541 383 0
548 341 0
556 322 0
564 307 0
574 297 0
584 294 0
590 296 0
596 299 0
600 305 0
601 312 0
600 320 0
598 328 0
593 335 0
588 341 0
583 343 0
578 343 0
573 342 0
571 338 1
626 310 0
630 310 0
637 309 0
643 308 0
646 306 0
646 299 0
643 294 0
637 291 0
629 293 0
622 299 0
616 310 0
614 322 0
616 330 0
623 335 0
638 337 0
660 329 0
671 324 0
676 321 0
680 321 0
684 323 0
685 327 0
687 331 0
690 319 0
690 308 0
692 294 0
693 287 0
694 285 0
702 284 0
708 284 1
