from
517 365 0
522 365 0
536 356 0
558 336 0
574 315 0
582 300 0
583 290 0
580 281 0
577 274 0
574 269 0
568 271 0
565 278 0
560 299 0
557 329 0
557 357 0
556 375 0
556 388 0
556 397 0
556 402 0
556 405 0
557 409 0
557 413 0
555 417 0
555 420 0
550 413 0
543 388 0
540 371 0
540 365 0
540 361 0
543 358 0
554 356 0
566 353 0
578 350 0
586 349 0
592 349 0
597 351 0
600 351 0
605 353 0
607 353 0
610 355 0
609 363 0
609 369 0
609 372 0
609 375 0
609 378 0
612 356 0
612 345 0
613 340 0
614 337 0
622 336 0
631 337 0
642 337 0
651 337 0
657 337 0
660 337 0
662 337 0
666 337 0
663 344 0
661 353 0
660 365 0
661 370 0
665 373 0
671 370 0
676 364 0
678 357 0
679 348 0
678 340 0
674 331 0
672 328 0
675 328 0
679 329 0
686 328 0
694 328 0
702 329 0
706 331 0
710 334 0
713 339 0
717 348 0
719 356 0
719 359 0
721 363 0
725 358 0
738 343 0
746 331 0
752 336 0
754 344 0
756 352 0
759 354 0
765 355 0
775 352 0
783 349 0
787 348 0
793 349 0
795 351 0
799 354 0
808 363 0
815 369 0
822 373 0
824 373 1
