case
504 275 0
492 277 0
480 283 0
468 294 0
460 305 0
455 316 0
454 324 0
458 329 0
469 333 0
491 331 0
500 329 0
505 328 0
521 325 1
571 289 0
567 288 0
559 284 0
551 283 0
544 283 0
539 286 0
534 291 0
528 299 0
525 311 0
525 319 0
526 324 0
537 322 0
544 318 0
551 313 0
556 307 0
559 304 0
563 300 0
567 303 0
569 307 0
577 312 0
586 314 1
643 272 0
632 277 0
623 283 0
619 287 0
615 293 0
615 297 0
619 300 0
626 304 0
632 308 0
636 311 0
634 318 0
627 324 0
624 326 0
629 323 0
634 319 0
638 316 0
646 314 0
653 313 0
660 311 0
668 308 0
671 306 0
677 299 0
679 294 0
679 289 0
676 286 0
670 285 0
662 288 0
654 296 0
651 307 0
650 317 0
656 326 0
666 329 0
684 326 0
709 325 0
723 323 1
