ammu
470 324 0
462 321 0
454 318 0
443 316 0
432 316 0
420 319 0
410 328 0
401 342 0
399 359 0
401 368 0
410 372 0
420 365 0
438 349 0
443 344 0
446 341 0
449 339 0
451 340 0
452 343 0
454 349 0
456 353 0
465 355 0
474 351 0
483 344 0
492 333 0
494 330 0
498 325 0
501 333 0
502 338 0
504 345 0
506 348 0
510 351 0
520 338 0
525 331 0
529 328 0
533 327 0
535 330 0
541 343 0
545 349 0
549 351 0
552 350 0
560 344 0
574 331 0
579 327 0
581 326 0
584 329 0
585 336 0
588 342 0
592 345 0
597 347 0
603 346 0
609 342 0
615 336 0
619 332 0
621 331 0
624 329 0
628 331 0
630 337 0
634 342 0
637 346 0
639 348 0
642 344 0
646 337 0
652 330 0
656 326 0
659 325 0
663 329 0
666 334 0
668 339 0
674 343 0
678 342 0
685 336 0
693 330 0
697 329 0
699 331 0
703 337 0
705 343 0
710 346 0
716 348 0
722 349 0
728 347 0
734 342 0
739 335 0
743 329 0
748 326 0
751 329 0
757 337 0
761 341 0
767 346 0
773 344 0
782 339 0
788 332 0
792 328 0
794 326 0
799 335 0
807 342 0
820 351 0
836 361 1
