care
586 272 0
578 273 0
569 277 0
551 291 0
541 303 0
537 313 0
535 319 0
537 324 0
543 328 0
560 328 0
596 323 0
614 320 1
667 300 0
660 298 0
653 296 0
641 295 0
632 297 0
625 300 0
620 306 0
615 316 0
616 323 0
630 327 0
647 319 0
658 311 0
664 302 0
667 295 0
669 293 0
670 300 0
670 313 0
672 322 0
677 327 0
686 328 0
701 323 0
711 319 0
716 318 0
720 316 0
724 319 0
726 322 0
729 315 0
733 298 0
737 288 0
739 286 0
743 285 0
752 285 0
769 286 0
792 284 0
809 280 0
816 277 0
822 273 0
823 269 0
824 265 0
815 264 0
806 271 0
791 290 0
783 303 0
783 315 0
797 322 0
834 322 0
852 322 1
