for
500 335 0
503 336 0
531 316 0
549 293 0
561 271 0
564 259 0
563 253 0
560 250 0
555 250 0
549 256 0
541 273 0
533 301 0
531 327 0
531 353 0
532 375 0
532 395 0
532 408 0
532 417 0
532 421 0
531 406 0
531 385 0
530 379 0
531 359 0
534 349 0
542 344 0
553 341 0
572 338 0
589 336 0
596 334 0
602 333 0
602 342 0
604 349 0
605 353 0
607 356 0
611 352 0
612 346 0
611 338 0
610 333 0
609 328 0
609 325 0
611 323 0
623 323 0
632 323 0
642 323 0
650 326 0
656 331 0
660 337 0
664 344 0
668 349 0
671 353 0
672 356 0
674 335 0
675 320 0
676 317 0
676 314 0
680 313 0
695 312 0
717 307 1
