coopers
483 305 0
473 305 0
464 308 0
454 314 0
443 325 0
435 339 0
432 354 0
436 362 0
445 364 0
462 361 0
480 358 1
518 318 0
513 329 0
512 336 0
514 344 0
519 350 0
524 350 0
536 344 0
546 332 0
550 323 0
549 315 0
544 306 0
539 303 0
534 304 0
530 305 0
528 315 1
609 307 0
606 311 0
600 321 0
596 328 0
597 335 0
599 339 0
608 341 0
620 338 0
631 328 0
636 316 0
634 308 0
626 301 0
619 299 0
610 302 0
603 309 0
600 317 1
658 334 0
659 337 0
660 365 0
660 400 0
660 408 0
661 411 0
661 413 0
656 396 0
649 352 0
653 335 0
658 327 0
666 322 0
677 319 0
689 322 0
695 329 0
698 337 0
695 346 0
689 354 0
681 358 0
674 357 1
732 345 0
736 345 0
740 341 0
745 330 0
746 319 0
746 315 0
745 311 0
738 313 0
732 320 0
728 335 0
727 351 0
730 360 0
736 364 0
745 361 0
756 356 0
765 351 0
770 349 0
774 349 0
778 352 0
781 355 0
783 357 0
783 334 0
784 320 0
785 315 0
787 310 0
791 308 0
797 306 1
883 280 0
868 287 0
854 295 0
849 298 0
846 304 0
852 309 0
861 320 0
872 331 0
876 338 0
875 344 0
856 353 0
838 356 0
820 358 1
