barracks
438 262 0
438 265 0
440 274 0
440 310 0
440 331 0
441 338 0
442 341 0
448 336 0
457 328 0
467 322 0
478 319 0
489 318 0
499 320 0
505 326 0
506 332 0
503 341 0
496 356 0
489 365 0
482 368 0
474 365 0
468 357 0
466 347 1
582 318 0
585 318 0
578 315 0
570 314 0
561 313 0
551 315 0
544 321 0
538 329 0
535 340 0
535 347 0
538 350 0
544 352 0
553 350 0
560 345 0
566 335 0
572 325 0
576 319 0
577 317 0
580 315 0
579 321 0
582 334 0
588 343 0
593 346 0
600 347 0
607 347 0
614 346 0
617 346 0
622 347 0
625 350 0
628 352 0
628 348 0
627 337 0
627 329 0
631 319 0
636 315 0
642 312 1
673 315 0
673 320 0
673 330 0
673 340 0
673 348 0
672 354 0
672 356 0
670 347 0
669 338 0
669 332 0
670 329 0
674 327 0
682 329 0
691 330 0
708 332 1
758 330 0
748 330 0
738 330 0
731 332 0
724 338 0
720 346 0
717 358 0
717 365 0
727 367 0
735 363 0
740 359 0
746 353 0
749 349 0
751 346 0
754 346 0
755 351 0
764 360 0
775 364 0
791 368 1
823 318 0
819 318 0
813 319 0
801 328 0
794 336 0
788 344 0
787 352 0
789 360 0
791 364 0
799 366 1
849 266 0
849 271 0
848 283 0
847 300 0
846 325 0
844 343 0
842 359 0
842 366 0
842 369 1
894 325 0
892 328 0
883 331 0
872 335 0
864 339 0
860 342 0
857 345 0
859 349 0
869 357 0
880 364 0
895 374 1
943 319 0
935 320 0
928 323 0
925 325 0
919 329 0
918 334 0
921 339 0
929 348 0
934 355 0
936 361 0
937 364 0
928 368 0
920 369 0
916 369 1
