one
536 306 0
529 307 0
519 310 0
510 319 0
504 331 0
499 346 0
506 356 0
517 357 0
529 352 0
538 346 0
542 338 0
543 333 0
541 328 0
540 324 0
539 321 0
536 317 0
553 317 0
567 316 0
576 316 0
579 316 0
584 317 0
587 319 0
590 325 0
589 331 0
590 337 0
591 341 0
594 343 0
596 343 0
604 340 0
616 330 0
620 328 0
624 327 0
628 329 0
631 335 0
637 342 0
651 349 0
674 352 0
700 345 0
714 336 0
725 326 0
729 320 0
728 313 0
726 306 0
720 303 0
708 306 0
696 315 0
686 330 0
682 342 0
686 350 0
713 353 0
744 352 0
759 352 1
