fort
495 345 0
498 345 0
509 336 0
523 320 0
530 310 0
536 300 0
540 286 0
538 263 0
536 257 0
532 254 0
522 258 0
514 270 0
506 295 0
501 322 0
500 356 0
501 387 0
503 407 0
505 416 0
506 420 0
507 423 0
508 410 0
508 399 0
510 386 0
515 374 0
520 368 0
530 361 0
549 351 0
561 345 0
572 340 0
577 338 0
580 336 0
584 334 0
580 340 0
576 349 0
572 360 0
572 370 0
574 376 0
577 378 0
584 375 0
592 366 0
596 356 0
596 349 0
595 342 0
593 337 0
590 333 0
602 339 0
613 339 0
623 339 0
632 341 0
636 343 0
638 346 0
641 353 0
644 364 0
644 371 0
645 374 0
645 368 0
644 352 0
644 342 0
645 339 0
651 336 0
660 333 0
672 329 0
687 322 0
693 320 1
709 254 0
710 257 0
710 263 0
710 274 0
710 300 0
708 327 0
708 343 0
707 360 0
706 370 0
706 376 0
703 370 0
701 365 0
699 360 0
699 358 0
698 355 0
705 351 0
718 347 0
740 340 1
