rangers
393 278 0
397 285 0
398 294 0
401 311 0
401 323 0
402 330 0
402 334 0
401 315 0
401 304 0
401 298 0
403 295 0
420 289 0
439 285 0
454 281 0
458 280 1
503 299 0
496 296 0
485 294 0
470 292 0
460 294 0
449 297 0
441 303 0
435 308 0
435 315 0
436 319 0
444 323 0
459 320 0
465 318 0
474 311 0
483 301 0
487 296 0
489 293 0
493 297 0
497 303 0
500 306 0
504 309 0
510 310 0
518 309 0
524 306 0
532 299 0
534 297 0
539 300 0
541 303 0
549 305 0
560 300 0
568 296 0
573 294 0
580 293 0
583 295 0
590 301 0
597 306 0
602 309 1
687 278 0
679 278 0
668 278 0
656 280 0
648 283 0
642 288 0
639 292 0
639 295 0
645 297 0
654 297 0
666 291 0
673 287 0
677 284 0
681 284 0
685 292 0
690 303 0
697 329 0
703 355 0
702 368 0
698 375 0
688 382 0
674 384 0
662 380 0
654 373 0
649 364 0
653 357 0
664 345 0
684 332 0
707 320 0
728 308 0
741 298 0
750 287 0
754 280 0
754 274 0
753 270 0
745 277 0
741 290 0
740 299 0
743 307 0
746 310 0
757 310 0
765 310 0
771 310 0
779 311 0
782 312 0
784 313 0
787 315 0
791 317 0
791 302 0
793 288 0
795 279 0
796 272 0
802 271 0
805 270 1
891 245 0
884 248 0
870 255 0
855 264 0
847 271 0
844 280 0
847 287 0
853 294 0
859 300 0
863 306 0
865 310 0
864 312 0
856 315 0
847 318 0
822 323 1
