from
519 343 0
522 344 0
528 341 0
539 329 0
553 309 0
560 296 0
559 292 0
558 280 0
553 271 0
548 267 0
544 265 0
542 275 0
535 311 0
533 351 0
533 370 0
532 396 0
532 409 0
532 418 0
532 422 0
533 425 0
532 411 0
533 397 0
538 381 0
545 371 0
553 366 0
561 363 0
568 362 0
574 363 0
577 366 0
582 372 0
585 381 0
587 384 0
588 378 0
587 370 0
586 367 0
587 363 0
588 360 0
593 355 0
602 353 0
611 351 0
620 349 0
629 347 0
635 346 0
638 346 0
641 346 0
644 346 0
646 351 0
646 359 0
646 369 0
646 378 0
646 381 0
651 383 0
661 374 0
664 365 0
664 358 0
661 350 0
658 343 0
656 339 0
654 336 0
663 337 0
671 337 0
678 338 0
686 338 0
690 338 0
694 339 0
698 345 0
701 352 0
705 359 0
706 364 0
710 368 0
715 366 0
723 360 0
727 355 0
742 340 0
747 338 0
749 337 0
752 344 0
754 350 0
757 356 0
764 359 0
774 358 0
789 355 0
798 351 0
803 349 0
808 347 0
811 347 0
816 350 0
820 357 0
826 363 0
832 369 0
840 370 1
