sent
532 321 0
525 321 0
514 323 0
507 327 0
504 333 0
510 339 0
519 347 0
534 362 0
540 371 0
540 375 0
538 381 0
535 386 0
526 389 0
516 391 0
509 391 1
580 357 0
583 359 0
591 356 0
601 350 0
606 344 0
607 338 0
606 333 0
603 329 0
597 327 0
590 330 0
584 336 0
579 349 0
578 362 0
580 371 0
586 378 0
595 380 0
610 372 0
623 360 0
628 353 0
632 349 0
636 351 0
637 353 0
641 364 0
642 367 0
646 372 0
649 372 0
658 368 0
666 367 0
670 367 0
673 368 0
677 371 0
679 373 0
684 378 0
690 380 0
702 378 0
721 371 0
738 363 1
723 242 0
723 246 0
724 261 0
727 307 0
729 342 0
730 355 0
731 363 0
732 367 0
733 372 0
734 374 0
732 363 0
730 357 0
729 353 0
728 348 0
748 344 0
767 338 0
772 337 1
