cum
500 302 0
496 301 0
488 303 0
477 307 0
468 314 0
461 324 0
458 336 0
456 346 0
463 354 0
473 359 0
485 357 0
500 350 0
512 339 0
520 330 0
525 323 0
527 320 0
530 317 0
533 315 0
533 332 0
536 344 0
543 350 0
552 351 0
563 350 0
574 343 0
582 334 0
585 329 0
587 324 0
588 322 0
591 321 0
591 328 0
592 336 0
595 340 0
602 343 0
614 340 0
624 333 0
629 327 0
633 323 0
636 320 0
639 324 0
638 335 0
638 340 0
639 345 0
641 347 0
644 347 0
649 340 0
656 331 0
659 327 0
664 322 0
666 323 0
671 326 0
674 332 0
677 339 0
679 343 0
681 345 0
684 343 0
693 337 0
703 331 0
706 330 0
711 330 0
714 333 0
719 338 0
724 343 1
