will
490 298 0
492 304 0
493 315 0
497 328 0
502 340 0
510 345 0
518 345 0
529 339 0
538 334 0
543 331 0
547 331 0
550 333 0
554 336 0
559 340 0
567 343 0
575 341 0
581 335 0
585 331 0
588 325 0
588 323 0
590 319 0
592 312 0
595 308 0
597 306 0
602 307 0
609 307 0
615 307 0
621 305 0
624 304 0
627 303 0
629 304 0
632 305 0
637 316 0
642 326 0
651 336 0
661 338 0
681 332 0
701 318 0
713 303 0
726 278 0
730 258 0
732 254 0
731 245 0
729 241 0
722 245 0
711 264 0
701 291 0
700 311 0
703 328 0
710 333 0
726 334 0
748 324 0
765 307 0
779 279 0
787 252 0
791 238 0
791 236 0
785 245 0
774 272 0
768 293 0
767 304 0
774 315 0
786 323 0
801 335 1
647 235 0
642 239 1
