best
475 278 0
477 282 0
479 293 0
484 315 0
487 332 0
490 341 0
491 345 0
492 348 0
496 345 0
505 342 0
516 338 0
526 338 0
536 340 0
543 344 0
546 352 0
544 362 0
538 374 0
530 383 0
517 388 0
508 387 1
574 342 0
578 345 0
586 341 0
590 336 0
589 332 0
586 327 0
582 325 0
578 325 0
575 326 0
570 337 0
569 347 0
571 358 0
579 364 0
591 365 0
608 365 0
614 365 1
656 305 0
650 310 0
643 319 0
637 327 0
634 333 0
634 336 0
642 342 0
654 349 0
664 356 0
668 360 0
669 366 0
664 371 0
654 375 0
641 377 0
636 375 1
694 257 0
694 261 0
694 271 0
694 294 0
694 322 0
693 348 0
693 365 0
693 369 0
693 373 0
694 376 0
690 366 0
686 347 0
684 337 0
683 334 0
684 332 0
687 334 0
693 334 1
