you
520 281 0
520 285 0
520 295 0
521 306 0
524 315 0
536 318 0
543 316 0
550 312 0
556 307 0
559 304 0
563 302 0
566 307 0
570 322 0
575 349 0
576 367 0
573 380 0
568 393 0
562 401 0
552 404 0
543 401 0
537 393 0
537 382 0
546 362 0
564 336 0
587 316 0
609 301 0
623 293 0
627 292 0
632 290 0
631 296 0
630 302 0
630 308 0
632 314 0
636 313 0
640 310 0
642 307 0
644 304 0
644 299 0
643 296 0
641 293 0
640 289 0
646 290 0
661 288 0
672 284 0
679 282 0
683 281 0
686 281 0
688 281 0
689 285 0
690 291 0
691 298 0
694 304 0
700 310 0
710 311 0
721 306 0
732 295 0
736 291 0
740 289 0
743 295 0
748 301 0
759 306 0
774 313 0
783 316 1
