you
510 313 0
508 322 0
508 330 0
512 339 0
519 344 0
528 345 0
537 342 0
545 338 0
550 334 0
554 333 0
558 332 0
562 347 0
565 367 0
558 403 0
545 429 0
536 441 0
531 442 0
523 437 0
521 430 0
525 415 0
543 391 0
566 370 0
589 353 0
611 337 0
621 329 0
624 328 0
625 331 0
624 339 0
626 351 0
633 361 0
644 365 0
658 363 0
667 356 0
669 349 0
666 339 0
655 329 0
646 323 0
643 321 0
661 320 0
681 318 0
704 315 0
714 314 0
718 314 0
720 314 0
722 322 0
724 337 0
726 354 0
731 364 0
737 366 0
746 363 0
759 355 0
769 343 0
774 336 0
776 333 0
778 332 0
780 339 0
795 356 0
805 364 0
815 372 1
