october
320 302 0
312 305 0
301 307 0
291 311 0
282 318 0
276 327 0
273 339 0
274 350 0
280 357 0
287 357 0
300 351 0
315 339 0
320 330 0
322 324 0
323 317 0
323 314 0
327 315 0
335 315 0
347 315 0
358 315 0
367 314 0
375 313 0
378 313 0
383 312 0
371 319 0
362 324 0
357 328 0
355 334 0
357 341 0
364 347 0
377 348 0
403 340 0
423 333 1
441 241 0
441 247 0
441 258 0
441 286 0
443 304 0
443 319 0
444 330 0
446 336 0
446 339 0
440 330 0
437 326 0
438 322 0
449 318 0
457 316 0
463 314 0
469 315 0
471 315 0
474 315 0
473 321 0
475 327 0
479 332 0
486 335 0
494 334 0
502 328 0
506 324 0
507 317 0
504 310 0
500 302 0
496 299 0
493 301 1
542 240 0
540 245 0
539 251 0
538 255 0
533 285 0
532 302 0
530 308 0
531 312 0
539 312 0
545 311 0
553 309 0
558 310 0
562 311 0
560 322 0
554 330 0
545 337 0
534 342 0
530 344 0
528 342 1
592 303 0
595 306 0
598 309 0
598 305 0
593 301 0
587 303 0
584 309 0
583 320 0
585 329 0
590 335 0
600 337 0
615 336 0
629 332 0
638 330 0
645 330 0
650 331 0
652 332 0
652 328 0
652 322 0
653 320 0
662 307 0
671 298 0
674 297 1
