place
404 292 0
408 299 0
409 304 0
411 325 0
412 350 0
412 367 0
411 374 0
411 380 0
410 383 0
406 365 0
405 337 0
406 312 0
411 295 0
418 286 0
430 277 0
444 275 0
456 277 0
460 279 0
464 287 0
462 298 0
458 309 0
447 316 0
431 316 0
417 310 0
409 304 0
393 290 1
473 226 0
477 229 0
479 238 0
480 255 0
479 284 0
479 292 0
481 302 0
486 315 0
493 319 1
559 286 0
555 283 0
549 281 0
540 282 0
531 287 0
519 297 0
516 303 0
517 309 0
518 312 0
526 315 0
535 314 0
545 309 0
554 301 0
558 295 0
561 293 0
563 297 0
565 301 0
567 304 0
572 308 0
582 313 1
635 276 0
629 278 0
623 282 0
619 286 0
615 293 0
613 302 0
616 313 0
631 321 0
659 318 0
675 313 0
683 307 0
688 297 0
689 289 0
687 282 0
682 280 0
676 281 0
668 291 0
661 302 0
659 318 0
666 327 0
702 331 0
722 333 0
725 333 1
