which
432 303 0
432 319 0
436 337 0
444 350 0
457 353 0
473 351 0
483 347 0
488 344 0
493 342 0
496 342 0
499 344 0
504 347 0
510 348 0
514 349 0
518 348 0
522 342 0
524 336 0
525 330 0
525 325 0
525 322 0
529 319 0
539 317 0
547 314 0
563 307 1
555 239 0
558 243 0
559 252 0
561 272 0
561 284 0
562 296 0
565 314 0
568 324 0
570 327 0
571 330 0
576 329 0
582 322 0
586 318 0
588 316 0
592 317 0
595 321 0
602 328 0
611 331 0
619 331 0
630 326 0
640 321 0
644 319 0
648 317 0
651 316 0
656 321 0
660 326 0
664 330 0
669 333 1
732 305 0
724 306 0
720 308 0
715 316 0
710 326 0
711 334 0
715 339 0
725 338 0
749 324 0
770 303 0
783 275 0
788 250 0
790 238 0
789 235 0
789 233 0
785 239 0
776 267 0
772 312 0
776 324 0
780 327 0
785 329 0
793 326 0
803 322 0
809 322 0
813 323 0
819 326 0
822 329 0
826 332 1
667 235 0
665 238 1
