the
536 237 0
533 248 0
529 267 0
522 292 0
521 306 0
521 321 0
523 332 0
528 340 0
536 345 0
546 347 0
550 347 0
553 345 1
501 295 0
504 299 0
507 300 0
515 301 0
527 300 0
544 296 0
553 293 0
567 287 1
593 240 0
592 245 0
591 255 0
587 281 0
583 305 0
583 314 0
583 318 0
583 320 0
587 318 0
595 315 0
615 303 0
626 294 0
632 291 0
634 294 0
635 300 0
637 309 0
641 319 0
649 326 0
660 325 0
671 321 0
686 313 0
698 303 0
703 295 0
703 289 0
701 285 0
696 284 0
691 287 0
682 296 0
681 311 0
688 320 0
709 323 0
734 326 0
736 326 1
