they
547 233 0
547 236 0
546 245 0
541 267 0
538 295 0
537 320 0
539 342 0
542 355 0
548 366 0
555 371 0
563 372 0
570 368 1
534 301 0
537 304 0
543 305 0
558 304 0
572 299 0
591 290 1
598 247 0
598 251 0
600 257 0
603 272 0
606 292 0
608 318 0
608 333 0
608 341 0
609 345 0
610 348 0
613 348 0
617 346 0
626 338 0
632 332 0
640 331 0
644 335 0
653 344 0
666 353 0
673 355 0
686 350 0
704 336 0
712 325 0
713 318 0
711 311 0
709 307 0
704 304 0
699 304 0
695 313 0
691 325 0
687 341 0
687 350 0
693 353 0
702 354 0
712 349 0
724 339 0
733 325 0
734 321 0
737 325 0
740 332 0
744 340 0
748 345 0
753 347 0
759 346 0
766 340 0
772 332 0
775 328 0
777 325 0
780 324 0
782 335 0
784 353 0
787 381 0
785 402 0
780 415 0
773 425 0
763 428 0
749 426 0
739 419 0
737 416 0
743 406 0
785 371 0
807 351 1
