for
515 318 0
532 309 0
569 275 0
585 251 0
590 241 0
591 233 0
591 227 0
587 228 0
580 243 0
567 275 0
559 305 0
557 323 0
556 344 0
554 360 0
553 376 0
551 395 0
551 402 0
546 395 0
542 384 0
539 368 0
538 352 0
538 338 0
541 334 0
553 329 0
577 323 0
594 318 0
602 317 0
606 316 0
609 316 0
611 316 0
610 319 0
605 327 0
604 333 0
604 336 0
608 337 0
612 337 0
616 334 0
621 330 0
621 326 0
620 324 0
619 321 0
618 316 0
620 312 0
629 310 0
646 308 0
660 308 0
670 309 0
676 311 0
679 315 0
682 325 0
684 332 0
685 337 0
686 341 0
686 335 0
684 325 0
684 317 0
692 310 0
701 309 0
711 308 0
729 305 1
