cattle
501 330 0
490 333 0
482 339 0
470 354 0
460 379 0
459 390 0
461 398 0
469 402 0
490 398 0
516 387 0
529 380 0
542 372 1
576 353 0
569 351 0
564 350 0
558 349 0
551 351 0
544 358 0
537 379 0
535 389 0
537 392 0
542 392 0
550 387 0
560 375 0
566 366 0
567 362 0
569 358 0
573 365 0
576 374 0
582 382 0
592 386 0
601 383 0
609 380 0
625 371 1
643 262 0
643 266 0
644 282 0
644 321 0
644 344 0
641 360 0
639 372 0
639 376 0
637 380 0
633 377 0
629 371 0
627 365 0
626 362 0
626 359 0
630 355 0
639 354 0
652 351 0
669 345 0
674 343 1
688 273 0
688 277 0
688 286 0
687 301 0
686 320 0
684 343 0
681 356 0
679 364 0
678 370 0
678 373 0
678 375 0
677 370 0
676 364 0
675 362 0
675 359 0
685 357 0
694 356 0
708 350 0
728 335 0
741 318 0
746 289 0
747 278 0
746 274 0
741 278 0
734 292 0
724 319 0
721 345 0
722 359 0
725 366 0
731 371 0
737 373 0
745 370 0
754 362 0
759 351 0
761 343 0
762 339 0
761 335 0
758 345 0
756 355 0
757 367 0
762 375 0
774 378 0
789 380 0
798 380 1
