fort
469 350 0
482 346 0
501 334 0
521 315 0
536 293 0
544 273 0
541 267 0
537 266 0
530 274 0
513 314 0
508 353 0
510 382 0
511 408 0
513 423 0
515 432 0
515 435 0
514 411 0
515 393 0
517 379 0
520 373 0
525 368 0
535 361 0
556 351 0
572 344 0
580 341 0
584 340 0
587 339 0
588 342 0
586 346 0
582 356 0
581 359 0
579 368 0
580 375 0
586 372 0
588 364 0
589 354 0
587 344 0
586 341 0
584 338 0
595 345 0
607 345 0
619 345 0
627 346 0
634 349 0
637 353 0
639 361 0
641 370 0
642 376 0
644 380 0
647 374 0
649 363 0
650 356 0
651 353 0
654 352 0
659 350 0
669 346 0
682 339 0
690 334 0
701 325 1
721 259 0
721 263 0
721 272 0
719 292 0
720 319 0
719 346 0
720 364 0
721 375 0
722 379 0
721 383 0
718 377 0
714 370 0
711 364 0
709 360 0
711 356 0
715 354 0
735 348 0
751 343 0
766 338 1
