you
550 293 0
552 297 0
554 306 0
557 316 0
563 324 0
568 328 0
577 329 0
583 327 0
588 325 0
593 320 0
596 317 0
598 316 0
601 318 0
602 326 0
603 360 0
598 406 0
597 414 0
592 418 0
585 422 0
576 421 0
570 413 0
568 394 0
575 369 0
591 346 0
611 331 0
625 324 0
636 320 0
645 317 0
649 316 0
652 315 0
650 320 0
649 325 0
651 330 0
656 336 0
666 338 0
678 336 0
685 329 0
685 323 0
673 313 0
659 304 0
655 303 0
652 301 0
665 303 0
682 303 0
701 299 0
709 299 0
717 299 0
723 299 0
727 299 0
729 299 0
733 301 0
738 316 0
742 323 0
749 326 0
762 324 0
773 317 0
782 311 0
786 309 0
790 309 0
803 323 0
823 330 0
841 335 0
845 336 1
