you
469 298 0
469 302 0
470 312 0
472 323 0
477 328 0
483 328 0
491 324 0
502 317 0
508 312 0
512 309 0
515 308 0
519 310 0
523 320 0
528 342 0
531 365 0
532 377 0
531 386 0
529 390 0
515 407 0
507 410 0
504 408 0
503 404 0
506 394 0
517 370 0
529 353 0
543 341 0
556 330 0
562 324 0
566 321 0
569 318 0
570 322 0
571 328 0
573 332 0
578 336 0
582 335 0
585 331 0
586 327 0
582 320 0
581 317 0
579 313 0
576 308 0
575 306 0
580 308 0
587 309 0
596 308 0
605 307 0
612 305 0
615 304 0
620 304 0
622 304 0
624 309 0
628 318 0
630 324 0
636 328 0
641 329 0
648 325 0
655 319 0
659 316 0
661 313 0
664 312 0
668 316 0
674 322 0
677 323 1
