here
475 250 0
478 253 0
480 282 0
481 310 0
479 329 0
478 347 0
478 361 0
478 367 0
479 369 0
488 365 0
499 355 0
507 349 0
514 344 0
520 343 0
524 345 0
527 346 0
530 355 0
535 366 0
544 375 0
568 380 0
594 378 0
620 366 0
637 351 0
642 344 0
644 337 0
643 332 0
632 333 0
614 343 0
606 352 0
603 360 0
604 368 0
612 373 0
627 374 0
649 365 0
665 355 0
672 350 0
677 348 0
680 349 0
681 351 0
682 357 0
683 364 0
681 373 0
680 377 0
678 381 0
683 360 0
686 353 0
688 349 0
693 345 0
699 344 0
714 346 0
723 346 0
731 344 0
738 341 0
743 337 0
747 332 0
748 329 0
748 326 0
746 324 0
740 330 0
735 339 0
732 350 0
733 360 0
740 368 0
755 371 0
778 377 1
