must
455 308 0
455 312 0
457 324 0
459 347 0
460 357 0
462 360 0
463 363 0
471 351 0
481 337 0
485 332 0
487 330 0
490 333 0
494 338 0
499 349 0
504 359 0
511 362 0
517 361 0
525 356 0
538 344 0
544 340 0
549 338 0
552 342 0
559 350 0
565 350 0
575 346 0
586 340 0
591 336 0
595 333 0
598 332 0
601 336 0
604 342 0
614 347 0
624 348 0
634 346 0
642 340 0
652 330 0
654 327 0
658 324 0
662 331 0
666 338 0
673 346 0
680 350 0
685 352 1
756 300 0
750 303 0
745 306 0
741 308 0
740 312 0
741 319 0
744 330 0
751 346 0
754 355 0
754 361 0
753 365 0
747 364 0
734 358 0
722 351 0
704 341 1
798 232 0
798 246 0
799 286 0
801 314 0
801 336 0
801 350 0
801 357 0
797 346 0
792 332 0
790 325 0
789 322 0
796 321 0
816 320 0
835 319 0
843 318 1
