the
531 237 0
530 248 0
526 273 0
521 303 0
518 328 0
518 351 0
519 373 0
523 381 0
529 384 0
541 383 0
560 374 0
580 364 1
496 327 0
505 331 0
516 332 0
536 327 0
552 319 0
565 310 0
568 308 1
586 248 0
588 252 0
589 263 0
589 285 0
589 311 0
587 329 0
586 338 0
586 345 0
586 348 0
586 353 0
589 352 0
594 350 0
600 348 0
605 347 0
610 349 0
620 355 0
634 363 0
658 368 0
668 365 0
678 360 0
687 348 0
689 338 0
687 331 0
684 328 0
679 326 0
669 338 0
664 352 0
663 364 0
666 372 0
681 374 0
722 368 0
739 365 1
