you
499 303 0
500 311 0
503 320 0
507 329 0
515 335 0
523 332 0
536 325 0
541 321 0
545 318 0
548 317 0
550 317 0
553 327 0
557 342 0
559 357 0
560 372 0
559 385 0
552 395 0
544 402 0
537 404 0
530 404 0
524 402 0
525 391 0
536 371 0
551 352 0
559 343 0
568 335 0
575 329 0
581 325 0
585 322 0
588 321 0
591 323 0
595 327 0
599 330 0
603 331 0
608 327 0
611 323 0
612 318 0
610 312 0
603 303 0
600 301 0
603 302 0
611 304 0
623 304 0
635 302 0
645 299 0
651 297 0
655 295 0
659 296 0
661 304 0
664 313 0
666 319 0
667 322 0
670 325 0
675 325 0
680 323 0
684 322 0
689 318 0
695 316 0
698 317 0
705 324 0
722 328 0
740 330 0
747 331 1
