the
495 244 0
495 250 0
493 263 0
487 290 0
485 314 0
482 330 0
485 347 0
487 356 0
496 364 0
512 365 0
530 364 0
544 362 1
455 312 0
458 314 0
467 317 0
493 316 0
508 314 0
525 312 1
570 253 0
570 257 0
570 260 0
570 265 0
569 274 0
566 291 0
566 310 0
564 329 0
565 335 0
567 339 0
571 342 0
575 343 0
580 342 0
584 341 0
586 342 0
589 342 0
595 345 0
609 348 0
636 347 0
659 340 0
669 332 0
677 324 0
681 315 0
681 313 0
675 313 0
667 314 0
659 320 0
652 332 0
658 348 0
672 352 0
688 355 0
703 358 1
