deliver
556 353 0
546 348 0
535 345 0
524 347 0
511 355 0
496 371 0
490 385 0
491 393 0
497 396 0
510 394 0
536 380 0
554 360 0
563 342 0
569 319 0
571 307 0
572 300 0
573 293 0
574 289 0
573 285 0
572 295 0
569 319 0
568 333 0
570 353 0
579 379 0
593 395 0
600 393 0
612 389 0
629 374 0
634 366 0
635 358 0
634 352 0
632 350 0
626 356 0
623 365 0
623 374 0
627 382 0
634 387 0
648 385 0
669 375 0
689 357 0
702 333 0
711 310 0
711 295 0
709 289 0
705 284 0
695 288 0
684 308 0
675 358 0
676 378 0
679 383 0
689 386 0
703 385 0
714 377 0
724 367 0
727 363 0
731 359 0
736 370 0
739 376 0
746 381 0
751 384 1
771 349 0
773 357 0
777 365 0
780 370 0
784 375 0
788 377 0
791 374 0
798 366 0
808 353 0
812 346 1
835 345 0
841 350 0
848 353 0
858 354 0
867 350 0
872 346 0
874 340 0
872 338 0
865 340 0
856 354 0
851 368 0
851 371 0
854 375 0
864 378 0
875 378 0
888 377 0
896 376 0
902 376 0
904 377 0
907 379 0
910 381 0
914 375 0
917 361 0
921 340 0
924 331 0
928 330 0
933 329 0
938 329 1
778 272 0
772 278 1
