necessaries
256 273 0
257 276 0
262 294 0
266 315 0
270 328 0
272 334 0
273 338 0
277 340 0
286 332 0
299 321 0
311 312 0
320 306 0
325 305 0
328 305 0
331 306 0
334 316 0
339 325 0
347 331 0
358 334 0
373 327 0
390 315 0
399 298 0
400 292 0
398 288 0
392 286 0
387 291 0
381 298 0
377 308 0
378 316 0
383 324 0
400 327 0
414 328 0
430 329 1
493 263 0
488 265 0
480 269 0
467 277 0
459 286 0
450 296 0
446 303 0
446 309 0
448 316 0
455 319 0
480 316 0
498 313 0
506 312 1
526 289 0
530 291 0
540 288 0
547 283 0
551 279 0
554 273 0
554 269 0
546 267 0
539 270 0
533 277 0
528 286 0
526 294 0
527 300 0
536 304 0
548 307 0
566 310 1
624 248 0
617 251 0
609 256 0
601 262 0
596 267 0
598 272 0
601 278 0
608 284 0
618 289 0
622 292 0
626 295 0
622 301 0
617 306 0
614 308 1
676 263 0
666 270 0
657 276 0
654 280 0
654 285 0
661 288 0
669 293 0
676 297 0
680 301 0
680 305 0
672 314 0
668 317 1
756 280 0
750 279 0
742 279 0
734 280 0
727 284 0
718 292 0
713 297 0
712 302 0
713 305 0
716 307 0
723 307 0
735 303 0
745 296 0
754 288 0
757 286 0
760 283 0
762 286 0
769 295 0
784 302 0
796 304 0
807 303 0
811 302 0
815 302 0
820 307 0
822 311 0
824 295 0
826 289 0
830 284 0
835 282 0
841 281 0
847 281 0
854 283 0
859 284 0
862 285 0
864 287 0
868 287 0
871 287 0
872 290 0
869 296 0
868 301 0
871 308 0
872 312 0
877 314 0
887 314 0
899 312 0
910 310 0
919 305 0
924 299 0
927 292 0
928 285 0
929 282 0
929 278 0
927 276 0
918 292 0
917 304 0
919 313 0
927 317 0
946 315 0
959 313 0
973 310 1
1010 260 0
1007 262 0
1004 266 0
1007 278 0
1010 286 0
1010 288 0
1011 293 0
1008 300 0
1001 305 0
998 307 1
873 213 0
870 217 1
