sent
516 309 0
513 310 0
507 314 0
502 321 0
501 325 0
504 334 0
509 340 0
512 343 0
515 348 0
516 356 0
513 364 0
507 371 0
498 375 0
493 376 1
541 339 0
545 343 0
549 342 0
555 339 0
559 335 0
562 330 0
562 327 0
560 323 0
557 320 0
554 319 0
549 321 0
544 330 0
542 345 0
547 357 0
553 361 0
559 360 0
568 357 0
578 349 0
586 341 0
592 335 0
593 333 0
596 333 0
596 337 0
598 344 0
599 351 0
602 355 0
606 356 0
613 354 0
622 351 0
630 348 0
634 347 0
638 347 0
641 349 0
643 353 0
652 359 0
664 361 0
681 363 1
680 257 0
682 271 0
685 289 0
687 315 0
688 339 0
690 355 0
692 369 0
693 375 0
694 377 0
690 368 0
685 359 0
683 354 0
680 348 0
679 344 0
697 342 0
719 337 1
