nition
407 315 0
412 324 0
414 336 0
416 352 0
419 366 0
421 371 0
422 376 0
423 380 0
430 372 0
445 353 0
451 345 0
455 343 0
458 345 0
462 352 0
468 366 0
471 371 0
477 374 0
484 371 0
500 359 0
510 350 0
516 346 0
519 344 0
523 348 0
526 354 0
529 360 0
536 364 0
547 363 0
558 358 0
565 356 0
578 348 1
584 240 0
585 249 0
587 270 0
590 299 0
590 326 0
592 345 0
593 358 0
593 365 0
593 369 0
593 371 0
590 364 0
589 356 0
591 350 0
593 346 0
596 341 0
602 335 0
609 332 0
616 330 0
622 330 0
629 334 0
632 337 0
635 342 0
638 347 0
640 349 1
630 258 0
623 255 0
619 253 0
616 255 1
700 316 0
697 317 0
694 320 0
690 326 0
687 335 0
687 341 0
688 345 0
689 348 0
694 349 0
701 346 0
707 341 0
709 333 0
708 327 0
707 323 0
706 320 0
710 315 0
720 314 0
727 313 0
733 312 0
741 311 0
747 310 0
752 310 0
755 312 0
757 315 0
760 323 0
765 333 0
771 338 0
778 339 0
787 335 0
804 324 0
809 322 0
813 321 0
819 329 0
826 340 0
832 348 0
841 361 1
529 245 0
524 249 0
521 255 1
