they
479 240 0
480 245 0
476 258 0
470 283 0
465 301 0
462 316 0
463 330 0
468 344 0
483 355 0
497 356 0
516 358 1
444 310 0
460 313 0
484 312 0
500 311 0
508 310 1
560 248 0
560 252 0
555 274 0
552 286 0
548 298 0
545 320 0
544 331 0
545 334 0
553 334 0
564 328 0
576 323 0
583 320 0
590 319 0
594 318 0
596 319 0
598 322 0
604 329 0
614 336 0
626 340 0
639 338 0
649 332 0
655 325 0
657 322 0
657 319 0
655 315 0
652 313 0
648 313 0
645 317 0
645 326 0
650 332 0
658 333 0
668 331 0
677 325 0
684 320 0
688 318 0
695 325 0
712 330 0
727 326 0
735 321 0
738 320 0
741 319 0
745 318 0
747 330 0
748 353 0
746 377 0
745 388 0
739 396 0
723 407 0
704 412 0
701 406 0
704 392 0
731 350 0
747 327 0
752 320 1
