here
481 254 0
483 272 0
484 302 0
484 326 0
486 341 0
487 352 0
489 355 0
494 353 0
504 345 0
522 327 0
528 323 0
535 324 0
540 330 0
547 341 0
561 355 0
580 355 0
605 347 0
622 333 0
628 325 0
633 317 0
634 309 0
632 303 0
628 302 0
625 303 0
621 307 0
617 318 0
616 327 0
619 333 0
628 341 0
639 344 0
653 340 0
664 331 0
669 326 0
674 322 0
678 331 0
679 338 0
680 346 0
680 348 0
679 335 0
678 328 0
678 322 0
678 318 0
684 320 0
691 323 0
702 327 0
715 329 0
730 325 0
743 322 0
748 317 0
753 312 0
753 309 0
747 310 0
742 314 0
732 326 0
728 339 0
729 354 0
740 364 0
764 367 0
785 369 0
789 369 1
