engage
389 332 0
396 334 0
415 329 0
435 318 0
444 311 0
447 303 0
447 296 0
442 290 0
432 287 0
422 288 0
411 294 0
402 307 0
396 330 0
397 356 0
402 366 0
410 369 0
427 363 0
446 349 0
462 330 0
469 321 0
472 317 0
475 314 0
477 314 0
479 322 0
479 325 0
481 330 0
486 334 0
492 334 0
500 330 0
507 326 0
514 324 0
521 326 0
525 331 0
531 336 0
539 339 0
548 340 0
571 340 1
615 296 0
611 296 0
603 298 0
594 303 0
584 313 0
579 321 0
577 323 0
581 328 0
586 326 0
593 323 0
602 316 0
605 313 0
610 310 0
613 310 0
618 316 0
626 342 0
630 368 0
629 386 0
625 399 0
618 408 0
609 413 0
599 416 0
593 413 0
592 406 0
597 390 0
621 356 0
646 332 0
655 322 1
701 303 0
694 304 0
689 304 0
682 306 0
679 309 0
678 315 0
677 319 0
677 324 0
683 321 0
687 319 0
690 318 0
693 316 0
695 316 0
699 319 0
705 325 0
711 329 0
714 329 1
781 301 0
778 299 0
770 297 0
764 298 0
757 300 0
752 302 0
749 309 0
749 315 0
750 319 0
752 324 0
755 327 0
761 334 0
765 343 0
768 363 0
766 384 0
761 405 0
756 415 0
750 422 0
744 423 0
742 414 0
748 399 0
766 376 0
787 355 0
809 333 0
825 317 0
832 307 0
834 299 0
835 296 0
833 291 0
826 295 0
818 303 0
812 315 0
809 327 0
812 336 0
828 338 0
845 338 0
861 338 1
