berland
404 258 0
405 266 0
404 281 0
403 297 0
401 314 0
399 324 0
399 327 0
400 330 0
411 320 0
419 316 0
437 315 0
449 322 0
455 328 0
456 335 0
454 343 0
448 351 0
435 358 0
428 358 0
418 349 0
416 341 0
416 338 1
469 323 0
473 325 0
479 327 0
486 327 0
495 326 0
505 322 0
511 319 0
514 314 0
514 310 0
511 307 0
504 306 0
493 312 0
483 324 0
479 331 0
479 338 0
483 344 0
491 345 0
505 344 0
520 340 0
534 337 0
542 336 0
547 336 0
549 337 0
552 341 0
553 345 0
555 348 0
557 340 0
557 330 0
557 322 0
558 317 0
558 314 0
561 314 0
568 315 0
582 314 0
597 312 0
606 307 0
616 295 0
619 287 0
621 279 0
619 269 0
617 264 0
615 261 0
611 278 0
604 301 0
601 318 0
601 326 0
605 333 0
613 336 0
627 335 0
650 327 0
666 317 0
677 313 0
683 310 0
687 310 0
689 312 0
685 314 0
678 313 0
674 313 0
671 312 0
666 313 0
661 314 0
657 321 0
655 327 0
655 334 0
658 337 0
663 339 0
668 338 0
673 334 0
676 331 0
678 328 0
681 324 0
684 322 0
687 329 0
697 335 0
708 336 0
718 330 0
725 325 0
729 321 0
732 319 0
736 318 0
738 323 0
740 327 0
743 328 0
746 328 0
750 327 0
753 326 0
759 324 0
764 328 0
769 332 0
775 335 0
780 337 1
851 311 0
843 309 0
831 308 0
820 310 0
811 313 0
806 318 0
803 325 0
803 331 0
806 336 0
811 337 0
819 333 0
827 324 0
833 308 0
840 284 0
844 271 0
847 261 0
849 255 0
850 252 0
849 258 0
845 283 0
845 310 0
850 327 0
859 335 0
868 338 0
884 344 1
