getting
499 320 0
497 317 0
489 311 0
481 309 0
473 308 0
467 309 0
462 315 0
463 324 0
465 327 0
474 328 0
480 327 0
487 323 0
492 320 0
495 318 0
500 320 0
503 327 0
508 345 0
513 370 0
514 387 0
509 404 0
504 416 0
494 423 0
484 425 0
474 423 0
466 413 0
461 402 0
462 390 0
471 377 0
476 370 0
489 361 0
523 333 0
541 320 0
544 318 0
550 313 0
554 306 0
557 301 0
558 297 0
558 295 0
551 294 0
547 295 0
539 300 0
536 306 0
535 314 0
537 322 0
543 326 1
592 232 0
592 244 0
593 270 0
593 293 0
593 309 0
592 323 0
591 330 0
592 334 0
592 337 0
592 341 0
592 343 0
592 346 0
590 333 0
587 323 0
584 315 0
583 312 0
584 310 0
588 310 0
593 309 0
596 308 1
649 235 0
649 238 0
648 251 0
645 275 0
645 293 0
644 307 0
645 322 0
646 333 0
646 340 0
646 344 0
643 335 0
636 324 0
633 320 0
632 316 0
637 314 0
646 312 0
655 309 0
659 308 0
662 307 0
667 311 0
669 318 0
672 322 0
678 328 0
685 328 0
694 323 0
700 318 0
704 314 0
708 311 0
711 312 0
714 316 0
717 320 0
723 320 0
729 319 0
732 319 0
735 318 0
741 317 0
749 317 0
752 318 0
758 323 0
764 325 0
767 326 1
846 304 0
837 304 0
826 304 0
814 306 0
804 308 0
798 312 0
796 317 0
796 321 0
798 326 0
806 324 0
808 323 0
817 319 0
828 315 0
833 313 0
835 313 0
839 315 0
841 328 0
843 353 0
842 378 0
838 392 0
834 400 0
830 406 0
822 408 0
817 404 0
818 397 0
827 376 0
843 355 0
854 341 0
856 337 1
717 243 0
715 247 1
