from
441 335 0
445 337 0
451 336 0
469 326 0
490 311 0
504 291 0
506 282 0
506 271 0
503 262 0
501 259 0
498 254 0
495 258 0
491 271 0
485 310 0
481 360 0
480 390 0
480 408 0
481 415 0
481 419 0
481 408 0
480 381 0
479 377 0
478 365 0
479 359 0
482 354 0
487 351 0
496 347 0
506 344 0
515 346 0
521 348 0
524 351 0
527 352 0
528 355 0
529 358 0
530 362 0
531 366 0
531 370 0
526 354 0
522 333 0
522 331 0
524 327 0
531 325 0
546 324 0
562 322 0
580 321 0
587 321 0
590 321 0
588 327 0
584 335 0
583 343 0
584 349 0
588 353 0
594 353 0
601 350 0
604 343 0
606 335 0
604 328 0
602 323 0
600 319 0
599 317 0
603 316 0
610 317 0
619 317 0
629 317 0
638 316 0
643 318 0
647 321 0
650 329 0
653 337 0
656 345 0
659 352 0
661 354 0
669 349 0
675 340 0
680 334 0
690 330 0
694 334 0
698 341 0
702 345 0
707 349 0
713 350 0
721 348 0
730 343 0
739 341 0
744 339 0
749 340 0
754 345 0
764 349 0
785 356 0
807 363 1
