you
532 301 0
529 305 0
529 315 0
532 323 0
538 326 0
549 322 0
562 316 0
569 312 0
576 309 0
578 310 0
583 331 0
585 360 0
582 387 0
576 404 0
574 409 0
567 411 0
562 406 0
558 397 0
560 384 0
569 362 0
586 343 0
594 333 0
597 331 0
600 329 0
602 328 0
605 332 0
612 337 0
624 340 0
636 337 0
640 335 0
649 324 0
648 313 0
645 304 0
636 300 0
625 300 0
618 303 0
616 309 0
617 314 1
679 295 0
678 299 0
678 306 0
678 315 0
680 323 0
684 330 0
692 329 0
699 325 0
705 320 0
711 315 0
714 323 0
723 330 0
737 338 0
753 348 1
