with
467 286 0
468 294 0
470 306 0
473 322 0
477 331 0
482 335 0
490 335 0
500 328 0
507 324 0
511 322 0
513 321 0
516 324 0
520 327 0
524 331 0
530 332 0
537 328 0
541 325 0
545 320 0
548 317 0
552 312 0
556 304 0
559 298 0
561 296 0
565 296 0
569 297 0
577 296 0
583 296 0
586 296 0
590 296 0
590 299 0
593 307 0
596 315 0
599 322 0
606 326 0
619 323 0
637 314 0
646 308 0
652 305 0
660 301 1
656 225 0
658 235 0
661 248 0
664 274 0
667 297 0
669 307 0
670 316 0
671 320 0
673 324 0
673 327 0
673 329 0
672 326 0
669 320 0
667 315 0
664 308 0
665 303 0
668 301 0
675 299 0
692 294 0
708 285 0
723 275 0
734 257 0
736 248 0
734 241 0
733 238 0
731 236 0
725 248 0
720 274 0
716 292 0
717 303 0
718 309 0
723 310 0
733 305 0
745 296 0
754 290 0
757 291 0
762 297 0
766 305 0
768 309 0
777 318 0
795 315 0
810 310 0
826 305 1
587 230 0
589 233 1
