sergeant
346 291 0
336 296 0
327 306 0
317 323 0
316 329 0
320 335 0
326 340 0
335 344 0
345 350 0
350 356 0
351 363 0
346 371 0
337 379 0
327 383 0
323 383 1
392 344 0
396 344 0
400 338 0
403 330 0
402 323 0
398 318 0
392 314 0
386 313 0
380 316 0
373 326 0
368 342 0
367 361 0
372 369 0
382 371 0
395 364 0
419 349 0
433 340 0
437 338 0
442 337 0
444 342 0
444 351 0
445 358 0
447 362 0
446 356 0
446 351 0
448 343 0
452 335 0
463 327 0
485 318 0
496 315 0
512 310 1
558 323 0
550 319 0
535 315 0
522 312 0
513 314 0
507 320 0
503 329 0
504 338 0
510 344 0
518 345 0
525 344 0
533 341 0
539 336 0
543 333 0
545 331 0
547 337 0
548 345 0
548 363 0
547 385 0
546 405 0
543 412 0
538 417 0
531 418 0
525 417 0
522 407 0
528 397 0
548 377 0
567 360 0
587 341 0
596 330 0
599 325 0
600 317 0
599 312 0
594 309 0
588 307 0
582 307 0
578 312 0
573 319 0
570 336 0
571 345 0
579 352 0
597 355 0
616 359 1
692 310 0
682 310 0
667 308 0
652 309 0
642 309 0
634 313 0
628 323 0
625 331 0
626 339 0
632 344 0
637 346 0
647 343 0
661 334 0
670 327 0
675 323 0
678 320 0
682 317 0
681 321 0
683 329 0
688 338 0
697 346 0
707 348 0
712 347 0
718 341 0
731 322 0
735 316 0
737 314 0
739 326 0
740 332 0
742 336 0
745 337 0
761 328 0
770 324 0
778 322 0
784 323 0
787 327 0
791 334 0
794 343 0
797 347 0
804 352 1
872 219 0
867 233 0
860 260 0
854 289 0
851 315 0
849 333 0
849 339 0
849 342 0
847 324 0
845 315 0
842 308 0
841 305 0
844 304 0
849 304 0
867 305 0
881 306 0
897 306 1
