you
470 288 0
470 293 0
471 307 0
475 321 0
482 327 0
494 327 0
509 320 0
521 312 0
527 303 0
533 295 0
536 290 0
538 287 0
540 294 0
542 312 0
541 337 0
541 348 0
534 398 0
529 414 0
525 418 0
519 421 0
512 420 0
509 412 0
512 402 0
528 362 0
541 344 0
555 330 0
562 323 0
568 319 0
571 318 0
575 330 0
582 334 0
602 332 0
625 320 0
634 310 0
638 300 0
636 292 0
632 288 0
630 287 0
612 290 0
585 300 0
582 304 0
581 307 1
680 288 0
679 292 0
678 296 0
678 305 0
678 314 0
680 322 0
683 325 0
689 323 0
697 316 0
706 307 0
710 303 0
714 298 0
717 307 0
722 318 0
733 328 0
744 333 0
760 341 1
