ammunition
244 301 0
241 299 0
235 298 0
227 297 0
217 298 0
212 298 0
203 299 0
194 305 0
189 314 0
188 325 0
188 329 0
197 333 0
210 330 0
232 317 0
242 308 0
250 299 0
255 294 0
258 291 0
260 300 0
260 311 0
264 320 0
271 325 0
278 324 0
289 319 0
302 308 0
313 295 0
319 290 0
321 294 0
322 301 0
324 309 0
325 313 0
326 316 0
330 314 0
341 309 0
356 300 0
363 295 0
368 294 0
373 297 0
375 298 0
376 305 0
377 313 0
379 319 0
382 321 0
388 318 0
396 314 0
403 307 0
410 301 0
416 300 0
418 302 0
421 308 0
427 313 0
432 316 0
442 314 0
452 307 0
460 299 0
463 295 0
467 292 0
469 294 0
469 302 0
469 305 0
470 308 0
476 308 0
480 303 0
484 298 0
489 296 0
493 299 0
496 304 0
497 309 0
499 313 0
503 315 0
505 316 0
515 310 0
527 303 0
542 295 0
546 295 0
550 302 0
552 305 0
555 308 0
558 310 0
564 310 0
570 309 0
577 305 0
583 300 0
586 298 0
590 296 0
591 300 0
595 312 0
599 319 0
604 323 0
612 323 0
618 320 0
625 314 0
628 311 0
632 306 0
638 312 0
641 319 0
648 323 0
657 323 0
670 318 0
678 314 0
682 312 0
685 311 0
687 310 0
689 309 0
692 313 0
695 315 0
702 312 0
704 311 0
707 310 0
712 307 0
715 308 0
718 309 0
721 313 0
723 316 0
729 318 0
737 318 0
744 315 0
751 310 0
758 302 0
764 295 0
766 291 0
770 291 0
772 297 0
775 303 0
780 310 0
786 314 0
795 313 0
805 311 0
822 305 1
841 203 0
844 211 0
846 227 0
848 257 0
849 283 0
848 302 0
847 318 0
847 327 0
847 331 0
847 333 0
846 321 0
842 299 0
841 291 0
839 286 0
839 279 0
861 279 0
876 279 0
885 279 0
888 279 0
892 279 0
895 279 0
898 287 0
899 296 0
901 307 0
905 316 0
914 321 0
920 320 1
979 276 0
972 278 0
968 283 0
965 286 0
965 291 0
969 307 0
974 318 0
978 317 0
983 314 0
985 307 0
987 295 0
985 285 0
984 280 0
983 275 0
983 273 0
992 275 0
999 274 0
1014 270 0
1022 270 0
1028 270 0
1032 272 0
1035 280 0
1037 289 0
1037 298 0
1038 304 0
1040 307 0
1064 299 0
1080 291 0
1084 291 0
1088 292 0
1091 296 0
1094 305 0
1096 312 0
1103 316 1
763 208 0
764 212 0
768 221 1
883 214 0
883 218 1
