orders
427 302 0
420 302 0
411 302 0
400 306 0
392 315 0
380 336 0
378 355 0
380 364 0
387 367 0
398 363 0
417 348 0
430 328 0
433 316 0
431 303 0
431 299 0
442 305 0
451 307 0
459 309 0
462 309 0
467 310 0
470 311 0
475 318 0
477 325 0
480 336 0
482 344 0
483 349 0
484 352 0
486 339 0
486 323 0
486 317 0
486 314 0
494 312 0
507 310 0
527 307 1
596 307 0
591 307 0
582 307 0
568 308 0
557 313 0
548 322 0
544 329 0
544 332 0
546 336 0
551 337 0
560 331 0
582 309 0
595 284 0
603 265 0
606 255 0
608 250 0
609 247 0
609 253 0
606 267 0
604 291 0
603 310 0
606 321 0
613 330 0
623 335 0
635 333 0
647 323 0
655 316 0
656 307 0
652 303 0
647 302 0
642 302 0
639 307 0
637 318 0
639 331 0
643 341 0
651 346 0
661 346 0
671 345 0
677 344 0
680 344 0
684 347 0
687 349 0
690 350 0
690 344 0
690 326 0
689 319 0
689 313 0
693 312 0
702 311 0
711 310 0
728 307 1
777 288 0
771 291 0
764 296 0
760 303 0
761 312 0
765 322 0
770 329 0
773 333 0
773 336 0
757 348 0
749 352 0
734 358 1
