with
384 290 0
381 305 0
380 318 0
381 331 0
387 342 0
397 347 0
407 344 0
417 336 0
425 329 0
432 321 0
437 327 0
440 333 0
445 338 0
453 341 0
462 338 0
470 330 0
475 321 0
478 311 0
481 303 0
485 296 0
493 302 0
501 303 0
508 303 0
513 302 0
521 300 0
524 307 0
526 315 0
530 323 0
538 332 0
552 338 0
564 336 0
586 333 1
600 217 0
598 228 0
598 248 0
598 274 0
600 293 0
600 305 0
602 314 0
601 319 0
602 325 0
600 312 0
599 301 0
597 292 0
596 285 0
621 285 0
638 282 0
649 276 0
658 264 0
665 249 0
667 238 0
666 229 0
664 224 0
659 224 0
653 235 0
646 253 0
643 278 0
644 293 0
645 303 0
646 309 0
649 316 0
654 317 0
664 315 0
670 313 0
677 311 0
682 311 0
690 320 0
697 328 0
707 334 0
717 335 0
734 335 1
512 233 1
504 208 1
496 220 0
503 227 1
