fleming
354 298 0
360 294 0
375 277 0
387 260 0
391 251 0
392 244 0
391 238 0
385 235 0
372 248 0
361 279 0
355 306 0
353 335 0
352 357 0
350 369 0
351 376 0
350 366 0
351 355 0
352 344 0
353 336 0
355 329 0
372 320 0
390 316 0
404 311 0
418 302 0
437 284 0
448 268 0
452 258 0
453 253 0
445 247 0
437 249 0
426 256 0
412 271 0
403 290 0
401 304 0
403 319 0
410 331 0
417 336 0
429 335 0
446 326 0
456 319 0
462 312 0
465 306 0
464 299 0
456 304 0
452 310 0
451 320 0
453 329 0
459 333 0
465 333 0
478 322 0
490 310 0
496 305 0
501 313 0
503 322 0
514 320 0
523 312 0
530 307 0
537 305 0
542 313 0
546 319 0
554 320 0
561 316 0
570 311 0
577 308 0
583 309 0
588 319 0
596 323 0
604 323 0
618 319 0
625 314 0
631 307 0
637 305 0
641 313 0
653 320 0
661 318 0
669 316 0
675 312 0
681 309 0
689 315 0
698 315 0
710 309 0
724 303 0
732 302 0
738 303 0
745 306 1
833 295 0
826 298 0
816 299 0
807 300 0
795 300 0
787 300 0
781 302 0
778 309 0
783 316 0
792 320 0
807 318 0
826 316 1
837 335 0
838 343 0
839 361 0
832 388 0
818 405 0
809 406 0
804 401 0
802 393 0
817 370 0
846 344 0
860 332 1
644 254 1
624 235 0
626 241 1
