house
394 247 0
394 252 0
396 269 0
400 299 0
400 325 0
402 341 0
404 350 0
407 354 0
408 357 0
426 344 0
440 333 0
445 329 0
454 325 0
460 325 0
463 328 0
465 331 0
468 337 0
472 344 1
521 320 0
518 326 0
517 334 0
519 343 0
522 348 0
527 349 0
533 346 0
539 339 0
542 328 0
542 323 0
540 320 0
533 313 0
522 312 0
513 314 0
510 315 1
588 294 0
587 298 0
583 312 0
582 326 0
583 335 0
585 341 0
590 341 0
597 337 0
609 326 0
614 321 0
619 316 0
622 318 0
625 325 0
631 333 0
639 340 1
692 299 0
683 302 0
679 307 0
676 315 0
677 324 0
678 330 0
680 334 0
681 337 0
681 342 0
673 349 0
666 354 1
723 330 0
726 334 0
729 328 0
730 321 0
727 312 0
724 304 0
721 299 0
719 296 0
715 310 0
714 329 0
723 347 0
741 356 0
758 364 1
