captain
396 301 0
388 301 0
379 302 0
366 307 0
350 319 0
339 330 0
334 341 0
333 353 0
340 360 0
365 361 0
390 362 1
455 327 0
445 327 0
434 327 0
421 330 0
409 334 0
402 339 0
399 348 0
399 360 0
404 366 0
413 367 0
434 357 0
446 346 0
453 338 0
456 335 0
459 331 0
461 336 0
463 340 0
468 346 0
475 348 0
485 347 0
497 343 0
505 339 0
509 338 0
513 338 0
521 353 0
524 375 0
523 395 0
523 405 0
523 407 0
523 410 0
522 378 0
520 342 0
525 328 0
531 319 0
539 314 0
548 311 0
558 313 0
562 319 0
561 327 0
558 339 0
551 345 0
545 349 1
594 225 0
596 229 0
596 244 0
599 286 0
600 312 0
599 329 0
598 338 0
598 342 0
598 347 0
598 349 0
598 345 0
597 323 0
597 312 0
597 308 0
597 306 0
598 304 0
605 305 0
616 306 0
636 307 1
720 297 0
715 298 0
705 298 0
694 298 0
683 300 0
672 302 0
664 306 0
656 313 0
652 320 0
653 322 0
654 328 0
662 330 0
670 327 0
678 321 0
686 317 0
692 314 0
696 311 0
699 308 0
702 312 0
705 318 0
713 325 0
724 329 0
736 326 0
746 320 0
753 314 0
755 307 0
758 303 0
761 303 0
763 313 0
769 321 0
776 324 0
783 321 0
794 317 0
804 311 0
810 308 0
813 307 0
816 308 0
822 313 0
826 318 0
829 320 0
832 320 0
840 318 0
852 315 0
862 314 0
869 315 0
876 319 0
883 326 0
890 331 0
897 333 1
762 220 0
765 226 0
767 229 1
