pay
439 323 0
442 324 0
446 341 0
450 371 0
452 398 0
453 414 0
453 420 0
449 410 0
441 363 0
442 341 0
448 326 0
458 316 0
469 311 0
479 311 0
486 314 0
490 321 0
492 328 0
489 335 0
483 341 0
472 345 0
461 345 0
438 345 1
592 312 0
572 311 0
556 313 0
543 317 0
537 322 0
534 329 0
534 336 0
539 341 0
547 343 0
558 339 0
570 328 0
577 322 0
579 320 0
583 318 0
585 328 0
588 336 0
595 341 0
602 342 0
612 338 0
619 331 0
622 327 0
625 324 0
629 326 0
641 331 0
655 326 0
665 320 0
672 317 0
676 315 0
679 314 0
684 330 0
689 356 0
690 381 0
686 400 0
679 408 0
666 414 0
652 413 0
644 406 0
642 397 0
656 373 0
676 358 0
687 349 0
703 333 1
