hoggs
444 248 0
446 255 0
448 274 0
449 302 0
447 328 0
449 346 0
451 352 0
461 342 0
469 334 0
474 330 0
478 329 0
481 328 0
486 334 0
490 340 0
498 348 0
501 351 1
529 322 0
529 327 0
530 335 0
532 343 0
538 348 0
548 348 0
565 342 0
578 330 0
581 326 0
582 322 0
567 317 0
560 316 0
557 315 1
646 311 0
635 312 0
625 316 0
618 322 0
611 329 0
609 336 0
617 336 0
624 332 0
629 329 0
633 327 0
636 327 0
641 332 0
643 337 0
646 353 0
646 377 0
643 393 0
640 402 0
636 408 0
632 409 0
627 403 0
627 394 0
634 377 0
646 358 0
662 344 0
673 332 1
739 308 0
735 308 0
731 308 0
725 308 0
716 309 0
701 315 0
694 324 0
692 333 0
692 337 0
698 341 0
706 339 0
717 331 0
727 321 0
730 318 0
733 315 0
737 335 0
738 373 0
734 389 0
730 406 0
725 411 0
718 413 0
710 406 0
706 400 0
711 389 0
728 364 0
747 344 0
760 330 1
796 295 0
793 297 0
787 300 0
782 303 0
786 307 0
792 314 0
794 323 0
791 333 0
785 341 0
781 346 1
