ensign
347 319 0
365 322 0
377 318 0
386 310 0
391 302 0
394 297 0
387 292 0
374 295 0
359 303 0
346 315 0
341 327 0
341 340 0
345 351 0
355 357 0
373 358 0
394 347 0
413 331 0
427 314 0
434 306 0
436 314 0
437 321 0
441 327 0
446 325 0
453 322 0
461 319 0
467 318 0
475 317 0
485 332 0
492 336 1
556 291 0
544 298 0
535 305 0
534 311 0
539 316 0
548 323 0
557 330 0
563 336 0
557 344 0
547 345 0
538 345 1
605 295 0
605 302 0
603 311 0
603 323 0
607 332 0
617 336 0
630 334 0
642 330 0
658 323 1
709 303 0
703 303 0
695 303 0
687 304 0
681 305 0
676 309 0
673 316 0
674 324 0
675 329 0
687 329 0
697 326 0
705 321 0
710 321 0
716 331 0
721 348 0
725 376 0
723 401 0
719 412 0
712 418 0
699 420 0
689 415 0
684 406 0
684 396 0
697 380 0
718 357 0
737 334 0
749 321 0
754 314 0
756 321 0
758 327 0
766 331 0
780 324 0
796 317 0
808 312 0
815 309 0
817 318 0
818 328 0
821 335 0
830 334 0
839 332 0
858 327 1
612 217 0
614 228 0
615 236 1
