delays
466 333 0
458 332 0
448 331 0
438 330 0
426 333 0
415 342 0
406 355 0
401 370 0
402 376 0
408 378 0
418 374 0
445 355 0
462 334 0
473 314 0
479 286 0
481 275 0
481 273 0
480 281 0
473 301 0
469 325 0
470 343 0
475 357 0
482 364 0
494 366 0
509 362 0
515 356 0
520 348 0
523 339 0
522 333 0
521 328 0
518 327 0
514 330 0
511 336 0
509 349 0
511 364 0
519 371 0
531 372 0
567 343 0
592 298 0
595 274 0
596 268 0
596 262 0
593 259 0
588 264 0
578 278 0
565 301 0
556 326 0
555 343 0
559 361 0
567 368 0
581 369 0
597 367 0
616 364 1
655 340 0
651 336 0
644 333 0
636 333 0
626 335 0
623 337 0
619 344 0
619 350 0
625 357 0
631 357 0
639 354 0
649 345 0
659 334 0
661 330 0
665 327 0
667 330 0
668 337 0
671 346 0
673 353 0
678 354 0
686 352 0
697 345 0
706 336 0
710 332 0
716 341 0
721 347 0
729 350 0
738 350 0
748 345 0
756 337 0
763 327 0
768 324 0
772 323 0
774 327 0
776 334 0
776 356 0
776 378 0
772 403 0
768 417 0
765 424 0
759 424 0
749 416 0
742 404 0
743 394 0
750 381 0
770 364 0
781 357 0
785 354 0
798 343 1
861 305 0
854 306 0
848 310 0
842 315 0
839 323 0
839 332 0
840 337 0
841 343 0
841 349 0
840 354 0
837 358 0
831 363 1
