leave
442 296 0
445 298 0
465 289 0
486 272 0
502 253 0
508 243 0
510 236 0
507 229 0
499 228 0
490 237 0
474 264 0
460 301 0
458 321 0
461 337 0
472 350 0
487 353 0
510 348 0
526 337 0
537 326 0
539 322 0
542 315 0
541 311 0
534 313 0
529 321 0
525 330 0
526 338 0
533 345 0
552 348 0
565 349 0
579 350 1
638 305 0
634 305 0
627 306 0
618 308 0
608 312 0
597 322 0
593 328 0
593 334 0
601 336 0
609 333 0
617 326 0
621 322 0
624 319 0
626 317 0
630 319 0
634 327 0
640 339 0
646 345 1
679 297 0
681 301 0
682 308 0
683 321 0
685 332 0
686 336 0
694 333 0
702 325 0
711 317 0
718 313 0
721 312 1
751 322 0
755 325 0
759 323 0
767 319 0
774 312 0
778 306 0
777 299 0
774 294 0
770 292 0
762 296 0
752 303 0
746 319 0
746 333 0
752 340 0
757 342 0
798 340 0
820 340 1
