best
455 250 0
455 254 0
455 258 0
454 264 0
451 298 0
451 324 0
451 328 0
452 332 0
460 329 0
475 330 0
497 334 0
505 338 0
510 344 0
511 353 0
505 362 0
495 371 0
481 378 0
473 377 0
470 372 0
470 368 1
555 334 0
558 337 0
566 339 0
573 335 0
577 332 0
580 326 0
578 321 0
571 321 0
568 325 0
564 334 0
562 346 0
564 360 0
573 365 1
663 308 0
652 313 0
646 316 0
645 321 0
645 324 0
653 334 0
661 346 0
663 351 0
661 358 0
650 362 0
635 363 0
617 363 1
707 248 0
708 252 0
708 277 0
707 308 0
705 335 0
704 356 0
702 365 0
701 369 0
700 371 0
697 363 0
693 356 0
692 354 0
690 347 0
697 344 0
710 339 0
728 333 0
744 327 1
