what
325 291 0
326 295 0
326 298 0
326 306 0
327 322 0
331 346 0
335 359 0
338 367 0
345 367 0
352 362 0
362 348 0
367 337 0
370 330 0
372 327 0
374 323 0
377 327 0
383 333 0
390 338 0
394 339 0
398 336 0
401 332 0
405 326 0
406 321 0
406 316 0
406 312 0
406 309 0
407 306 0
411 305 0
419 307 0
424 307 1
427 235 0
429 245 0
430 261 0
431 287 0
433 306 0
434 321 0
435 328 0
436 333 0
442 332 0
448 326 0
452 323 0
455 321 0
458 320 0
464 329 0
472 333 0
477 334 1
546 304 0
534 304 0
523 305 0
510 308 0
501 314 0
496 320 0
494 327 0
494 332 0
500 335 0
509 334 0
529 322 0
539 315 0
542 313 0
546 311 0
547 314 0
551 329 0
556 337 0
563 342 0
575 342 0
590 339 0
598 337 1
602 203 0
601 214 0
601 238 0
601 271 0
601 300 0
600 322 0
599 333 0
599 339 0
599 344 0
596 332 0
593 318 0
591 304 0
590 297 0
595 295 0
604 297 0
616 297 0
643 297 1
