men
388 305 0
390 319 0
392 331 0
394 342 0
394 345 0
396 349 0
398 341 0
404 331 0
409 324 0
413 321 0
417 320 0
420 319 0
423 320 0
430 326 0
435 330 0
438 330 0
443 326 0
452 321 0
459 318 0
465 318 0
471 320 0
475 324 0
479 328 0
487 333 0
496 336 0
508 335 0
522 326 0
537 315 0
544 305 0
544 297 0
541 295 0
534 298 0
530 305 0
528 315 0
530 328 0
534 338 0
540 342 0
548 342 0
559 334 0
572 322 0
579 316 0
583 314 0
588 320 0
591 325 0
594 329 0
601 330 0
610 326 0
621 321 0
629 318 0
633 317 0
640 320 0
647 328 0
653 333 0
662 336 0
675 338 0
692 340 1
