and
546 318 0
541 316 0
533 314 0
524 313 0
513 314 0
499 320 0
485 330 0
479 340 0
483 350 0
487 354 0
495 352 0
509 342 0
523 328 0
528 323 0
532 319 0
534 329 0
538 341 0
547 352 0
555 354 0
573 346 0
594 328 0
601 320 0
604 316 0
608 321 0
609 326 0
610 329 0
614 334 0
625 331 0
636 324 0
643 321 0
646 320 0
649 321 0
653 326 0
659 332 0
665 338 0
670 342 1
758 307 0
754 307 0
737 308 0
726 310 0
718 317 0
712 325 0
710 328 0
708 334 0
714 333 0
735 318 0
752 294 0
762 276 0
767 262 0
769 252 0
770 246 0
770 244 0
765 263 0
759 291 0
756 316 0
761 335 0
773 343 0
797 345 0
819 348 1
