allowance
392 302 0
382 302 0
372 303 0
357 307 0
344 315 0
330 329 0
325 340 0
325 353 0
328 358 0
338 355 0
358 340 0
374 324 0
380 317 0
386 312 0
389 321 0
398 345 0
405 356 0
413 355 0
428 345 0
449 323 0
468 286 0
474 267 0
476 253 0
477 242 0
476 234 0
475 231 0
471 230 0
459 242 0
437 280 0
427 312 0
428 328 0
437 344 0
454 352 0
470 347 0
492 328 0
514 291 0
522 264 0
522 244 0
521 238 0
502 271 0
491 315 0
489 325 0
491 333 0
501 338 0
514 337 0
532 336 0
535 335 1
573 294 0
566 300 0
561 308 0
556 323 0
557 334 0
562 339 0
571 340 0
586 331 0
596 319 0
599 310 0
597 300 0
590 292 0
586 290 0
579 291 0
570 295 1
633 292 0
633 295 0
633 304 0
633 315 0
634 324 0
637 327 0
644 331 0
653 327 0
659 322 0
664 319 0
666 317 0
669 318 0
673 324 0
682 329 0
704 314 0
714 299 0
720 288 0
724 280 1
795 297 0
781 293 0
771 292 0
762 295 0
751 301 0
740 311 0
736 322 0
736 328 0
755 324 0
775 307 0
784 296 0
787 292 0
790 290 0
790 300 0
790 311 0
791 320 0
793 324 0
797 325 0
803 320 0
816 306 0
826 294 0
829 291 0
833 292 0
836 298 0
837 305 0
838 311 0
840 315 0
843 315 0
850 312 0
861 309 0
871 308 0
879 307 0
889 311 0
896 314 0
904 317 1
980 276 0
963 280 0
944 290 0
924 303 0
916 313 0
913 320 0
915 327 0
924 332 0
949 333 0
977 321 0
1001 303 0
1015 288 0
1019 282 0
1019 279 0
1013 277 0
1000 281 0
983 294 0
976 309 0
975 327 0
990 336 0
1013 343 0
1031 349 1
