surgeon
345 272 0
338 277 0
334 280 0
330 284 0
328 289 0
328 296 0
333 302 0
340 308 0
347 314 0
351 318 0
355 325 0
355 331 0
352 338 0
346 344 0
336 349 0
328 349 0
325 348 1
399 285 0
399 288 0
398 292 0
396 296 0
395 302 0
395 309 0
396 317 0
399 322 0
406 325 0
411 326 0
415 325 0
418 324 0
422 319 0
424 317 0
427 318 0
431 322 0
435 326 0
440 327 0
445 327 0
449 326 0
453 325 0
457 321 0
459 319 0
462 318 0
466 320 0
467 323 0
470 327 0
472 317 0
473 309 0
475 301 0
478 295 0
483 292 0
491 291 0
496 290 1
558 285 0
548 288 0
541 290 0
534 293 0
530 297 0
527 299 0
529 302 0
534 304 0
542 305 0
552 302 0
559 298 0
563 295 0
567 294 0
570 295 0
571 299 0
572 308 0
573 321 0
572 335 0
570 346 0
564 358 0
553 369 0
537 376 0
528 379 0
524 380 0
522 380 0
526 373 0
535 360 0
549 342 0
558 335 0
566 330 0
572 326 0
587 318 0
604 308 0
613 303 0
619 298 0
623 295 0
626 291 0
628 284 0
630 281 0
630 275 0
630 272 0
626 273 0
622 280 0
620 286 0
619 292 0
619 298 0
621 304 0
625 309 0
632 312 0
645 311 0
666 308 1
706 270 0
697 274 0
692 277 0
686 282 0
682 289 0
681 296 0
683 304 0
689 312 0
700 317 0
712 318 0
722 316 0
729 311 0
731 305 0
730 299 0
726 291 0
719 284 0
713 279 0
708 276 0
716 276 0
728 274 0
744 272 0
754 270 0
761 268 0
767 267 0
772 265 0
774 266 0
775 272 0
775 280 0
776 288 0
777 295 0
779 298 0
784 300 0
792 294 0
801 287 0
808 281 0
810 279 0
814 277 0
817 282 0
819 288 0
824 295 0
833 299 0
847 303 0
855 306 1
