little
461 352 0
465 351 0
471 343 0
486 319 0
497 295 0
501 278 0
504 259 0
504 252 0
502 248 0
498 251 0
491 266 0
476 294 0
465 322 0
459 347 0
459 364 0
463 372 0
470 378 0
482 381 0
499 373 0
514 359 0
521 351 0
522 348 0
525 344 0
527 344 0
530 350 0
534 359 0
540 367 0
544 370 1
586 263 0
587 275 0
587 294 0
587 320 0
586 342 0
586 358 0
586 362 0
581 354 0
580 349 0
580 345 0
584 341 0
591 335 1
628 256 0
630 260 0
630 268 0
630 289 0
629 317 0
629 332 0
629 343 0
629 350 0
629 353 0
629 350 0
629 339 0
629 336 0
630 333 0
639 333 0
652 326 0
664 315 0
670 305 0
677 284 0
678 275 0
678 270 0
679 264 0
670 272 0
660 295 0
658 322 0
663 342 0
669 356 0
680 365 0
694 364 0
705 354 0
712 345 0
716 332 0
718 321 0
712 330 0
711 345 0
716 357 0
726 362 0
740 364 0
747 366 1
534 243 0
534 247 1
