arms
495 319 0
488 313 0
482 313 0
474 314 0
465 321 0
457 331 0
453 348 0
453 358 0
456 366 0
461 369 0
467 368 0
473 362 0
478 355 0
481 352 0
483 346 0
485 344 0
487 341 0
489 341 0
492 346 0
492 350 0
493 355 0
494 361 0
495 366 0
496 370 0
498 373 0
502 372 0
509 368 0
513 365 0
517 358 0
521 353 0
526 347 0
529 342 0
532 339 0
534 336 0
535 334 0
538 329 0
540 326 0
542 323 0
543 320 0
547 322 0
547 329 0
547 332 0
549 340 0
549 344 0
550 348 0
551 330 0
552 325 0
553 320 0
554 318 0
559 318 0
567 317 0
577 316 0
583 315 0
587 315 0
590 316 0
593 322 0
594 329 0
596 337 0
597 343 0
598 346 0
607 339 0
616 326 0
622 318 0
626 315 0
629 315 0
633 320 0
638 329 0
645 334 0
654 333 0
669 324 0
685 316 0
689 314 0
694 313 0
697 314 0
700 322 0
704 332 0
706 336 0
708 338 1
766 301 0
762 302 0
759 305 0
768 317 0
774 325 0
779 331 0
780 335 0
777 339 0
771 344 0
767 347 1
