ensign
359 338 0
360 342 0
369 342 0
381 337 0
390 328 0
395 322 0
396 317 0
397 314 0
393 312 0
386 312 0
379 316 0
370 327 0
361 345 0
358 366 0
359 373 0
364 376 0
398 353 0
426 325 0
431 320 0
434 318 0
438 324 0
441 334 0
446 346 0
449 351 0
451 352 0
454 352 0
463 347 0
469 343 0
478 340 0
482 343 0
487 349 0
495 354 0
504 358 0
521 365 1
567 303 0
557 307 0
550 311 0
544 315 0
543 321 0
545 324 0
556 332 0
566 338 0
574 344 0
578 348 0
578 352 0
575 356 0
569 359 0
561 360 1
632 318 0
633 322 0
633 326 0
633 331 0
633 337 0
636 342 0
644 346 0
658 343 0
674 338 0
690 333 1
723 314 0
717 314 0
712 316 0
708 317 0
703 320 0
699 326 0
699 329 0
702 333 0
710 330 0
717 325 0
722 320 0
725 318 0
727 316 0
732 327 0
735 347 0
733 374 0
730 396 0
724 412 0
719 417 0
712 420 0
705 421 0
702 420 0
699 411 0
704 399 0
716 376 0
733 354 0
746 337 0
753 328 0
758 323 0
762 320 0
765 318 0
767 328 0
768 331 0
771 335 0
779 330 0
797 319 0
809 313 0
814 311 0
819 311 0
822 314 0
824 319 0
828 326 0
833 334 0
841 335 1
657 223 0
657 228 0
657 235 0
658 240 1
