that
456 252 0
457 261 0
455 277 0
451 301 0
446 319 0
443 334 0
442 350 0
442 354 0
449 369 0
463 379 0
475 381 0
491 381 0
496 381 1
430 319 0
435 322 0
448 322 0
458 321 0
475 319 1
522 271 0
520 287 0
519 303 0
517 333 0
518 350 0
519 356 0
521 361 0
522 363 0
532 355 0
541 348 0
547 343 0
550 342 0
554 345 0
557 353 0
559 359 0
566 362 0
570 362 1
669 313 0
663 313 0
656 314 0
644 315 0
629 322 0
619 331 0
613 340 0
609 349 0
610 355 0
616 359 0
625 357 0
640 352 0
651 346 0
656 343 0
661 340 0
663 340 0
665 343 0
668 351 0
673 356 0
687 359 0
699 360 0
702 360 0
716 360 1
746 256 0
746 263 0
742 282 0
740 308 0
739 329 0
738 342 0
738 350 0
738 354 0
738 357 0
733 343 0
732 333 0
732 328 0
732 323 0
736 321 0
748 318 0
765 314 0
783 310 1
