your
496 303 0
496 311 0
496 324 0
502 348 0
510 359 0
518 360 0
532 351 0
546 339 0
550 336 0
554 333 0
559 336 0
560 344 0
561 363 0
561 392 0
559 415 0
555 422 0
545 429 0
536 431 0
530 430 0
530 422 0
548 390 0
574 357 0
586 346 0
592 339 0
597 336 0
601 334 0
604 338 0
608 344 0
618 356 0
629 359 0
638 356 0
652 343 0
658 329 0
657 323 0
651 316 0
645 312 0
641 311 0
636 311 0
633 311 0
646 312 0
667 308 0
675 308 0
680 308 0
684 308 0
687 309 0
689 309 0
690 317 0
692 329 0
696 340 0
702 349 0
708 352 0
717 350 0
728 343 0
737 334 0
743 328 0
746 333 0
746 339 0
749 342 0
758 344 0
770 340 0
776 339 0
786 335 0
799 334 0
804 336 0
807 338 0
810 342 0
811 330 0
812 322 0
814 313 0
819 307 0
829 303 0
841 300 0
859 293 1
