can
549 284 0
546 284 0
527 291 0
510 303 0
501 315 0
493 328 0
491 342 0
494 353 0
509 361 0
539 358 0
561 355 0
573 353 1
637 304 0
631 305 0
622 306 0
606 307 0
590 313 0
577 323 0
572 335 0
573 341 0
593 343 0
614 332 0
622 324 0
627 319 0
629 315 0
631 312 0
633 318 0
633 326 0
635 334 0
642 339 0
650 340 0
668 330 0
690 317 0
700 310 0
705 307 0
708 305 0
710 310 0
711 318 0
713 324 0
717 327 0
723 326 0
736 322 0
749 318 0
756 317 0
758 317 0
761 322 0
763 329 0
767 336 0
776 339 0
785 341 0
802 343 1
