ever
450 335 0
463 338 0
487 334 0
512 323 0
523 312 0
526 306 0
526 302 0
520 296 0
511 296 0
499 300 0
485 310 0
475 329 0
475 342 0
479 357 0
488 365 0
503 365 0
514 364 0
533 361 1
553 312 0
557 314 0
561 325 0
562 337 0
564 347 0
565 353 0
567 355 0
571 355 0
580 344 0
589 333 0
593 330 1
632 331 0
635 334 0
645 332 0
648 325 0
648 320 0
647 315 0
643 311 0
640 310 0
635 323 0
635 338 0
637 352 0
643 360 0
654 363 0
666 360 0
680 355 0
689 353 0
694 352 0
697 353 0
700 354 0
704 356 0
706 357 0
710 347 0
712 331 0
713 319 0
718 315 0
729 311 0
747 307 0
764 302 0
768 301 1
