commission
277 280 0
268 284 0
260 289 0
248 296 0
240 304 0
234 315 0
230 328 0
229 342 0
232 354 0
243 361 0
252 364 0
269 369 1
324 301 0
322 304 0
318 311 0
314 322 0
312 333 0
314 341 0
323 341 0
336 331 0
345 321 0
348 314 0
345 299 0
340 290 0
334 284 0
329 284 0
323 290 0
321 298 1
365 277 0
366 281 0
366 289 0
366 298 0
368 308 0
368 317 0
368 322 0
369 327 0
373 327 0
380 319 0
388 310 0
392 307 0
397 304 0
403 314 0
405 317 0
409 316 0
417 314 0
428 308 0
438 303 0
441 302 0
446 305 0
449 310 0
451 315 0
453 319 0
462 324 0
469 324 0
471 323 0
478 318 0
487 308 0
495 298 0
497 298 0
500 302 0
502 307 0
503 311 0
505 314 0
508 317 0
512 316 0
519 312 0
523 309 0
527 309 0
530 308 0
534 308 0
537 310 0
539 315 0
543 320 0
549 324 0
553 324 0
561 320 0
570 317 0
574 315 0
579 313 0
582 313 0
589 322 0
597 326 0
621 325 0
639 324 0
644 324 1
653 285 0
652 288 0
648 296 0
645 304 0
646 313 0
652 322 0
662 327 0
675 328 0
692 328 0
698 328 1
742 270 0
733 276 0
727 282 0
723 287 0
723 293 0
724 297 0
725 299 0
728 303 0
729 306 0
729 310 0
725 317 0
719 322 0
711 324 1
789 269 0
786 273 0
781 277 0
777 287 0
777 293 0
779 298 0
781 302 0
782 305 0
780 308 0
775 313 0
768 317 0
760 320 1
824 287 0
823 294 0
820 298 0
817 302 0
815 306 0
814 309 0
815 315 0
815 318 0
819 321 0
835 324 0
857 327 0
861 327 1
887 297 0
884 299 0
879 300 0
876 303 0
874 308 0
875 317 0
881 324 0
889 325 0
899 321 0
906 314 0
908 306 0
907 299 0
906 293 0
905 290 0
912 287 0
922 287 0
935 285 0
944 284 0
952 283 0
957 283 0
960 284 0
962 287 0
963 292 0
965 299 0
968 304 0
974 308 0
982 309 0
990 307 0
1000 303 0
1003 302 0
1008 302 0
1009 304 0
1014 308 0
1020 313 0
1022 314 1
664 194 0
667 198 1
823 208 0
828 216 0
830 219 1
