men
432 284 0
433 295 0
434 305 0
434 314 0
435 325 0
435 333 0
436 340 0
437 346 0
446 330 0
450 320 0
454 312 0
457 307 0
462 302 0
469 310 0
472 316 0
478 324 0
485 320 0
493 315 0
503 310 0
510 306 0
518 304 0
524 311 0
529 319 0
536 325 0
548 329 0
565 328 0
586 319 0
600 310 0
608 302 0
611 296 0
610 291 0
602 290 0
594 291 0
587 295 0
581 301 0
579 307 0
580 315 0
585 323 0
597 328 0
614 324 0
634 311 0
646 300 0
652 293 0
657 287 0
660 296 0
661 302 0
669 309 0
677 307 0
687 303 0
696 299 0
702 299 0
709 305 0
717 316 0
728 324 0
752 326 0
775 329 1
