you
479 307 0
479 314 0
478 323 0
480 332 0
488 334 0
505 329 0
526 319 0
535 314 0
540 312 0
542 311 0
544 311 0
550 322 0
554 352 0
554 372 0
554 383 0
542 415 0
530 431 0
522 432 0
513 428 0
508 417 0
511 402 0
524 376 0
543 352 0
562 332 0
576 321 0
583 317 0
588 314 0
591 313 0
593 314 0
594 322 0
599 327 0
610 329 0
621 326 0
630 319 0
633 312 0
633 304 0
633 300 0
631 296 0
625 292 0
622 291 0
618 291 0
620 295 0
627 298 0
637 300 0
652 298 0
662 292 0
673 286 0
679 283 0
683 282 0
685 281 0
686 286 0
688 292 0
688 302 0
689 314 0
692 323 0
693 326 0
699 328 0
709 322 0
718 317 0
723 315 0
727 313 0
732 318 0
739 326 0
755 336 0
780 340 0
799 343 1
