with
506 287 0
506 291 0
504 300 0
503 312 0
504 323 0
507 330 0
513 334 0
522 333 0
532 330 0
540 326 0
543 325 0
546 324 0
550 328 0
556 332 0
562 333 0
569 329 0
576 322 0
581 317 0
584 310 0
586 306 0
587 301 0
593 299 0
596 299 0
607 298 0
613 297 0
617 296 0
622 295 0
625 295 0
627 299 0
628 305 0
631 316 0
635 324 0
656 323 0
673 321 0
681 320 1
710 223 0
709 234 0
707 264 0
703 294 0
703 310 0
702 323 0
702 328 0
702 332 0
703 318 0
701 305 0
700 297 0
701 294 0
705 294 0
726 284 0
747 272 0
759 260 0
767 249 0
770 246 0
772 241 0
765 249 0
758 261 0
754 275 0
750 288 0
750 296 0
751 302 0
753 306 0
756 309 0
759 308 0
764 308 0
768 308 0
771 308 0
775 309 0
779 310 0
783 311 0
792 315 0
803 320 1
633 210 0
634 216 1
