ought
519 324 0
515 322 0
510 320 0
500 321 0
491 326 0
478 336 0
470 352 0
468 368 0
470 372 0
480 373 0
497 361 0
508 349 0
512 341 0
513 334 0
514 330 0
513 328 0
513 324 0
517 324 0
524 325 0
533 324 0
539 323 0
543 323 0
547 333 0
548 341 0
552 352 0
557 360 0
563 363 0
573 359 0
583 349 0
590 341 0
595 336 0
597 333 0
598 339 0
598 346 0
599 351 0
600 354 0
610 359 0
619 361 0
633 364 1
704 327 0
701 327 0
697 327 0
690 327 0
685 329 0
679 332 0
674 335 0
672 339 0
674 343 0
677 344 0
693 336 0
700 332 0
703 329 0
705 329 0
706 334 0
709 356 0
708 405 0
708 426 0
705 434 0
698 439 0
692 441 0
686 439 0
682 433 0
683 425 0
689 411 0
702 390 0
720 366 0
739 340 0
753 315 0
766 290 0
774 271 0
777 254 0
777 248 0
776 246 0
771 252 0
761 276 0
756 305 0
753 332 0
754 348 0
755 352 0
767 349 0
780 340 0
787 336 0
791 336 0
799 343 0
801 351 0
807 360 0
813 365 0
816 366 0
826 359 0
840 338 0
852 313 0
861 287 0
865 273 0
868 265 0
869 262 0
869 259 0
870 268 0
868 290 0
865 318 0
865 339 0
866 349 0
866 353 0
866 356 0
866 351 0
864 342 0
862 334 0
861 329 0
861 325 0
871 322 1
