peremptorily
107 284 0
107 297 0
109 317 0
109 342 0
111 356 0
112 363 0
112 367 0
110 349 0
106 308 0
107 279 0
110 258 0
114 251 0
118 248 0
123 249 0
126 252 0
131 261 0
134 273 0
134 284 0
131 291 0
128 297 0
124 303 0
120 309 1
151 283 0
154 287 0
164 285 0
171 280 0
176 274 0
179 267 0
180 261 0
176 256 0
173 256 0
169 259 0
165 266 0
161 283 0
160 296 0
164 304 0
170 308 0
179 308 0
195 301 0
203 296 0
209 295 0
213 295 0
216 297 0
219 300 0
221 303 0
222 305 0
220 279 0
221 270 0
222 268 0
230 270 0
241 270 0
256 269 0
267 267 0
275 265 0
281 262 0
284 258 0
283 255 0
279 252 0
275 253 0
268 256 0
260 264 0
257 277 0
256 289 0
260 298 0
268 302 0
284 301 0
302 298 0
308 297 1
313 255 0
313 259 0
316 264 0
319 278 0
320 287 0
321 291 0
322 296 0
327 278 0
330 267 0
334 261 0
338 258 0
343 260 0
349 265 0
354 273 0
359 280 0
360 282 0
370 280 0
377 277 0
383 273 0
387 271 0
390 272 0
393 273 0
401 283 0
403 286 1
426 278 0
431 289 0
435 305 0
437 329 0
439 339 0
440 343 0
440 348 0
437 342 0
435 300 0
441 266 0
443 258 0
446 259 0
450 261 0
453 271 0
453 283 0
449 294 0
443 301 0
440 303 0
435 300 1
476 179 0
478 185 0
479 205 0
481 236 0
482 267 0
485 290 0
484 298 0
484 304 0
482 291 0
482 281 0
482 275 0
482 271 0
488 269 0
490 269 0
498 269 0
503 270 0
507 272 0
516 274 0
518 275 0
519 279 0
521 285 0
523 287 0
528 293 0
537 291 0
544 282 0
550 270 0
551 258 0
550 254 0
548 251 0
544 250 0
538 252 0
530 259 0
524 267 1
578 263 0
578 267 0
576 275 0
576 283 0
576 287 0
576 292 0
576 294 0
576 287 0
576 284 0
578 278 0
582 273 0
585 269 0
590 264 0
595 263 0
599 264 0
604 264 0
610 264 0
613 264 0
617 263 0
620 262 0
622 263 0
622 266 0
622 278 0
624 286 0
627 290 0
632 294 0
643 289 0
659 275 0
670 262 0
679 249 0
687 231 0
692 218 0
696 205 0
702 185 0
701 179 0
699 175 0
688 182 0
676 204 0
665 235 0
658 266 0
659 282 0
663 291 0
670 297 0
679 296 0
691 286 0
698 277 0
701 273 0
706 269 0
709 272 0
715 283 0
720 284 0
727 282 0
733 277 0
737 275 0
741 272 0
747 274 0
751 282 0
754 295 0
753 314 0
746 337 0
734 356 0
727 361 0
723 362 0
720 357 0
726 337 0
747 310 0
765 289 0
775 277 1
615 183 0
617 187 0
620 192 1
