repair
337 301 0
338 310 0
340 324 0
342 340 0
344 351 0
346 359 0
348 353 0
350 343 0
352 336 0
361 329 0
367 330 0
380 332 0
397 330 0
412 325 0
426 312 0
432 300 0
417 314 0
407 331 0
405 341 0
407 350 0
413 357 1
485 315 0
487 333 0
491 366 0
492 394 0
493 410 0
492 416 0
483 396 0
475 359 0
476 334 0
482 320 0
492 310 0
502 305 0
511 305 0
516 305 0
522 308 0
523 323 0
521 335 0
519 341 1
620 301 0
609 297 0
598 297 0
587 300 0
581 305 0
576 313 0
572 325 0
572 334 0
577 338 0
592 334 0
602 324 0
611 312 0
616 304 0
621 313 0
625 322 0
629 329 0
634 332 0
646 323 0
654 314 0
662 308 0
668 320 0
672 329 0
680 334 0
692 333 0
712 323 0
721 317 0
727 314 0
733 319 0
733 325 0
734 333 0
738 319 0
742 297 0
744 292 0
757 290 1
656 208 0
660 220 1
