conscious
390 317 0
382 320 0
369 329 0
356 341 0
349 357 0
345 374 0
347 386 0
356 395 0
372 396 0
388 395 0
404 393 1
458 342 0
453 350 0
452 359 0
453 370 0
456 373 0
465 375 0
470 372 0
473 370 0
486 355 0
487 348 0
486 342 0
479 337 0
470 332 0
462 331 0
455 332 1
513 312 0
516 321 0
517 331 0
519 346 0
520 359 0
520 365 0
523 367 0
529 359 0
532 357 0
541 347 0
548 341 0
550 341 0
555 350 0
559 356 0
567 363 0
572 366 1
629 303 0
625 307 0
620 312 0
615 321 0
614 331 0
618 337 0
624 343 0
631 348 0
635 351 0
636 355 0
619 361 0
611 364 0
595 368 1
708 310 0
699 313 0
691 318 0
684 323 0
676 331 0
672 337 0
670 346 0
672 354 0
677 361 0
690 362 0
706 357 0
725 344 0
736 333 0
738 331 0
740 329 0
743 326 0
746 326 0
748 330 0
748 340 0
749 349 0
751 355 0
757 359 0
761 361 1
824 318 0
819 319 0
813 325 0
808 336 0
803 348 0
803 355 0
808 359 0
813 360 0
821 355 0
826 346 0
827 336 0
826 326 0
824 321 0
821 317 0
818 314 0
831 314 0
840 312 0
848 310 0
854 309 0
857 308 0
861 313 0
861 323 0
861 327 0
862 337 0
865 347 0
871 351 0
881 348 0
901 331 0
912 322 0
918 319 0
920 325 0
922 333 0
926 339 0
931 343 0
938 344 1
1001 300 0
996 301 0
989 304 0
986 311 0
984 318 0
986 325 0
991 332 0
993 338 0
991 344 0
985 352 0
968 360 0
952 366 0
946 368 1
756 223 0
757 227 0
757 232 1
