until
444 307 0
442 311 0
438 322 0
437 335 0
439 351 0
443 359 0
451 359 0
467 352 0
481 342 0
488 335 0
492 331 0
495 329 0
500 332 0
503 338 0
507 344 0
515 348 0
525 347 0
543 337 0
552 330 0
556 328 0
558 326 0
562 331 0
565 335 0
572 331 0
579 326 0
585 324 0
590 323 0
596 325 0
599 333 0
602 340 0
608 346 0
618 351 0
624 353 0
638 358 1
664 227 0
664 232 0
664 260 0
662 292 0
662 309 0
661 324 0
661 334 0
661 338 0
661 343 0
661 345 0
664 332 0
664 323 0
665 319 0
668 314 0
674 313 0
680 312 0
687 311 0
692 309 0
695 309 0
698 309 0
702 313 0
704 321 0
710 333 0
720 336 0
737 330 0
758 317 0
779 297 0
792 271 0
802 251 0
806 242 0
806 235 0
804 231 0
802 229 0
793 236 0
778 259 0
768 287 0
765 312 0
769 327 0
779 337 0
799 337 0
819 330 0
839 322 1
723 227 0
724 233 1
