they
456 247 0
453 261 0
446 286 0
441 310 0
439 335 0
440 361 0
442 371 0
450 374 1
426 310 0
436 315 0
450 317 0
469 320 0
473 321 1
508 264 0
508 267 0
507 273 0
504 291 0
498 318 0
494 337 0
492 344 0
490 352 0
491 358 0
496 357 0
506 353 0
520 346 0
527 343 0
531 342 0
534 343 0
536 346 0
541 351 0
549 354 0
563 352 0
582 343 0
592 334 0
599 326 0
601 320 0
599 316 0
591 321 0
586 328 0
584 336 0
586 343 0
589 351 0
596 353 0
603 352 0
607 349 0
625 334 0
633 328 0
635 327 0
639 336 0
641 340 0
645 343 0
653 341 0
661 338 0
666 336 0
671 333 0
673 332 0
676 337 0
677 345 0
677 360 0
675 389 0
669 407 0
663 418 0
653 425 0
642 425 0
637 425 0
634 419 0
654 394 0
680 366 0
691 354 1
