joins
460 302 0
462 306 0
466 327 0
473 370 0
474 396 0
472 409 0
468 420 0
461 433 0
457 439 0
454 441 0
452 435 0
455 413 0
464 382 0
476 361 0
486 349 0
491 345 0
503 336 0
523 322 0
534 317 0
537 316 0
542 315 0
537 321 0
534 331 0
533 343 0
534 355 0
538 363 0
545 364 0
549 361 0
554 353 0
555 342 0
549 330 0
547 326 0
542 321 0
549 320 0
559 317 0
564 315 0
569 313 0
576 311 0
579 312 0
583 314 0
585 319 0
584 328 0
585 339 0
589 350 0
592 353 0
601 351 0
620 337 0
630 324 0
633 319 0
638 314 0
640 315 0
642 323 0
645 332 0
647 339 0
649 342 0
654 342 0
661 338 0
671 331 0
681 325 0
689 321 0
692 320 0
697 323 0
699 326 0
702 336 0
710 347 0
719 352 0
736 360 1
796 297 0
790 300 0
779 303 0
766 310 0
762 316 0
761 321 0
763 327 0
767 332 0
771 338 0
773 344 0
771 349 1
456 225 0
458 228 1
589 230 0
589 235 1
