october
404 317 0
396 317 0
388 318 0
382 322 0
375 335 0
376 344 0
381 353 0
387 358 0
397 358 0
407 353 0
414 346 0
417 340 0
417 334 0
412 325 0
420 321 1
507 308 0
495 311 0
488 316 0
485 322 0
485 331 0
489 343 0
501 353 0
517 358 0
533 364 1
550 238 0
551 253 0
551 278 0
553 305 0
556 324 0
558 336 0
558 341 0
562 356 0
557 345 0
554 337 0
552 329 0
562 324 0
573 323 0
584 323 0
590 324 0
596 325 0
602 325 0
598 330 0
595 336 0
593 342 0
594 347 0
612 352 0
632 342 0
641 322 0
640 316 0
634 308 0
618 308 1
680 237 0
680 248 0
676 270 0
672 291 0
671 300 0
671 307 0
677 310 0
689 313 0
699 318 0
707 329 0
706 336 0
703 341 0
697 345 0
687 347 0
676 344 0
671 342 1
745 320 0
755 320 0
760 315 0
764 310 0
765 304 0
756 301 0
748 309 0
744 317 0
744 324 0
747 333 0
755 340 0
767 342 0
784 338 0
797 332 0
803 330 0
809 329 0
817 338 0
817 330 0
820 323 0
824 313 0
832 303 0
838 298 0
851 296 0
865 294 0
880 292 1
