augusta
290 289 0
288 286 0
282 284 0
274 286 0
263 293 0
251 303 0
240 319 0
239 328 0
241 334 0
246 338 0
254 337 0
273 323 0
285 310 0
291 301 0
295 296 0
298 292 0
299 289 0
300 300 0
300 318 0
301 332 0
302 336 0
307 337 0
323 330 0
345 310 0
358 296 0
361 291 0
362 289 0
365 290 0
364 293 0
364 305 0
363 320 0
364 327 0
368 330 0
376 326 0
385 318 0
392 309 0
396 306 0
402 301 0
406 311 0
411 320 0
420 326 1
496 290 0
490 290 0
478 291 0
465 294 0
456 299 0
451 303 0
449 310 0
449 315 0
452 317 0
461 315 0
471 308 0
476 302 0
479 299 0
484 295 0
486 298 0
490 315 0
492 347 0
490 377 0
485 402 0
480 418 0
472 424 0
459 418 0
457 412 0
456 400 0
464 379 0
477 356 0
487 340 0
499 325 0
507 316 0
512 311 0
515 306 0
519 302 0
522 301 0
521 306 0
521 313 0
523 319 0
529 322 0
540 319 0
554 311 0
562 304 0
567 298 0
570 296 0
572 300 0
575 311 0
581 322 0
588 324 0
596 324 1
654 260 0
645 263 0
633 270 0
623 281 0
618 289 0
618 292 0
627 300 0
635 303 0
644 306 0
650 308 0
652 310 0
650 313 0
645 318 0
635 321 1
718 195 0
718 200 0
716 209 0
714 230 0
713 262 0
710 287 0
710 300 0
710 311 0
710 317 0
710 321 0
703 313 0
700 307 0
699 300 0
702 293 0
708 290 0
712 288 0
726 286 0
744 285 0
761 283 1
806 284 0
802 284 0
780 287 0
762 295 0
752 300 0
747 305 0
746 312 0
749 318 0
759 322 0
777 317 0
788 312 0
796 304 0
801 296 0
803 294 0
806 297 0
808 306 0
840 321 0
868 330 0
881 333 1
