crime
495 293 0
490 293 0
483 293 0
473 295 0
465 297 0
456 302 0
447 311 0
440 324 0
438 337 0
443 348 0
461 348 0
483 342 0
496 334 0
503 329 0
505 328 0
508 328 0
511 332 0
511 341 0
512 350 0
512 357 0
513 361 0
513 346 0
513 328 0
514 320 0
516 316 0
517 313 0
520 310 0
526 311 0
532 310 0
538 308 0
540 307 0
544 306 0
548 306 0
549 323 0
550 335 0
553 343 0
555 347 0
564 348 0
583 336 0
596 323 0
600 319 0
602 316 0
604 315 0
607 315 0
608 320 0
609 328 0
610 332 0
612 336 0
615 334 0
621 325 0
625 320 0
627 317 0
635 316 0
638 319 0
640 323 0
644 330 0
646 335 0
651 338 0
660 331 0
672 323 0
679 319 0
683 317 0
686 316 0
691 319 0
696 325 0
702 330 0
709 336 0
722 337 0
736 331 0
751 323 0
758 315 0
763 306 0
763 298 0
760 296 0
752 304 0
746 326 0
746 333 0
757 334 0
770 332 0
788 328 1
556 211 0
558 220 0
562 230 0
569 247 0
571 252 1
