good
517 299 0
508 293 0
499 293 0
491 295 0
483 301 0
479 310 0
478 320 0
488 326 0
501 322 0
521 309 0
530 301 0
533 308 0
533 319 0
532 334 0
530 364 0
527 391 0
516 412 0
506 420 0
497 423 0
485 419 0
478 411 0
477 395 0
490 366 0
525 323 0
546 313 0
564 302 0
572 298 0
578 296 0
576 308 0
574 320 0
574 326 0
593 328 0
616 317 0
626 309 0
631 302 0
631 294 0
626 287 0
618 283 0
605 284 0
592 290 0
584 295 0
567 302 1
683 280 0
670 289 0
651 304 0
645 314 0
643 322 0
644 329 0
654 333 0
680 322 0
695 310 0
696 302 0
694 294 0
689 284 0
678 281 1
773 283 0
767 284 0
751 287 0
733 293 0
713 302 0
706 306 0
704 311 0
709 318 0
722 322 0
747 315 0
760 303 0
772 282 0
779 264 0
782 254 0
783 246 0
784 241 0
782 256 0
781 286 0
782 311 0
786 324 0
792 327 1
