immedi
322 300 0
321 303 0
319 309 0
319 320 0
325 344 0
332 349 0
341 345 0
364 328 0
376 316 0
381 313 0
383 312 0
387 313 0
390 324 0
392 332 0
395 337 0
399 341 0
404 339 0
409 332 0
416 326 0
420 323 0
427 322 0
430 324 0
433 326 0
435 328 0
439 329 0
445 326 0
453 323 0
456 321 0
460 320 0
466 321 0
473 323 0
478 325 0
481 327 0
484 330 0
487 330 0
496 327 0
506 321 0
515 316 0
519 313 0
524 312 0
526 314 0
528 317 0
530 322 0
531 325 0
537 324 0
546 321 0
555 318 0
561 316 0
565 315 0
567 315 0
570 318 0
572 322 0
574 325 0
585 324 0
600 319 0
612 317 0
621 318 0
629 320 0
633 322 0
640 326 0
645 328 0
651 329 0
658 326 0
660 325 0
668 318 0
673 310 0
677 302 0
677 297 0
672 298 0
667 304 0
665 316 0
665 330 0
673 335 1
766 310 0
756 309 0
748 310 0
738 315 0
728 324 0
721 335 0
721 340 0
726 339 0
735 333 0
763 312 0
779 288 0
790 263 0
796 246 0
797 240 0
798 236 0
790 245 0
770 278 0
759 308 0
757 316 0
759 323 0
765 327 0
778 322 0
804 309 0
820 298 0
825 294 0
828 293 0
828 304 0
828 314 0
827 321 0
829 326 0
833 329 0
839 327 1
835 235 1
333 222 0
334 227 1
818 227 0
820 232 1
