with
449 310 0
448 321 0
447 332 0
448 345 0
450 357 0
456 365 0
465 364 0
478 356 0
488 348 0
495 342 0
498 341 0
501 340 0
503 342 0
514 350 0
520 351 0
525 350 0
530 346 0
533 342 0
533 337 0
535 328 0
536 323 0
538 320 0
546 317 0
554 316 0
562 314 0
571 313 0
576 311 0
580 310 0
583 309 0
587 309 0
588 315 0
589 323 0
591 334 0
595 342 0
605 346 0
620 344 0
637 341 0
640 340 1
652 235 0
652 241 0
653 250 0
654 277 0
655 304 0
657 327 0
659 338 0
660 345 0
662 348 0
655 336 0
653 329 0
652 325 0
652 323 0
654 320 0
659 319 0
671 316 0
689 311 0
705 304 0
707 300 0
719 278 0
724 256 0
724 249 0
721 247 0
717 253 0
711 271 0
706 296 0
703 321 0
704 333 0
706 340 0
707 342 0
712 340 0
726 329 0
736 324 0
743 324 0
749 327 0
754 332 0
757 336 0
763 341 0
768 346 0
773 348 1
581 236 0
584 248 1
