eight
416 322 0
423 323 0
430 320 0
440 315 0
448 307 0
452 299 0
452 293 0
444 288 0
438 292 0
428 312 0
420 346 0
420 358 0
429 362 0
438 358 0
458 343 0
471 327 0
479 317 0
484 312 0
486 309 0
490 314 0
493 323 0
496 329 0
502 333 0
516 331 0
528 329 0
544 324 1
587 309 0
579 309 0
571 310 0
563 313 0
555 320 0
551 327 0
552 330 0
560 328 0
568 325 0
576 325 0
581 327 0
586 338 0
590 363 0
591 388 0
585 405 0
579 416 0
574 422 0
569 425 0
567 423 0
569 414 0
574 403 0
584 383 0
592 369 0
602 354 0
630 305 0
641 277 0
644 255 0
645 240 0
645 236 0
645 232 0
642 254 0
638 286 0
636 314 0
636 332 0
640 339 0
649 331 0
657 323 0
662 320 0
667 320 0
670 323 0
675 327 0
682 332 0
689 335 0
696 335 0
705 327 0
717 310 0
721 303 0
732 279 0
741 248 0
742 243 0
743 241 0
744 250 0
746 272 0
747 298 0
746 318 0
746 327 0
746 330 0
746 334 0
745 328 0
744 322 0
745 318 0
753 315 0
759 311 1
504 232 0
502 238 0
504 251 0
506 261 0
509 277 1
