hereby
376 250 0
377 263 0
380 289 0
381 317 0
381 329 0
382 339 0
383 342 0
384 344 0
389 336 0
398 326 0
406 318 0
411 316 0
417 318 0
420 324 0
424 331 0
432 340 0
444 344 0
462 341 0
481 329 0
497 318 0
498 316 0
499 313 0
492 312 0
486 312 0
481 315 0
476 322 0
475 328 0
477 334 0
482 339 0
489 340 0
497 339 0
504 337 0
508 336 0
512 336 0
519 343 0
523 343 0
526 336 0
528 329 0
530 324 0
531 322 0
534 320 0
542 320 0
548 322 0
567 324 0
582 324 0
588 322 0
592 316 0
596 309 0
597 306 0
596 301 0
590 303 0
585 305 0
580 312 0
574 323 0
573 334 0
579 343 0
592 346 0
617 343 0
636 339 1
631 245 0
632 250 0
632 269 0
632 298 0
634 313 0
634 317 0
636 320 0
644 315 0
659 312 0
671 310 0
679 310 0
684 311 0
688 315 0
687 320 0
683 325 0
671 332 0
659 339 0
654 342 1
727 307 0
725 315 0
724 320 0
725 326 0
729 328 0
734 326 0
742 323 0
746 320 0
751 318 0
753 317 0
756 318 0
757 322 0
758 335 0
757 362 0
755 383 0
752 400 0
748 412 0
744 418 0
739 419 0
733 410 0
730 391 0
747 365 0
777 335 0
785 327 0
792 318 1
