yourself
386 302 0
385 311 0
386 322 0
389 330 0
396 334 0
407 331 0
420 322 0
428 316 0
431 314 0
434 313 0
438 315 0
442 325 0
447 353 0
447 380 0
443 403 0
438 418 0
427 431 0
422 434 0
413 432 0
408 424 0
408 406 0
419 378 0
437 356 0
459 339 0
470 331 0
474 328 0
476 334 0
477 341 0
482 347 0
488 349 0
501 343 0
518 329 0
525 320 0
526 312 0
525 305 0
520 299 0
512 299 0
504 301 0
498 307 0
493 311 1
563 293 0
563 302 0
562 312 0
563 325 0
566 333 0
571 335 0
580 330 0
590 320 0
596 312 0
598 309 0
602 306 0
603 312 0
603 317 0
606 322 0
611 326 0
619 327 0
627 326 0
635 324 0
640 323 0
645 326 0
650 334 0
652 338 0
655 333 0
655 326 0
656 319 0
657 316 0
662 311 0
669 305 0
679 300 0
697 285 1
718 288 0
715 292 0
714 297 0
717 300 0
720 306 0
721 315 0
719 322 0
715 328 0
709 331 0
706 330 1
766 310 0
769 310 0
769 302 0
767 293 0
764 287 0
761 284 0
755 290 0
753 300 0
753 317 0
760 330 0
785 327 0
826 305 0
844 285 0
856 266 0
863 256 0
865 246 0
866 240 0
864 238 0
861 238 0
854 239 0
844 248 0
832 269 0
825 291 0
825 306 0
830 319 0
839 327 0
850 325 0
882 301 0
900 278 0
912 257 0
919 246 0
921 240 0
922 235 0
912 254 0
904 284 0
900 316 0
900 345 0
898 362 0
897 368 0
896 372 0
888 351 0
884 335 0
884 330 0
886 326 0
891 325 0
905 321 0
921 317 0
938 312 1
