with
428 323 0
428 334 0
431 354 0
434 368 0
441 373 0
449 373 0
465 359 0
470 354 0
472 353 0
476 353 0
479 356 0
483 358 0
495 362 0
503 363 0
507 362 0
511 356 0
514 349 0
516 341 0
517 336 0
518 333 0
524 333 0
535 334 0
542 333 0
547 332 0
551 332 0
555 331 0
559 332 0
558 335 0
562 347 0
565 356 0
572 361 0
579 362 1
630 242 0
630 252 0
629 274 0
629 300 0
628 323 0
629 338 0
629 349 0
630 357 0
630 363 0
623 351 0
619 335 0
618 326 0
621 322 0
627 319 0
643 316 0
666 309 0
681 300 0
692 287 0
699 269 0
700 249 0
699 247 0
698 243 0
690 275 0
683 303 0
680 325 0
681 339 0
682 343 0
684 346 0
694 340 0
708 329 0
716 324 0
720 323 0
724 325 0
728 331 0
735 338 0
743 340 1
555 253 0
558 260 1
