the
492 258 0
493 265 0
490 281 0
488 306 0
485 327 0
484 350 0
485 366 0
488 376 0
494 381 0
506 383 0
525 380 0
543 376 1
463 335 0
466 337 0
475 338 0
503 334 0
520 331 0
535 327 1
560 277 0
560 280 0
560 289 0
558 308 0
555 331 0
553 339 0
554 343 0
554 354 0
555 357 0
557 360 0
566 357 0
574 353 0
580 350 0
585 348 0
588 347 0
590 348 0
593 351 0
602 359 0
617 366 0
628 368 0
645 361 0
658 351 0
665 344 0
668 335 0
668 330 0
665 326 0
661 325 0
658 328 0
655 337 0
653 342 0
652 347 0
659 357 0
670 362 0
689 370 1
