provide
370 296 0
374 326 0
377 357 0
377 379 0
377 389 0
377 393 0
377 396 0
374 393 0
368 369 0
367 323 0
372 304 0
379 294 0
389 283 0
401 280 0
406 280 0
410 286 0
412 296 0
408 307 0
398 318 0
391 324 0
389 326 1
450 285 0
452 288 0
450 298 0
448 315 0
447 324 0
446 328 0
444 332 0
444 322 0
444 310 0
445 299 0
449 293 0
455 288 0
463 286 0
473 287 0
483 290 0
493 293 0
500 295 0
503 296 0
505 296 0
508 303 0
511 313 0
514 317 0
520 317 0
525 315 0
529 304 0
529 291 0
524 279 0
518 277 0
512 277 0
506 283 0
503 290 1
563 273 0
563 277 0
564 284 0
565 295 0
565 299 0
567 307 0
569 313 0
573 315 0
584 298 0
592 286 0
597 281 1
638 271 0
638 274 0
638 277 0
638 284 0
637 293 0
638 302 0
641 307 0
649 311 1
749 285 0
741 282 0
730 280 0
714 279 0
699 283 0
691 289 0
685 297 0
683 304 0
684 310 0
691 312 0
703 310 0
725 293 0
743 270 0
747 263 0
754 247 0
757 232 0
759 226 0
759 222 0
754 236 0
744 266 0
742 291 0
745 304 0
752 312 0
765 314 0
777 310 0
793 292 0
799 282 0
800 277 0
799 273 0
798 271 0
793 279 0
786 291 0
785 299 0
788 307 0
806 309 0
824 310 0
841 311 1
650 201 0
653 209 0
655 212 1
