good
515 283 0
511 281 0
504 282 0
497 287 0
486 298 0
481 308 0
479 318 0
482 319 0
489 317 0
504 307 0
516 297 0
522 293 0
527 306 0
529 328 0
530 358 0
527 387 0
522 403 0
520 407 0
512 408 0
507 406 0
503 399 0
505 385 0
515 359 0
527 336 0
539 323 0
545 317 0
548 313 0
551 311 0
555 310 0
558 313 0
563 317 0
579 318 0
596 314 0
605 308 0
613 296 0
614 291 0
608 286 0
600 283 0
587 287 0
581 294 1
664 296 0
657 298 0
650 301 0
645 305 0
643 311 0
644 316 0
652 319 0
665 317 0
675 313 0
680 308 0
681 302 0
677 294 0
668 289 0
662 287 1
768 288 0
763 287 0
753 286 0
737 287 0
720 293 0
705 302 0
699 309 0
700 317 0
705 321 0
715 318 0
739 303 0
757 282 0
770 259 0
775 247 0
778 240 0
780 236 0
776 247 0
762 293 0
763 302 0
770 307 0
781 312 0
797 318 1
