that
504 233 0
506 240 0
504 254 0
499 276 0
493 305 0
484 330 0
483 345 0
484 364 0
491 373 0
499 375 0
526 371 0
545 366 0
563 360 1
481 313 0
492 315 1
583 246 0
584 254 0
582 272 0
577 302 0
573 328 0
570 342 0
568 349 0
579 349 0
602 334 0
614 329 0
620 327 0
625 332 0
627 338 0
630 348 0
634 356 0
640 358 1
704 307 0
694 309 0
684 312 0
669 320 0
661 330 0
657 338 0
684 359 0
690 356 0
696 350 0
703 342 0
708 336 0
719 363 0
728 365 1
787 237 0
785 248 0
782 265 0
776 312 0
772 350 0
772 364 0
772 372 0
769 366 0
765 349 0
763 337 0
762 330 0
762 321 0
770 317 1
