company
351 288 0
343 289 0
334 292 0
321 300 0
310 308 0
300 324 0
293 340 0
293 356 0
296 368 0
302 373 0
322 370 0
337 368 0
353 366 1
389 310 0
386 319 0
382 330 0
382 344 0
388 361 0
398 365 0
410 364 0
418 359 0
440 330 0
445 317 0
437 306 0
430 303 0
424 304 1
468 290 0
475 323 0
476 347 0
477 365 0
479 372 0
482 365 0
490 348 0
498 333 0
505 324 0
511 329 0
515 334 0
522 333 0
533 328 0
543 325 0
549 325 0
556 333 0
560 339 0
564 344 1
603 320 0
604 326 0
606 340 0
608 369 0
610 394 0
610 409 0
608 417 0
597 387 0
596 355 0
601 330 0
610 318 0
627 304 0
639 301 0
647 303 0
652 305 0
643 322 0
625 330 0
620 332 0
608 333 1
736 307 0
725 307 0
714 307 0
704 309 0
696 312 0
691 319 0
688 328 0
690 336 0
702 339 0
714 329 0
720 324 0
725 318 0
733 315 0
737 326 0
743 337 0
750 342 0
758 342 0
771 334 0
782 320 0
786 312 0
790 306 0
796 310 0
796 317 0
796 323 0
805 321 0
813 317 0
820 314 0
827 313 0
829 319 0
834 326 0
844 331 0
852 330 0
860 325 0
867 320 0
874 311 0
879 307 0
882 318 0
888 329 0
896 337 0
902 339 0
912 333 0
917 327 0
923 321 0
930 315 0
933 330 0
935 351 0
934 379 0
930 403 0
927 411 0
921 416 0
910 418 0
896 414 0
892 407 0
898 394 0
926 363 0
943 344 1
