orders
416 276 0
407 282 0
400 287 0
392 298 0
386 312 0
383 325 0
387 333 0
392 337 0
403 337 0
414 333 0
419 325 0
421 311 0
419 299 0
416 290 0
414 284 0
423 290 0
448 294 0
464 295 0
471 296 0
475 301 0
476 308 0
476 317 0
476 323 0
475 318 0
476 309 0
477 303 0
482 295 0
492 292 1
566 283 0
559 283 0
553 283 0
548 284 0
538 293 0
533 301 0
530 309 0
529 317 0
530 325 0
566 288 0
582 256 0
586 244 0
588 236 0
587 229 0
587 219 0
583 230 0
577 257 0
575 284 0
576 302 0
581 316 0
589 325 0
600 328 0
617 322 0
638 308 0
649 295 0
652 276 0
651 266 0
645 264 0
639 271 0
632 283 0
628 295 0
628 305 0
632 313 0
639 318 0
649 320 0
657 319 0
665 316 0
673 313 0
679 312 0
686 318 0
687 303 0
687 292 0
687 284 0
694 276 1
756 252 0
749 259 0
742 265 0
741 275 0
745 282 0
751 289 0
756 296 0
752 308 1
