with
402 298 0
403 302 0
403 305 0
404 317 0
407 334 0
411 346 0
417 351 0
426 352 0
435 348 0
442 345 0
445 343 0
450 341 0
459 343 0
465 343 0
472 341 0
479 335 0
487 327 0
492 321 0
493 317 0
496 312 0
498 311 0
504 310 0
513 308 0
521 308 0
527 308 0
530 308 0
533 308 0
536 309 0
539 321 0
542 330 0
547 338 0
553 342 0
556 342 0
574 334 0
595 325 1
603 227 0
605 237 0
608 263 0
610 288 0
610 307 0
612 320 0
613 326 0
614 330 0
615 333 0
615 335 0
613 324 0
611 316 0
610 313 0
610 311 0
620 307 0
638 305 0
662 292 0
673 281 0
680 266 0
685 250 0
686 242 0
685 238 0
681 239 0
675 250 0
671 265 0
666 287 0
666 295 0
667 305 0
669 313 0
673 317 0
674 319 0
678 318 0
682 316 0
685 315 0
689 315 0
694 319 0
699 322 0
705 325 0
711 327 0
718 326 1
538 225 0
540 229 1
