will
443 313 0
443 317 0
442 326 0
445 344 0
451 363 0
462 363 0
473 358 0
481 352 0
486 350 0
489 348 0
491 347 0
495 348 0
500 349 0
507 347 0
516 340 0
523 332 0
527 325 0
529 319 0
531 315 0
533 312 0
538 311 0
550 312 0
561 312 0
569 312 0
575 312 0
578 312 0
581 314 0
584 326 0
587 335 0
593 342 0
604 344 0
628 335 0
654 318 0
672 296 0
681 272 0
685 255 0
684 246 0
682 243 0
674 242 0
662 252 0
645 278 0
638 304 0
639 321 0
646 329 0
660 333 0
683 328 0
706 315 0
732 284 0
740 272 0
740 268 0
740 256 0
737 251 0
731 254 0
721 268 0
709 291 0
706 309 0
710 322 0
724 330 0
736 333 0
751 337 1
592 232 0
593 237 0
597 243 1
