that
468 260 0
469 263 0
463 275 0
462 278 0
454 307 0
451 355 0
455 375 0
461 382 0
471 390 0
485 394 0
506 399 1
436 330 0
441 333 0
451 333 0
469 327 0
487 321 1
529 278 0
529 282 0
529 289 0
528 302 0
526 333 0
526 356 0
527 366 0
528 371 0
531 376 0
541 373 0
550 366 0
562 357 0
568 355 0
574 352 0
579 354 0
581 359 0
585 366 0
591 373 0
597 377 1
670 340 0
663 339 0
655 338 0
647 338 0
636 341 0
625 347 0
615 359 0
614 367 0
617 373 0
626 376 0
646 374 0
661 364 0
668 359 0
672 354 0
676 352 0
678 350 0
678 354 0
679 361 0
682 370 0
686 375 0
688 376 0
701 377 0
722 378 0
726 378 1
744 259 0
744 263 0
745 275 0
746 294 0
747 321 0
749 348 0
749 363 0
749 367 0
749 372 0
749 374 0
749 377 0
745 367 0
741 358 0
737 351 0
731 332 0
730 328 0
730 325 0
732 322 0
740 325 0
767 327 0
787 329 0
792 329 1
