court
488 297 0
476 300 0
462 306 0
448 317 0
437 329 0
435 337 0
439 347 0
446 354 0
463 357 0
481 362 1
536 312 0
535 315 0
528 328 0
527 337 0
529 344 0
535 345 0
546 342 0
554 334 0
559 325 0
561 317 0
558 309 0
548 301 0
538 301 0
526 304 0
519 310 0
517 314 1
596 301 0
596 305 0
595 314 0
592 325 0
593 335 0
594 341 0
597 343 0
604 341 0
615 330 0
622 322 0
624 319 0
629 317 0
633 326 0
636 334 0
640 340 0
646 341 0
656 342 0
666 341 0
672 340 0
693 332 0
702 330 0
705 330 0
709 336 0
709 339 0
709 342 0
712 326 0
715 310 0
717 304 0
716 299 0
727 301 0
740 301 0
754 299 0
764 297 1
793 212 0
793 217 0
792 230 0
791 258 0
787 288 0
783 317 0
781 343 0
781 359 0
781 364 0
781 366 0
777 355 0
773 344 0
771 334 0
771 326 0
771 323 0
772 317 0
777 312 0
789 310 0
810 309 0
832 306 1
