for
497 304 0
503 306 0
514 299 0
534 280 0
548 261 0
550 250 0
550 244 0
549 241 0
544 246 0
539 265 0
532 296 0
529 327 0
528 354 0
526 374 0
525 385 0
526 388 0
529 381 0
530 370 0
531 347 0
534 328 0
536 321 0
538 318 0
543 315 0
550 313 0
566 313 0
588 315 0
596 315 0
599 315 0
602 315 0
592 315 0
584 319 0
579 326 0
577 332 0
576 335 0
579 342 0
586 344 0
592 340 0
598 331 0
601 321 0
601 318 0
602 314 0
612 315 0
621 316 0
631 314 0
643 311 0
650 310 0
653 309 0
658 309 0
660 313 0
661 322 0
661 329 0
661 334 0
661 337 0
661 321 0
664 306 0
666 298 0
669 292 0
672 293 0
686 296 0
705 299 0
710 300 1
