stewart
415 296 0
408 301 0
400 311 0
393 322 0
391 329 0
394 334 0
402 341 0
421 351 0
435 360 0
442 367 0
444 372 0
442 380 0
433 388 0
418 393 0
405 389 0
399 385 0
383 377 1
474 224 0
478 234 0
480 262 0
481 301 0
481 328 0
479 354 0
477 367 0
476 374 0
475 376 0
475 379 0
475 383 0
470 381 0
465 378 0
462 376 0
457 373 0
454 368 0
454 363 0
455 359 0
459 354 0
465 351 0
483 351 0
509 352 0
524 351 0
533 349 0
538 348 0
543 347 0
546 340 0
545 332 0
542 324 0
539 318 0
534 317 0
530 317 0
522 326 0
520 339 0
520 359 0
525 370 0
534 375 0
549 375 0
566 373 0
574 372 1
596 312 0
595 319 0
594 328 0
593 337 0
593 349 0
594 357 0
595 359 0
603 355 0
606 354 0
609 354 0
612 353 0
619 360 0
624 366 0
633 373 0
639 371 0
647 365 0
655 355 0
663 334 0
664 327 1
744 332 0
731 326 0
719 329 0
705 336 0
698 343 0
694 350 0
695 359 0
700 364 0
706 365 0
717 361 0
728 356 0
733 351 0
737 348 0
740 346 0
743 352 0
744 356 0
746 359 0
756 363 0
773 361 0
781 360 0
788 360 0
793 360 0
796 362 0
799 365 0
801 363 0
801 347 0
802 338 0
805 331 0
811 326 0
821 319 0
832 311 0
840 305 1
878 230 0
874 238 0
872 254 0
872 283 0
872 313 0
873 340 0
872 356 0
873 364 0
873 368 0
867 357 0
864 348 0
861 333 0
861 327 0
865 323 0
877 319 0
891 314 0
907 308 1
