enter
362 368 0
365 371 0
374 371 0
399 362 0
406 359 0
421 345 0
431 331 0
433 326 0
432 323 0
428 322 0
418 324 0
402 336 0
388 356 0
384 370 0
386 379 0
395 383 0
413 382 0
438 369 0
451 357 0
458 351 0
464 346 0
467 343 0
469 345 0
469 355 0
469 369 0
470 376 0
474 379 0
481 376 0
492 368 0
502 361 0
505 358 0
515 355 0
520 355 0
523 358 0
526 365 0
530 371 1
580 252 0
576 261 0
573 277 0
569 303 0
568 330 0
568 349 0
569 366 0
569 378 0
569 385 0
569 389 0
563 378 0
560 367 0
559 359 0
561 354 0
573 350 0
587 348 0
604 346 0
616 342 0
625 339 0
629 337 0
632 336 0
627 334 0
621 337 0
618 348 0
619 359 0
625 366 0
633 370 0
644 371 0
654 369 0
662 368 0
665 368 0
668 368 0
671 371 0
674 374 0
678 377 0
680 370 0
680 361 0
681 349 0
684 342 0
691 337 0
701 334 0
719 327 0
721 326 1
