rendezvous
172 297 0
173 307 0
173 320 0
173 335 0
174 346 0
174 355 0
174 360 0
174 363 0
173 351 0
173 348 0
173 335 0
178 327 0
182 324 0
188 323 0
197 325 0
206 328 0
218 330 0
234 326 0
245 321 0
251 316 0
254 309 0
254 302 0
252 296 0
247 295 0
240 300 0
231 310 0
223 326 0
221 340 0
223 347 0
228 352 0
237 354 0
249 351 0
270 337 0
288 321 0
294 312 0
296 309 0
301 307 0
301 313 0
302 325 0
303 336 0
304 342 0
305 345 0
314 339 0
320 334 0
323 331 0
328 328 0
331 327 0
332 330 0
339 339 0
344 344 0
347 347 1
427 322 0
412 317 0
387 314 0
372 316 0
360 325 0
354 335 0
349 351 0
352 362 0
357 366 0
366 363 0
389 349 0
406 328 0
418 302 0
424 273 0
427 254 0
428 248 0
429 245 0
427 260 0
424 288 0
423 313 0
426 330 0
431 339 0
438 348 0
450 350 0
469 343 0
487 326 0
491 317 0
491 310 0
491 306 0
487 307 0
481 312 0
473 326 0
469 337 0
472 348 0
478 355 0
490 357 0
500 357 0
515 357 1
527 300 0
530 303 0
539 303 0
544 303 0
547 303 0
549 311 0
549 324 0
551 335 0
555 344 0
562 350 0
565 351 1
533 339 0
542 341 0
559 337 0
578 332 0
583 331 1
611 306 0
612 310 0
612 315 0
614 325 0
616 334 0
617 341 0
619 345 0
619 348 0
623 348 0
631 335 0
641 322 0
647 313 1
686 317 0
680 327 0
678 334 0
679 340 0
683 343 0
690 342 0
697 339 0
702 334 0
705 329 0
705 323 0
703 315 0
703 313 0
701 310 0
709 307 0
721 305 0
736 302 0
748 300 0
754 300 0
758 302 0
758 305 0
759 313 0
760 323 0
761 334 0
763 339 0
767 342 0
774 338 0
782 332 0
790 325 0
793 323 0
795 319 0
798 320 0
800 329 0
806 333 0
818 333 0
836 331 0
843 330 1
865 285 0
857 290 0
849 296 0
842 304 0
841 309 0
840 314 0
848 320 0
857 326 0
869 334 0
876 339 0
879 343 0
879 349 0
872 355 0
859 362 0
843 370 0
840 372 1
