spect
530 299 0
527 301 0
519 304 0
510 311 0
504 318 0
502 324 0
504 332 0
510 341 0
517 352 0
525 361 0
530 369 0
532 375 0
532 381 0
532 383 0
523 391 0
505 397 0
497 399 0
500 391 1
567 330 0
570 335 0
572 351 0
574 383 0
575 410 0
574 430 0
573 439 0
573 442 0
572 436 0
569 409 0
568 373 0
572 349 0
579 334 0
583 328 0
592 327 0
597 328 0
601 336 0
602 344 0
601 354 0
596 361 0
591 366 0
575 359 1
634 347 0
639 348 0
647 347 0
653 346 0
658 344 0
661 342 0
660 339 0
656 335 0
651 332 0
647 330 0
641 338 0
638 358 0
641 372 0
650 377 0
662 380 0
681 383 1
735 313 0
731 316 0
723 319 0
716 325 0
708 334 0
701 346 0
697 360 0
698 368 0
703 373 0
716 373 0
738 368 0
745 367 0
760 363 1
773 249 0
776 252 0
778 262 0
781 283 0
783 309 0
783 333 0
783 351 0
783 362 0
783 367 0
783 371 0
779 364 0
775 353 0
772 338 0
771 330 0
771 327 0
771 324 0
776 323 0
784 323 1
