captain
450 312 0
443 306 0
433 302 0
423 299 0
412 300 0
403 304 0
396 312 0
390 327 0
389 346 0
392 362 0
398 368 0
410 368 0
419 368 0
435 366 1
510 322 0
501 319 0
488 325 0
473 338 0
468 347 0
467 353 0
470 355 0
476 353 0
486 347 0
494 339 0
501 332 0
504 328 0
507 326 0
509 325 0
509 331 0
511 339 0
516 349 0
523 353 0
535 353 0
550 346 0
556 340 0
560 336 0
565 332 0
566 329 0
569 345 0
567 395 0
567 402 0
567 406 0
563 354 0
562 320 0
564 303 0
569 292 0
578 285 0
589 283 0
603 290 0
612 297 0
615 304 0
614 316 0
607 332 0
596 345 0
587 349 1
643 233 0
645 246 0
644 270 0
646 293 0
647 318 0
648 333 0
649 341 0
649 344 0
644 331 0
643 323 0
646 317 0
653 314 0
668 312 0
690 309 0
703 309 0
711 308 0
715 308 0
720 308 0
695 319 0
687 326 0
683 332 0
682 338 0
685 342 0
692 344 0
708 341 0
720 334 0
729 325 0
732 321 0
733 318 0
733 313 0
736 314 0
738 321 0
740 327 0
742 332 0
747 337 0
751 338 0
755 334 0
760 327 0
766 319 0
776 304 0
778 301 0
782 308 0
785 318 0
789 329 0
795 336 0
803 337 0
817 330 0
829 321 0
837 314 0
844 306 0
848 302 0
850 300 0
852 305 0
854 314 0
856 323 0
860 327 0
866 326 0
881 320 0
895 314 0
906 312 0
913 312 0
920 321 0
927 329 0
936 335 0
947 336 0
965 336 0
967 336 1
810 232 0
805 236 0
801 237 1
