march
415 302 0
418 305 0
421 322 0
424 350 0
425 365 0
425 369 0
425 373 0
430 366 0
435 357 0
441 346 0
448 338 0
459 331 0
466 331 0
471 335 0
477 343 0
482 352 0
486 358 0
491 359 0
504 352 0
522 339 0
528 335 0
534 335 0
538 336 0
541 340 0
544 345 0
546 349 0
548 351 0
550 355 1
653 322 0
644 322 0
633 324 0
623 326 0
615 329 0
607 332 0
601 337 0
597 344 0
595 354 0
595 362 0
600 365 0
607 363 0
622 353 0
632 343 0
637 337 0
640 333 0
642 330 0
646 336 0
648 342 0
653 348 0
660 352 0
669 351 0
679 347 0
688 343 0
692 342 0
696 343 0
698 343 0
699 347 0
701 351 0
702 353 0
705 341 0
707 335 0
707 331 0
709 326 0
713 325 0
720 324 0
722 324 1
801 301 0
796 304 0
788 307 0
778 316 0
767 327 0
758 343 0
757 351 0
760 357 0
767 359 0
791 350 0
816 330 0
835 307 0
844 280 0
845 254 0
843 242 0
842 238 0
840 236 0
835 246 0
832 254 0
825 276 0
820 310 0
819 337 0
821 340 0
834 338 0
853 326 0
864 321 0
867 320 0
872 319 0
876 328 0
880 335 0
883 342 0
887 348 1
