alterns
350 305 0
345 300 0
338 297 0
331 297 0
321 302 0
302 318 0
293 335 0
293 347 0
302 351 0
320 342 0
340 328 0
351 318 0
357 313 0
359 310 0
361 316 0
362 329 0
366 342 0
371 346 0
381 345 0
404 332 0
426 311 0
452 273 0
466 245 0
472 225 0
473 216 0
473 212 0
465 221 0
445 253 0
424 300 0
421 318 0
424 328 0
443 327 0
469 310 0
488 286 0
502 261 0
510 246 0
513 240 0
515 236 0
514 248 0
502 288 0
497 308 0
496 319 0
496 325 0
496 330 0
496 333 0
496 335 0
496 338 0
494 330 0
493 325 0
493 321 0
499 318 0
508 318 0
520 318 0
537 316 0
547 313 0
553 310 0
558 301 0
558 296 0
555 293 0
551 294 0
547 297 0
543 303 0
541 311 0
541 320 0
544 328 0
551 331 0
562 331 0
576 329 0
583 328 0
589 329 0
593 330 0
596 332 0
596 323 0
597 318 0
600 312 0
602 307 0
606 303 0
612 300 0
617 298 0
622 298 0
626 300 0
629 302 0
633 310 0
637 319 0
640 326 0
643 329 0
647 330 0
654 325 0
663 318 0
670 313 0
674 310 0
679 308 0
681 310 0
687 319 0
694 323 1
764 265 0
750 276 0
740 287 0
736 292 0
737 296 0
744 299 0
753 303 0
763 306 0
769 308 0
771 312 0
769 317 0
760 325 0
751 329 0
731 337 1
