with
471 303 0
472 306 0
472 313 0
474 332 0
481 347 0
487 351 0
494 351 0
500 348 0
503 347 0
509 344 0
514 341 0
517 343 0
521 344 0
529 344 0
538 339 0
546 331 0
553 323 0
555 319 0
555 314 0
555 307 0
559 307 0
566 306 0
573 305 0
580 304 0
587 303 0
591 305 0
592 310 0
594 320 0
596 328 0
600 335 0
606 338 0
612 339 0
620 338 0
625 336 0
630 333 0
634 330 0
639 326 0
643 322 0
647 319 0
652 307 0
658 283 0
663 258 0
665 250 0
667 243 0
669 237 0
670 233 0
670 260 0
666 288 0
664 313 0
664 331 0
664 337 0
665 341 0
666 343 0
663 330 0
659 321 0
657 315 0
655 308 0
660 308 0
679 302 0
704 290 0
717 279 0
732 261 0
739 249 0
741 242 0
742 237 0
743 234 0
738 237 0
732 242 0
720 260 0
716 274 0
713 291 0
716 303 0
718 314 0
719 320 0
721 324 0
722 327 0
725 330 0
728 329 0
734 327 0
739 325 0
744 323 0
748 322 0
751 323 0
755 327 0
759 333 0
766 335 0
777 335 0
799 333 1
617 243 0
616 246 1
