the
521 244 0
522 248 0
520 260 0
516 281 0
511 301 0
508 317 0
507 340 0
512 364 0
519 374 0
531 381 0
551 386 0
567 388 0
575 390 1
492 338 0
501 339 0
519 335 0
536 331 0
543 329 1
600 263 0
602 267 0
603 274 0
605 289 0
604 318 0
602 337 0
601 349 0
600 358 0
600 361 0
613 357 0
622 351 0
630 346 0
634 344 0
637 343 0
640 345 0
643 354 0
650 365 0
662 370 0
677 369 0
692 364 0
708 351 0
713 342 0
714 337 0
714 333 0
714 330 0
705 337 0
697 351 0
693 364 0
694 372 0
699 376 0
721 378 0
744 379 1
