given
556 364 0
558 360 0
554 353 0
548 347 0
541 344 0
533 343 0
525 347 0
517 357 0
513 373 0
514 380 0
528 377 0
546 366 0
558 356 0
564 352 0
566 350 0
570 349 0
572 355 0
575 373 0
577 405 0
577 418 0
576 439 0
572 464 0
571 474 0
564 473 0
556 465 0
552 452 0
555 429 0
567 406 0
582 387 0
593 374 0
601 366 0
606 360 0
609 356 0
613 353 0
614 360 0
615 368 0
618 375 0
624 381 0
631 382 0
640 378 0
643 377 1
656 342 0
660 347 0
665 357 0
668 367 0
671 375 0
674 379 0
675 381 0
679 376 0
687 365 0
699 346 0
707 339 1
715 344 0
720 348 0
725 350 0
728 351 0
737 347 0
754 334 0
760 327 0
760 324 0
756 321 0
748 326 0
739 339 0
732 354 0
729 367 0
729 373 0
732 376 0
739 376 0
749 372 0
770 360 0
784 346 0
791 339 0
796 335 0
798 332 0
800 343 0
800 356 0
800 367 0
800 372 0
806 375 0
817 372 0
841 362 0
851 359 0
857 358 0
860 360 0
864 365 0
868 369 0
874 372 1
626 255 0
624 258 0
623 265 1
