and
454 313 0
448 310 0
437 308 0
423 310 0
416 314 0
405 324 0
399 336 0
397 348 0
398 359 0
401 366 0
406 369 0
411 370 0
418 367 0
428 361 0
436 355 0
441 351 0
446 346 0
448 342 0
452 336 0
457 326 0
462 319 0
464 315 0
467 312 0
469 310 0
467 327 0
464 339 0
464 347 0
466 354 0
471 358 0
475 359 0
482 357 0
494 349 0
508 339 0
515 333 0
520 331 0
522 329 0
525 330 0
527 335 0
528 341 0
529 347 0
530 350 0
535 351 0
543 345 0
546 342 0
558 331 0
568 324 0
570 322 0
573 323 0
574 326 0
574 334 0
574 343 0
573 350 0
576 354 0
577 357 1
673 313 0
663 314 0
653 315 0
646 319 0
637 327 0
630 338 0
626 345 0
627 353 0
630 361 0
634 363 0
640 362 0
654 352 0
674 331 0
688 308 0
697 285 0
703 269 0
706 262 0
706 257 0
708 252 0
707 249 0
707 257 0
704 276 0
699 301 0
697 320 0
697 327 0
703 338 0
721 347 0
739 355 1
