sent
526 318 0
523 321 0
517 326 0
513 331 0
513 337 0
517 342 0
526 346 0
540 352 0
546 357 0
550 361 0
549 367 0
543 375 1
606 345 0
609 347 0
614 345 0
619 339 0
622 333 0
623 328 0
621 323 0
616 320 0
610 321 0
602 326 0
592 337 0
588 349 0
588 361 0
594 367 0
605 370 0
631 360 0
653 345 0
662 331 0
664 328 0
668 323 0
671 324 0
676 336 0
678 344 0
679 349 0
682 351 0
687 351 0
699 346 0
708 343 0
716 343 0
723 345 0
729 349 0
734 356 0
738 362 0
744 366 1
779 240 0
777 244 0
775 251 0
776 264 0
777 289 0
781 315 0
783 335 0
785 346 0
786 354 0
787 358 0
787 361 0
779 353 0
774 344 0
771 338 0
770 334 0
776 331 0
785 327 1
