sub
509 301 0
500 305 0
495 311 0
491 319 0
490 328 0
492 335 0
497 343 0
506 353 0
514 361 0
520 367 0
522 373 0
519 379 0
512 386 0
498 396 0
490 400 0
488 400 0
484 401 1
550 324 0
551 331 0
549 340 0
546 356 0
546 368 0
547 374 0
554 376 0
561 371 0
572 361 0
581 350 0
585 346 0
589 342 0
591 346 0
593 357 0
598 368 0
600 372 0
608 374 0
619 376 0
636 378 1
664 253 0
664 257 0
662 270 0
660 293 0
658 318 0
656 331 0
655 340 0
654 345 0
654 349 0
654 352 0
663 349 0
672 345 0
687 342 0
699 341 0
705 342 0
699 362 0
680 380 0
660 391 0
651 394 1
