every
439 328 0
441 332 0
452 331 0
480 318 0
493 311 0
497 309 0
499 306 0
491 305 0
477 307 0
465 312 0
459 318 0
455 325 0
456 336 0
459 347 0
467 355 0
478 359 0
500 353 0
522 340 0
534 328 0
540 321 0
546 315 0
551 320 0
553 333 0
555 345 0
556 349 0
557 353 0
561 352 0
565 342 0
572 330 0
578 316 0
585 308 0
595 291 1
620 344 0
624 346 0
633 339 0
640 329 0
644 319 0
645 314 0
644 312 0
632 309 0
625 315 0
620 326 0
619 337 0
622 345 0
630 349 0
643 347 0
658 340 0
669 336 0
673 335 0
676 336 0
681 339 0
683 343 0
686 333 0
688 328 0
691 322 0
696 317 0
704 312 0
712 309 0
718 309 0
720 309 0
726 309 0
730 311 0
730 318 0
731 330 0
733 337 0
744 338 0
753 333 0
764 325 0
770 321 0
773 319 0
778 318 0
784 339 0
785 358 0
782 377 0
775 393 0
766 402 0
752 409 0
742 408 0
738 405 0
739 397 0
756 373 0
788 340 0
797 329 1
