are
530 310 0
522 313 0
510 316 0
494 323 0
480 334 0
467 351 0
462 365 0
460 378 0
462 386 0
467 390 0
477 389 0
491 382 0
502 370 0
508 361 0
513 354 0
519 350 0
521 348 0
522 357 0
524 367 0
528 375 0
533 379 0
535 380 0
551 375 0
570 360 0
578 352 0
582 347 0
586 343 0
588 342 0
587 351 0
585 359 0
583 365 0
582 368 0
585 349 0
589 334 0
592 327 0
599 323 0
605 323 0
615 324 0
626 325 0
639 325 0
650 323 0
656 322 0
662 320 0
663 312 0
662 307 0
658 303 0
652 305 0
646 309 0
641 319 0
640 338 0
645 351 0
658 360 0
676 368 0
693 375 1
