now
492 307 0
496 318 0
499 335 0
502 360 0
505 372 0
507 377 0
510 381 0
515 378 0
523 370 0
533 356 0
542 347 0
546 342 0
551 339 0
553 340 0
554 345 0
557 353 0
561 361 0
574 368 0
595 368 0
607 368 0
621 366 1
643 330 0
640 332 0
634 334 0
627 337 0
621 342 0
617 350 0
616 360 0
619 368 0
625 371 0
634 370 0
645 363 0
651 357 0
652 350 0
650 342 0
648 335 0
646 330 0
646 328 0
656 329 0
669 325 0
676 323 0
680 322 0
683 321 0
685 324 0
687 330 0
689 337 0
692 347 0
698 358 0
705 362 0
710 360 0
717 356 0
724 351 0
729 347 0
732 344 0
735 345 0
739 351 0
745 356 0
749 358 0
755 356 0
763 354 0
769 348 0
774 340 0
776 334 0
777 331 0
786 327 0
791 326 1
