which
383 296 0
386 303 0
389 331 0
392 354 0
398 363 0
404 361 0
415 355 0
427 344 0
431 341 0
435 338 0
437 337 0
440 339 0
446 342 0
451 343 0
458 342 0
466 339 0
470 334 0
473 328 0
474 323 0
473 317 0
472 311 0
472 307 0
472 305 0
477 305 0
483 305 0
492 305 0
505 301 0
511 298 0
516 294 0
532 279 0
545 258 0
554 240 0
557 227 0
558 221 0
559 218 0
540 250 0
531 277 0
526 301 0
528 315 0
529 327 0
530 336 0
531 341 0
533 343 0
540 335 0
546 326 0
551 321 0
556 316 0
561 317 0
567 325 0
574 331 0
584 330 0
590 327 0
594 324 0
597 321 0
601 315 0
601 313 0
603 311 0
606 314 0
612 324 0
619 329 0
626 331 0
630 332 1
684 292 0
673 298 0
666 305 0
660 321 0
662 332 0
667 333 0
681 328 0
706 312 0
726 287 0
739 260 0
743 235 0
744 220 0
744 214 0
738 225 0
729 258 0
723 298 0
723 303 0
725 314 0
732 322 0
739 323 0
748 321 0
759 318 0
766 315 0
772 315 0
777 318 0
783 323 0
789 329 0
792 331 1
610 237 0
608 243 1
