accounts
363 300 0
355 296 0
345 295 0
336 297 0
317 304 0
304 314 0
297 323 0
295 336 0
300 344 0
307 346 0
323 340 0
343 327 0
352 322 0
357 318 0
360 314 0
362 321 0
361 329 0
364 335 0
371 338 0
374 338 1
437 299 0
434 299 0
427 301 0
420 306 0
415 311 0
411 318 0
410 327 0
413 334 0
419 337 1
479 300 0
474 304 0
468 309 0
460 316 0
455 322 0
453 327 0
456 334 1
537 308 0
533 309 0
526 311 0
519 314 0
511 320 0
508 326 0
507 332 0
509 337 0
517 341 0
530 339 0
551 330 0
560 323 0
562 318 0
561 309 0
560 307 0
542 311 0
532 315 0
515 322 1
600 307 0
601 310 0
600 320 0
600 326 0
600 330 0
601 332 0
604 333 0
609 332 0
612 329 0
615 328 0
618 330 0
621 335 0
625 338 0
633 340 0
649 336 0
663 329 0
672 323 0
677 321 0
680 320 0
682 319 0
684 321 0
685 324 0
686 327 0
689 331 0
697 331 0
703 331 0
709 332 0
715 334 0
721 336 0
726 338 1
762 236 0
762 248 0
761 270 0
761 292 0
760 305 0
760 317 0
760 324 0
760 330 0
760 333 0
754 328 0
751 323 0
747 320 0
746 317 0
749 314 0
760 308 0
763 307 0
784 294 1
843 293 0
836 294 0
829 295 0
821 296 0
817 297 0
813 298 0
816 302 0
824 307 0
829 313 0
833 321 0
833 328 0
830 336 0
824 342 0
817 348 1
