may
407 302 0
410 305 0
412 314 0
414 327 0
414 341 0
415 348 0
416 353 0
417 355 0
421 353 0
427 343 0
441 327 0
448 321 0
453 319 0
458 319 0
463 321 0
468 327 0
470 330 0
472 334 0
476 337 0
482 336 0
492 330 0
502 326 0
505 325 0
508 324 0
512 327 0
516 333 0
520 341 0
525 349 0
530 354 1
605 318 0
596 318 0
586 316 0
576 315 0
568 318 0
561 326 0
558 334 0
558 340 0
564 344 0
571 342 0
581 338 0
590 332 0
594 329 0
598 324 0
601 322 0
603 325 0
604 335 0
606 347 0
609 354 0
617 357 0
629 352 0
642 342 0
652 332 0
657 328 0
660 325 0
664 325 0
664 330 0
666 337 0
672 342 0
679 343 0
688 341 0
696 338 0
701 337 0
705 335 0
709 335 0
711 335 0
714 340 0
718 350 0
723 374 0
725 400 0
724 413 0
718 421 0
705 430 0
694 431 0
687 426 0
686 414 0
701 380 0
729 344 0
737 334 1
