winchester
225 282 0
225 287 0
225 300 0
226 312 0
227 322 0
228 327 0
229 331 0
233 331 0
237 327 0
245 322 0
251 317 0
255 316 0
260 316 0
264 318 0
270 322 0
277 325 0
283 325 0
290 322 0
296 316 0
299 309 0
301 301 0
302 295 0
302 292 0
302 289 0
306 290 0
314 291 0
322 289 0
328 287 0
333 285 0
337 283 0
340 283 0
342 287 0
343 300 0
345 307 0
346 311 0
352 315 0
358 315 0
365 311 0
372 304 0
379 297 0
383 294 0
386 292 0
388 295 0
389 298 0
390 303 0
395 307 0
402 305 0
411 301 0
420 297 0
427 297 0
433 301 0
435 304 0
437 307 0
441 310 0
446 312 0
449 314 1
489 283 0
484 288 0
479 291 0
474 299 0
473 305 0
475 311 0
479 314 0
487 312 0
500 303 0
523 282 0
536 260 0
541 246 0
543 236 0
544 229 0
537 252 0
534 275 0
533 288 0
533 295 0
533 302 0
535 304 0
543 305 0
551 302 0
556 300 0
559 299 0
563 302 0
567 304 0
574 307 0
583 310 0
594 310 0
606 307 0
616 300 0
622 292 0
624 287 0
623 283 0
619 279 0
611 278 0
608 281 0
605 289 0
604 296 0
606 302 0
614 306 0
626 310 0
652 315 1
660 272 0
658 275 0
657 280 0
661 283 0
667 289 0
672 294 0
675 298 0
676 301 0
676 304 0
674 307 0
669 312 1
703 219 0
704 223 0
704 228 0
703 249 0
698 290 0
697 302 0
697 306 0
697 309 0
697 311 0
696 306 0
696 299 0
696 295 0
696 292 0
699 290 0
702 292 0
710 294 0
725 294 0
741 291 0
751 287 0
757 284 0
760 279 0
760 274 0
757 272 0
753 271 0
747 273 0
739 279 0
734 288 0
736 295 0
749 300 0
760 300 0
770 299 0
779 299 0
785 301 0
789 302 0
791 304 0
794 308 0
797 302 0
799 292 0
801 283 0
803 281 0
805 278 0
812 276 0
818 275 1
360 198 0
358 202 0
356 206 1
