all
646 317 0
642 317 0
634 317 0
622 319 0
607 326 0
594 338 0
583 352 0
578 366 0
578 374 0
580 379 0
589 381 0
612 371 0
632 355 0
642 345 0
646 342 0
648 338 0
651 334 0
653 336 0
653 342 0
653 354 0
657 363 0
663 366 0
674 362 0
695 348 0
714 328 0
732 304 0
745 274 0
752 249 0
755 239 0
755 235 0
756 233 0
746 243 0
731 270 0
719 300 0
712 328 0
715 351 0
719 360 0
728 363 0
749 357 0
761 352 0
780 336 0
818 282 0
834 250 0
836 243 0
837 240 0
833 243 0
817 255 0
792 291 0
784 310 0
781 334 0
786 351 0
798 360 0
812 369 0
820 374 1
