are
537 322 0
530 317 0
524 317 0
516 319 0
508 328 0
498 350 0
495 366 0
496 368 0
500 376 0
507 377 0
515 374 0
523 368 0
532 355 0
540 343 0
546 333 0
548 328 0
550 323 0
552 331 0
554 344 0
558 355 0
564 362 0
572 365 0
580 365 0
585 364 0
589 363 0
593 360 0
597 358 0
600 358 0
601 362 0
601 366 0
603 355 0
606 345 0
608 337 0
610 333 0
615 333 0
623 335 0
631 337 0
640 340 0
648 341 0
655 341 0
659 341 0
663 339 0
666 334 0
667 329 0
666 325 0
664 322 0
660 326 0
659 329 0
657 337 0
658 361 0
668 372 0
673 373 1
