and
560 326 0
554 322 0
543 318 0
530 316 0
516 319 0
502 329 0
491 344 0
488 355 0
489 363 0
494 367 0
504 366 0
524 356 0
541 340 0
549 330 0
552 327 0
555 324 0
556 328 0
556 336 0
556 354 0
559 366 0
564 369 0
575 365 0
591 352 0
597 347 0
602 341 0
609 332 0
613 330 0
616 329 0
617 334 0
618 339 0
618 346 0
619 351 0
626 354 0
634 354 0
647 350 0
663 346 0
671 345 0
677 346 0
680 349 0
682 350 0
683 354 0
688 357 1
789 320 0
779 321 0
764 323 0
748 324 0
738 327 0
730 332 0
725 340 0
724 350 0
727 357 0
735 360 0
751 353 0
773 337 0
788 319 0
793 304 0
799 288 0
802 271 0
805 258 0
806 252 0
808 250 0
806 258 0
799 287 0
796 318 0
797 345 0
798 354 0
806 359 0
818 366 0
833 377 1
