december
439 337 0
436 336 0
429 335 0
416 334 0
412 334 0
393 337 0
371 353 0
359 369 0
357 378 0
361 387 0
368 390 0
389 385 0
414 366 0
435 345 0
447 324 0
452 307 0
457 286 0
459 280 0
460 276 0
462 272 0
461 281 0
457 305 0
454 337 0
456 365 0
459 377 0
468 384 0
481 386 0
501 378 0
509 373 0
515 365 0
518 351 0
515 339 0
510 334 0
506 334 0
497 344 0
489 364 0
487 378 0
491 384 0
503 389 0
521 395 0
524 396 1
611 327 0
607 328 0
596 331 0
585 337 0
572 346 0
562 359 0
557 367 0
556 371 0
561 379 0
575 384 0
601 381 0
624 371 0
634 364 0
639 358 0
641 353 0
642 349 0
640 345 0
629 346 0
622 351 0
617 359 0
614 366 0
617 373 0
624 378 0
636 378 0
660 369 0
671 363 0
678 357 0
682 354 0
684 351 0
686 349 0
687 358 0
690 366 0
695 370 0
702 369 0
710 365 0
720 359 0
725 357 0
732 355 0
736 360 0
738 364 0
745 368 0
758 364 0
777 352 0
789 344 0
796 342 0
801 342 0
805 344 0
808 349 0
812 355 1
858 262 0
857 269 0
854 284 0
850 310 0
847 331 0
847 336 0
848 340 0
851 343 0
859 342 0
873 339 0
888 336 0
896 336 0
901 337 0
905 340 0
905 344 0
901 353 0
892 365 0
883 372 0
876 375 0
868 375 0
864 374 0
860 365 0
864 358 0
871 354 0
881 353 0
894 353 0
911 353 0
926 353 0
940 353 0
951 352 0
960 351 0
965 350 0
970 347 0
964 342 0
949 337 0
934 337 0
924 340 0
918 347 0
915 355 0
915 363 0
918 369 0
928 372 0
950 371 0
968 366 0
977 362 0
986 362 0
993 362 0
996 365 0
999 369 0
1005 361 0
1010 350 0
1014 341 0
1019 334 0
1026 330 0
1030 329 1
