them
452 250 0
451 255 0
447 274 0
442 299 0
439 321 0
441 343 0
444 366 0
450 374 0
465 380 0
480 384 0
496 388 1
412 330 0
420 333 0
442 328 0
457 324 0
473 319 1
513 276 0
513 289 0
513 300 0
510 324 0
505 350 0
504 367 0
504 373 0
504 377 0
508 377 0
517 373 0
535 362 0
546 357 0
553 354 0
558 353 0
561 354 0
564 358 0
568 365 0
575 372 0
587 376 0
604 373 0
624 360 0
633 350 0
636 337 0
636 328 0
632 326 0
627 328 0
620 335 0
613 345 0
610 356 0
612 363 0
620 366 0
633 363 0
654 356 0
666 349 0
671 345 0
674 341 0
677 339 0
679 336 0
681 347 0
681 356 0
682 364 0
683 370 0
685 374 0
695 368 0
713 355 0
717 353 0
721 353 0
724 353 0
728 362 0
730 368 0
738 369 0
752 363 0
774 353 0
785 349 0
791 349 0
797 350 0
803 353 0
809 358 0
816 363 0
829 366 0
848 370 0
852 370 1
