day
554 316 0
550 316 0
540 316 0
513 321 0
500 329 0
489 341 0
486 354 0
486 365 0
492 371 0
505 371 0
529 360 0
551 339 0
567 317 0
575 289 0
580 265 0
582 254 0
582 251 0
582 249 0
579 253 0
574 269 0
566 296 0
563 317 0
566 331 0
570 341 0
580 348 0
595 352 0
599 354 0
615 360 1
668 316 0
661 316 0
650 318 0
638 323 0
625 331 0
613 341 0
607 350 0
607 356 0
609 361 0
622 360 0
642 352 0
658 338 0
665 329 0
671 322 0
673 319 0
673 332 0
673 341 0
675 348 0
682 348 0
695 341 0
705 334 0
711 328 0
715 325 0
719 322 0
719 333 0
720 342 0
725 348 0
734 350 0
745 347 0
758 337 0
766 327 0
771 322 0
774 318 0
776 319 0
778 324 0
781 337 0
783 362 0
784 382 0
778 408 0
771 420 0
751 433 0
728 433 0
724 428 0
731 414 0
763 377 0
773 366 0
776 363 1
