each
385 317 0
390 317 0
396 317 0
409 313 0
425 303 0
436 293 0
439 276 0
436 273 0
429 273 0
412 279 0
390 292 0
377 308 0
370 323 0
369 338 0
380 349 0
399 353 0
415 354 0
432 354 1
532 300 0
527 300 0
517 298 0
505 298 0
488 301 0
474 306 0
466 314 0
459 325 0
456 338 0
457 346 0
465 349 0
476 349 0
492 344 0
497 342 0
505 334 0
512 325 0
515 320 0
518 317 0
520 323 0
520 330 0
524 338 0
533 342 0
542 345 0
560 350 1
595 287 0
591 289 0
585 293 0
577 301 0
570 314 0
565 327 0
566 336 0
576 339 0
598 337 0
637 320 0
655 309 0
671 281 0
681 253 0
682 237 0
682 231 0
666 244 0
651 267 0
643 290 0
641 304 0
644 320 0
649 330 0
656 336 0
667 340 0
686 336 0
701 330 0
704 330 0
708 330 0
711 331 0
715 336 0
719 342 0
722 346 0
726 348 1
