people
438 330 0
442 334 0
444 343 0
449 378 0
450 404 0
452 415 0
453 420 0
449 399 0
447 372 0
453 347 0
468 328 0
475 326 0
480 327 0
484 330 0
486 338 0
484 349 0
475 363 0
468 369 0
465 371 1
522 335 0
525 339 0
529 341 0
537 337 0
543 333 0
547 328 0
549 323 0
546 321 0
544 321 0
538 330 0
535 339 0
534 351 0
537 360 0
542 363 1
613 323 0
607 326 0
600 332 0
592 340 0
588 350 0
589 359 0
593 365 0
604 365 0
617 361 0
627 354 0
631 347 0
630 337 0
622 329 0
615 328 0
608 330 1
661 343 0
661 347 0
661 357 0
658 378 0
655 399 0
654 408 0
653 414 0
652 391 0
654 364 0
660 340 0
665 330 0
667 327 0
675 326 0
678 326 0
683 336 0
684 342 0
681 351 0
678 357 0
673 362 1
700 333 0
703 336 0
707 336 0
715 334 0
725 327 0
733 320 0
738 310 0
740 295 0
741 275 0
738 264 0
736 259 0
733 258 0
717 279 0
701 314 0
699 334 0
703 349 0
712 360 0
732 363 0
759 357 0
780 345 0
790 334 0
795 324 0
796 317 0
795 313 0
788 312 0
777 319 0
762 336 0
756 353 0
758 362 0
769 366 0
788 367 0
809 368 1
