reinforce
301 304 0
302 311 0
303 323 0
303 345 0
303 360 0
303 368 0
303 373 0
303 376 0
301 367 0
301 349 0
303 334 0
307 326 0
310 321 0
318 319 0
325 319 0
336 321 0
347 323 0
357 325 0
364 326 0
367 326 0
371 324 0
375 322 0
376 318 0
374 314 0
372 310 0
368 308 0
363 310 0
353 323 0
349 338 0
348 354 0
351 364 0
357 368 0
365 367 0
381 358 0
398 340 0
405 330 0
408 323 0
410 319 0
411 317 0
414 317 0
415 321 0
417 327 0
420 334 0
423 339 0
430 341 0
435 340 0
441 333 0
446 328 0
450 324 0
453 323 0
457 331 0
460 336 0
464 340 0
468 343 0
474 341 0
481 339 0
490 335 0
500 333 0
506 333 0
510 334 0
512 337 0
517 342 0
524 348 1
561 345 0
569 341 0
591 319 0
611 292 0
616 269 0
618 250 0
618 243 0
615 239 0
614 236 0
595 257 0
585 276 0
582 288 0
579 303 0
580 332 0
581 358 0
583 374 0
583 389 0
582 401 0
582 405 0
580 410 0
579 412 0
576 388 0
576 364 0
577 354 0
578 351 0
581 345 0
589 339 0
597 335 0
611 330 0
622 327 0
628 326 0
634 325 0
638 324 0
642 323 0
643 327 0
642 335 0
643 342 0
644 348 0
647 351 0
650 352 0
653 352 0
655 342 0
654 335 0
652 329 0
649 325 0
653 323 0
665 320 0
680 316 0
690 313 0
695 313 0
702 317 0
706 322 0
707 328 0
707 337 0
708 340 0
709 345 0
709 347 0
708 335 0
708 328 0
708 323 0
710 320 0
715 318 0
721 317 0
732 315 0
741 314 0
756 311 1
794 305 0
790 305 0
782 307 0
775 310 0
768 316 0
763 323 0
761 333 0
763 341 0
772 346 0
797 345 0
820 337 0
832 328 0
840 318 0
841 311 0
841 304 0
836 305 0
826 312 0
818 327 0
817 336 0
821 342 0
836 344 0
858 339 0
863 338 0
878 334 1
434 235 0
431 241 0
430 244 1
