issue
424 300 0
422 308 0
419 325 0
419 344 0
419 347 0
427 361 0
438 369 0
452 380 1
510 297 0
500 302 0
495 305 0
493 312 0
495 317 0
506 323 0
517 327 0
524 332 0
527 335 0
528 338 0
526 341 0
514 349 0
504 354 0
497 357 0
481 362 1
575 290 0
568 297 0
563 307 0
561 317 0
564 324 0
572 328 0
581 332 0
589 334 0
592 335 0
595 338 0
593 342 0
580 353 0
568 362 0
552 371 1
633 301 0
631 310 0
626 326 0
623 337 0
624 344 0
629 348 0
640 345 0
652 333 0
661 323 0
665 320 0
667 318 0
668 316 0
668 323 0
667 332 0
670 340 0
675 346 0
685 349 0
704 350 0
729 342 0
744 331 0
752 324 0
755 322 0
756 319 0
755 313 0
746 311 0
738 311 0
729 316 0
725 323 0
722 335 0
724 347 0
733 354 0
747 359 0
767 364 1
443 205 0
438 211 0
431 220 1
