circum
478 304 0
473 304 0
463 306 0
452 310 0
440 320 0
432 332 0
430 337 0
427 360 0
433 374 0
444 375 0
470 362 0
493 343 0
509 326 0
513 322 0
518 320 0
521 320 0
523 320 0
525 324 0
526 331 0
527 339 0
528 346 0
529 350 0
529 354 0
529 357 0
530 361 0
531 364 0
530 368 0
531 371 0
531 374 0
531 377 0
533 380 0
537 383 0
540 384 0
544 383 0
551 378 0
556 372 0
560 366 0
563 360 0
566 355 0
571 344 0
573 338 0
575 334 0
577 331 0
579 340 0
581 350 0
582 362 0
583 369 0
584 373 0
585 376 0
583 363 0
583 346 0
584 331 0
584 329 0
585 325 0
589 323 0
594 324 0
600 323 1
671 309 0
666 312 0
656 315 0
646 320 0
638 327 0
632 336 0
629 345 0
631 354 0
635 360 0
642 363 0
652 361 0
661 357 0
668 352 0
673 346 0
677 342 0
680 338 0
683 334 0
685 334 0
689 341 0
693 345 0
695 348 0
705 347 0
722 334 0
730 325 0
734 321 0
737 321 0
738 324 0
740 331 0
743 337 0
752 345 0
758 344 0
766 340 0
774 333 0
777 331 0
781 327 0
787 330 0
787 335 0
787 340 0
788 344 0
791 346 0
800 340 0
819 326 0
828 321 0
832 321 0
836 329 0
840 336 0
844 341 0
848 344 0
858 341 0
880 330 0
893 323 0
901 320 0
906 321 0
910 326 0
914 335 0
919 342 1
547 226 0
538 234 0
536 236 1
