and
547 313 0
535 313 0
531 313 0
515 316 0
495 326 0
485 337 0
481 350 0
481 365 0
486 370 0
499 372 0
516 367 0
533 357 0
543 347 0
547 338 0
549 330 0
550 326 0
549 322 0
544 339 0
545 350 0
549 358 0
555 361 0
562 360 0
571 355 0
581 348 0
590 340 0
595 336 0
597 334 0
602 339 0
605 343 0
607 347 0
610 352 0
616 352 0
626 348 0
642 336 0
658 323 0
663 321 0
666 323 0
667 327 0
669 333 0
674 339 0
679 344 1
764 322 0
756 318 0
747 316 0
738 317 0
728 319 0
722 326 0
716 336 0
715 345 0
716 353 0
719 355 0
726 355 0
736 346 0
751 326 0
762 301 0
766 276 0
770 256 0
770 251 0
771 247 0
770 258 0
766 288 0
763 314 0
763 333 0
764 338 0
778 350 0
793 359 0
809 367 1
