hereby
317 227 0
321 230 0
322 235 0
326 248 0
330 269 0
333 299 0
332 324 0
331 334 0
332 336 0
333 347 0
346 337 0
359 325 0
368 318 0
374 316 0
378 317 0
384 324 0
390 334 0
399 344 0
405 348 0
414 350 0
425 344 0
437 333 0
443 322 0
446 311 0
446 302 0
445 299 0
444 297 0
439 301 0
437 307 0
436 319 0
440 329 0
443 334 0
456 330 0
475 319 0
482 316 0
486 314 0
488 318 0
490 323 0
491 326 0
492 329 0
493 332 0
496 331 0
498 326 0
498 323 0
500 320 0
503 320 0
508 320 0
517 319 0
523 318 0
527 318 0
540 315 0
550 312 0
556 309 0
560 305 0
560 299 0
559 294 0
556 290 0
550 289 0
546 291 0
541 297 0
538 306 0
536 318 0
538 329 0
543 337 0
550 340 0
561 336 0
570 333 0
585 327 1
597 228 0
600 230 0
600 235 0
601 251 0
601 275 0
599 289 0
599 296 0
599 300 0
599 303 0
604 302 0
612 299 0
624 297 0
635 300 0
642 303 0
646 309 0
646 315 0
643 324 0
636 331 0
626 334 0
613 330 0
607 328 0
593 322 1
675 300 0
677 304 0
676 309 0
677 314 0
677 318 0
681 322 0
689 318 0
701 312 0
710 304 0
714 300 0
716 298 0
720 307 0
725 323 0
733 349 0
737 368 0
738 380 0
733 393 0
728 399 0
716 400 0
701 395 0
694 386 0
696 377 0
714 356 0
736 334 0
747 322 1
