very
428 294 0
430 298 0
432 302 0
435 312 0
438 325 0
442 335 0
445 341 0
447 345 0
451 346 0
459 338 0
469 324 0
481 306 0
492 297 0
506 283 1
521 318 0
523 321 0
527 322 0
535 319 0
542 314 0
545 309 0
546 304 0
540 300 0
532 300 0
521 305 0
512 316 0
510 328 0
514 340 0
525 350 0
542 351 0
563 343 0
575 337 0
582 332 0
585 330 0
587 329 0
589 331 0
589 337 0
589 340 0
589 343 0
589 331 0
591 327 0
593 324 0
598 323 0
603 320 0
609 319 0
613 318 0
615 318 0
618 318 0
622 319 0
623 323 0
630 331 0
636 334 0
645 334 0
653 332 0
660 327 0
664 324 0
666 321 0
670 319 0
672 327 0
673 342 0
673 360 0
672 370 0
668 383 0
649 406 0
631 421 0
629 421 0
631 400 0
656 363 0
676 339 0
684 328 1
