that
522 233 0
522 244 0
515 274 0
508 304 0
504 333 0
506 362 0
512 380 0
520 388 0
532 392 0
542 393 0
560 395 1
492 327 0
497 328 0
514 324 0
531 318 0
549 312 1
581 245 0
581 251 0
579 264 0
576 295 0
573 320 0
571 344 0
569 361 0
570 372 0
570 378 0
571 382 0
576 379 0
593 365 0
613 348 0
621 343 0
625 342 0
628 343 0
632 350 0
637 358 0
642 365 0
648 369 1
735 333 0
729 329 0
718 329 0
703 333 0
689 343 0
682 352 0
679 361 0
679 367 0
685 369 0
695 368 0
711 361 0
720 354 0
727 348 0
730 344 0
732 352 0
735 361 0
740 367 0
749 369 0
752 369 1
799 243 0
800 247 0
802 256 0
805 276 0
807 305 0
810 333 0
810 359 0
810 374 0
809 380 0
809 382 0
798 364 0
794 356 0
793 352 0
791 347 0
791 344 0
798 341 0
809 338 0
829 331 1
