soon
480 276 0
472 278 0
454 289 0
437 301 0
429 307 0
425 312 0
422 315 0
424 318 0
434 325 0
444 331 0
451 337 0
456 341 0
456 348 0
454 357 0
448 367 0
440 376 0
432 379 0
428 382 1
555 313 0
551 315 0
544 317 0
536 322 0
524 329 0
518 334 0
516 341 0
518 349 0
524 355 0
535 355 0
549 350 0
558 344 0
563 336 0
564 329 0
563 324 0
561 318 0
557 316 0
565 316 0
588 314 0
613 311 0
621 310 0
628 310 0
637 310 0
642 310 0
644 310 0
632 316 0
621 323 0
614 328 0
609 335 0
608 342 0
610 346 0
620 349 0
629 348 0
638 345 0
644 338 0
647 331 0
646 324 0
645 320 0
642 316 0
641 312 0
651 312 0
666 310 0
672 309 0
681 308 0
691 307 0
697 308 0
701 312 0
704 318 0
704 326 0
704 334 0
705 339 0
706 342 0
714 341 0
728 332 0
742 323 0
749 321 0
752 320 0
756 322 0
760 330 0
765 337 0
777 346 0
790 352 0
807 359 1
