robert
461 294 0
465 305 0
470 322 0
475 338 0
478 349 0
480 355 0
481 358 0
482 353 0
482 340 0
483 327 0
486 318 0
488 312 0
489 310 0
493 309 0
498 310 0
523 310 0
539 307 0
546 306 0
552 305 0
557 305 0
554 310 0
549 319 0
549 329 0
552 340 0
557 346 0
564 347 0
575 343 0
584 333 0
587 325 0
584 312 0
577 296 0
573 294 0
565 300 0
563 302 1
619 231 0
615 246 0
613 268 0
614 293 0
615 304 0
618 313 0
622 315 0
645 306 0
666 301 0
673 301 0
677 302 0
678 305 0
677 310 0
661 330 0
642 343 0
633 347 0
630 348 1
706 314 0
710 316 0
718 313 0
724 308 0
727 302 0
727 299 0
725 294 0
722 295 0
718 300 0
712 311 0
709 326 0
711 334 0
717 339 0
727 340 0
742 334 0
755 329 0
764 327 0
770 326 0
773 327 0
775 331 0
776 333 0
776 336 0
775 327 0
775 316 0
776 304 0
778 297 0
780 294 0
786 293 0
792 291 1
855 210 0
854 214 0
851 230 0
848 260 0
846 272 0
845 291 0
843 319 0
843 329 0
843 331 0
838 321 0
838 313 0
837 308 0
836 303 0
838 298 0
848 294 0
858 291 0
875 285 1
