clothes
512 312 0
508 313 0
505 314 0
500 316 0
495 319 0
489 326 0
482 337 0
478 353 0
479 366 0
484 373 0
498 373 0
523 361 0
547 341 0
562 324 0
573 301 0
579 281 0
577 267 0
575 262 0
574 259 0
565 265 0
551 283 0
542 301 0
539 323 0
542 338 0
549 351 0
563 361 0
577 364 0
599 368 1
627 320 0
625 324 0
620 332 0
617 340 0
617 349 0
622 355 0
629 358 0
636 357 0
640 354 0
644 340 0
642 325 0
641 321 0
637 318 0
633 321 1
686 244 0
686 247 0
686 258 0
686 282 0
684 309 0
683 333 0
683 344 0
683 349 0
683 352 0
683 354 0
681 339 0
678 328 0
677 324 0
677 321 0
685 320 0
695 319 0
708 316 0
719 310 0
729 297 0
735 284 0
736 273 0
736 263 0
735 260 0
730 269 0
727 285 0
725 302 0
724 316 0
725 325 0
728 332 0
730 336 0
733 337 0
742 335 0
746 336 0
748 337 0
751 341 0
757 345 0
766 347 0
778 345 0
789 340 0
801 329 0
806 323 0
807 319 0
805 314 0
802 312 0
797 313 0
791 318 0
786 328 0
785 338 0
789 346 0
803 349 0
821 351 0
840 352 1
879 297 0
871 301 0
865 304 0
861 306 0
859 313 0
866 324 0
873 331 0
878 337 0
880 342 0
879 347 0
872 354 0
866 359 1
