and
589 325 0
582 322 0
572 320 0
561 320 0
550 325 0
538 339 0
527 364 0
524 375 0
526 382 0
529 384 0
539 380 0
544 377 0
556 364 0
569 341 0
576 329 0
579 326 0
583 334 0
585 344 0
587 356 0
591 363 0
596 365 0
609 360 0
617 354 0
623 350 0
627 347 0
630 346 0
632 350 0
635 358 0
638 365 0
642 369 0
649 370 0
657 367 0
661 366 0
668 362 0
674 360 0
678 360 0
681 361 0
690 367 1
780 340 0
769 339 0
761 340 0
750 344 0
740 351 0
734 360 0
731 369 0
730 374 0
734 378 0
744 373 0
773 338 0
791 303 0
797 283 0
799 269 0
800 263 0
800 260 0
796 269 0
788 295 0
783 323 0
784 348 0
789 359 0
805 368 0
833 370 0
856 372 1
