and
580 333 0
555 324 0
542 323 0
534 325 0
530 330 0
525 342 0
521 359 0
521 372 0
524 378 0
531 381 0
541 378 0
553 370 0
562 363 0
568 354 0
573 347 0
575 344 0
578 355 0
581 364 0
586 368 0
592 371 0
600 367 0
609 364 0
611 363 0
621 352 0
627 344 0
631 340 0
633 340 0
635 345 0
637 355 0
638 360 0
641 364 0
650 363 0
657 360 0
666 354 0
671 350 0
676 348 0
678 347 0
680 348 0
683 352 0
685 356 0
692 360 1
773 333 0
770 333 0
765 331 0
759 330 0
748 332 0
737 336 0
728 344 0
723 353 0
721 362 0
723 369 0
729 372 0
742 369 0
765 354 0
778 336 0
784 318 0
788 292 0
789 279 0
790 276 0
791 272 0
790 277 0
785 297 0
782 351 0
785 367 0
792 373 0
803 378 0
819 386 1
