gw
590 311 0
584 306 0
578 304 0
570 305 0
564 309 0
561 317 0
560 325 0
561 330 0
569 332 0
582 327 0
596 319 0
605 313 0
608 311 0
613 309 0
614 317 0
615 333 0
620 363 0
625 389 0
626 407 0
626 418 0
614 436 0
594 446 0
580 445 0
570 437 0
566 421 0
570 404 0
583 385 0
602 365 0
623 345 0
639 329 0
646 321 0
650 317 0
655 312 0
658 310 0
658 316 0
659 328 0
662 334 0
666 338 0
671 339 0
676 336 0
682 330 0
686 326 0
690 321 0
696 327 0
701 334 0
709 340 0
716 343 0
726 342 0
733 338 0
738 332 0
740 327 0
741 324 0
744 320 0
748 319 0
757 316 1
