you
529 260 0
528 266 0
527 279 0
529 296 0
531 303 0
537 306 0
545 304 0
557 295 0
567 283 0
572 277 0
575 273 0
579 272 0
582 272 0
587 286 0
591 310 0
593 338 0
591 362 0
587 379 0
578 394 0
568 403 0
556 404 0
548 398 0
543 392 0
551 367 0
579 328 0
597 311 0
607 304 0
618 296 0
622 294 0
625 292 0
628 292 0
627 296 0
626 299 0
627 304 0
629 310 0
636 313 0
639 311 0
639 305 0
636 297 0
629 287 0
622 280 0
619 276 0
625 275 0
652 269 0
683 258 0
694 256 0
699 255 0
702 256 0
704 260 0
705 267 0
704 287 0
703 296 0
704 301 0
705 304 0
710 306 0
723 291 0
733 280 0
739 274 0
744 271 0
747 275 0
750 281 0
755 290 0
765 298 0
771 304 0
782 314 1
