are
547 283 0
537 283 0
524 285 0
502 291 0
488 299 0
475 312 0
464 330 0
459 347 0
461 360 0
467 364 0
480 360 0
509 338 0
529 314 0
534 308 0
536 307 0
535 316 0
535 328 0
535 339 0
540 344 0
549 342 0
570 329 0
588 313 0
597 303 0
601 299 0
604 297 0
606 298 0
607 303 0
607 316 0
604 331 0
603 339 0
602 343 0
602 345 0
604 339 0
609 320 0
614 311 0
619 308 0
623 308 0
631 310 0
646 311 0
664 310 0
678 308 0
689 305 0
695 301 0
697 297 0
695 292 0
690 289 0
678 292 0
661 300 0
648 312 0
646 324 0
648 340 0
660 349 0
676 356 0
692 363 1
