fort
419 330 0
427 331 0
435 327 0
459 314 0
469 301 0
473 294 0
480 265 0
478 251 0
477 245 0
470 253 0
463 275 0
458 300 0
457 319 0
456 346 0
456 368 0
456 387 0
456 401 0
456 409 0
456 412 0
456 416 0
451 400 0
444 374 0
441 363 0
441 357 0
442 352 0
459 345 0
480 337 0
492 335 0
508 331 0
512 331 0
516 330 0
518 330 0
516 335 0
514 340 0
513 349 0
516 358 0
519 361 0
524 359 0
527 354 0
527 346 0
527 331 0
527 324 0
527 320 0
531 325 0
540 326 0
550 325 0
559 323 0
570 321 0
577 320 0
581 321 0
585 324 0
587 325 0
588 332 0
589 340 0
590 346 0
592 349 0
592 351 0
596 344 0
596 336 0
596 328 0
597 325 0
597 322 0
600 321 0
607 320 0
609 320 0
611 319 1
648 243 0
649 248 0
649 259 0
649 281 0
649 303 0
651 326 0
652 335 0
653 342 0
653 346 0
652 349 0
650 345 0
647 337 0
645 329 0
644 324 0
645 321 0
653 320 0
663 320 0
681 320 1
