and
592 348 0
586 339 0
578 336 0
567 335 0
552 340 0
538 351 0
529 366 0
527 377 0
538 379 0
558 373 0
574 362 0
582 355 0
586 350 0
589 347 0
591 359 0
591 371 0
596 377 0
604 378 0
629 366 0
649 351 0
662 340 0
667 338 0
674 342 0
676 350 0
678 358 0
681 364 0
688 363 0
700 359 0
715 352 0
723 349 0
727 350 0
732 352 0
737 357 0
744 362 0
747 364 1
830 341 0
820 342 0
810 342 0
802 343 0
796 346 0
792 352 0
787 362 0
785 369 0
787 373 0
793 371 0
816 347 0
831 326 0
841 302 0
849 282 0
855 265 0
857 259 0
857 256 0
852 267 0
846 294 0
843 321 0
844 345 0
851 361 0
864 366 0
901 365 0
921 365 1
