they
396 248 0
395 257 0
391 270 0
383 298 0
379 316 0
379 332 0
380 348 0
388 362 0
398 368 0
407 371 0
424 375 1
356 332 0
367 333 0
392 326 0
411 320 0
429 314 1
468 263 0
468 267 0
466 282 0
461 303 0
457 326 0
455 340 0
453 351 0
454 353 0
457 351 0
469 345 0
488 335 0
502 330 0
506 330 0
509 333 0
512 338 0
516 346 0
520 355 0
524 361 0
531 360 0
542 354 0
555 343 0
564 329 0
568 320 0
569 313 0
569 310 0
561 325 0
558 338 0
558 345 0
558 350 0
564 353 0
575 351 0
590 344 0
597 337 0
603 331 0
607 328 0
610 327 0
610 334 0
611 340 0
611 343 0
618 347 0
627 346 0
641 338 0
656 329 0
661 327 0
664 325 0
666 326 0
667 334 0
668 343 0
667 362 0
663 386 0
659 400 0
657 403 0
648 414 0
638 420 0
632 420 0
629 409 0
639 384 0
667 347 0
679 332 0
684 327 1
