they
445 237 0
445 245 0
444 259 0
439 291 0
434 317 0
430 343 0
430 364 0
445 375 0
480 375 0
501 372 0
515 368 1
404 330 0
407 334 0
415 333 0
434 328 0
458 318 0
479 309 1
534 251 0
534 255 0
528 286 0
524 313 0
522 329 0
522 338 0
523 345 0
524 349 0
527 352 0
538 350 0
554 343 0
568 338 0
576 336 0
580 336 0
583 336 0
585 341 0
590 349 0
596 358 0
607 364 0
621 364 0
635 355 0
644 346 0
648 338 0
648 331 0
645 325 0
643 323 0
637 326 0
624 342 0
620 357 0
624 363 0
633 365 0
656 361 0
677 352 0
688 346 0
695 340 0
701 333 0
703 336 0
703 342 0
707 350 0
713 354 0
724 354 0
738 349 0
746 346 0
750 344 0
753 344 0
756 352 0
758 374 0
751 420 0
736 447 0
725 452 0
704 455 0
691 450 0
688 440 0
702 415 0
735 380 0
745 368 1
