for
489 330 0
497 327 0
517 314 0
536 291 0
548 268 0
551 255 0
550 247 0
546 242 0
540 239 0
533 243 0
524 253 0
506 296 0
502 321 0
501 346 0
502 371 0
503 385 0
505 395 0
505 399 0
506 403 0
509 389 0
507 362 0
504 347 0
504 338 0
505 333 0
509 329 0
516 326 0
538 322 0
562 317 0
578 314 0
587 311 0
593 309 0
597 308 0
590 317 0
582 333 0
574 351 0
571 357 0
575 361 0
585 354 0
593 339 0
593 330 0
593 323 0
592 318 0
591 315 0
594 315 0
601 315 0
617 316 0
632 316 0
644 317 0
653 320 0
658 326 0
661 333 0
662 339 0
663 344 0
663 347 0
660 334 0
659 325 0
659 318 0
660 316 0
680 311 0
703 307 1
