for
550 328 0
554 328 0
561 324 0
574 311 0
595 268 0
596 236 0
596 231 0
593 227 0
587 227 0
581 231 0
572 245 0
563 273 0
559 304 0
559 344 0
560 376 0
559 401 0
560 414 0
560 421 0
560 424 0
554 399 0
551 383 0
550 377 0
551 370 0
554 361 0
565 348 0
581 334 0
594 328 0
601 326 0
605 325 0
612 324 0
615 324 0
617 324 0
616 330 0
614 338 0
616 345 0
623 349 0
632 350 0
636 348 0
640 340 0
642 334 0
641 327 0
639 322 0
637 316 0
648 313 0
655 313 0
667 313 0
675 314 0
682 316 0
688 318 0
694 324 0
695 329 0
696 334 0
698 337 0
697 330 0
697 326 0
698 321 0
700 318 0
710 313 0
721 308 0
736 301 1
