will
506 305 0
506 314 0
507 324 0
509 338 0
516 354 0
521 360 0
531 360 0
538 358 0
542 356 0
544 356 0
549 356 0
555 355 0
564 352 0
575 345 0
586 333 0
594 319 0
597 312 0
598 308 0
598 306 0
606 305 0
615 304 0
628 303 0
638 303 0
646 302 0
652 301 0
655 302 0
658 314 0
660 320 0
664 328 0
687 336 0
714 329 0
736 315 0
754 296 0
771 271 0
779 253 0
781 246 0
779 244 0
769 248 0
750 267 0
738 291 0
733 314 0
739 337 0
751 345 0
774 344 0
798 328 0
818 303 0
830 277 0
836 257 0
837 253 0
837 251 0
827 269 0
813 297 0
809 322 0
820 332 0
831 333 0
850 333 1
657 227 0
658 231 1
