your
509 293 0
508 302 0
508 311 0
511 319 0
518 320 0
528 316 0
546 302 0
557 293 0
563 289 0
566 289 0
569 292 0
573 333 0
572 361 0
566 383 0
561 395 0
553 404 0
545 407 0
537 405 0
531 400 0
532 392 0
540 377 0
564 356 0
586 338 0
602 326 0
609 321 0
613 319 0
615 317 0
615 322 0
622 326 0
634 323 0
654 312 0
664 304 0
665 296 0
661 288 0
649 284 0
638 283 0
625 288 0
620 294 0
620 296 1
709 287 0
708 291 0
707 298 0
709 311 0
711 320 0
716 326 0
724 329 0
737 324 0
755 313 0
761 306 0
762 304 0
767 299 0
771 298 0
774 311 0
779 320 0
787 327 0
799 330 0
820 323 0
834 317 0
841 314 0
846 314 0
849 315 0
852 319 0
856 325 0
857 329 0
859 332 0
860 322 0
860 307 0
860 298 0
861 295 0
864 294 0
875 293 0
886 292 0
911 287 1
