must
401 293 0
401 297 0
402 307 0
402 323 0
402 343 0
403 350 0
404 353 0
412 342 0
427 318 0
438 302 0
444 295 0
448 294 0
453 301 0
458 311 0
462 319 0
467 323 0
473 323 0
479 320 0
486 315 0
493 311 0
500 310 0
502 311 0
504 315 0
508 321 0
512 327 0
522 334 0
533 337 0
545 332 0
555 325 0
563 319 0
567 316 0
570 315 0
570 312 0
573 313 0
587 323 0
600 324 0
616 319 0
625 314 0
630 312 0
632 308 0
635 310 0
640 319 0
652 327 0
658 328 1
724 273 0
718 274 0
711 276 0
704 283 0
700 290 0
702 296 0
703 300 0
706 303 0
715 313 0
720 322 0
722 326 0
720 329 0
714 332 0
708 331 1
776 207 0
777 211 0
777 222 0
776 243 0
775 276 0
771 302 0
771 307 0
771 312 0
771 315 0
771 318 0
771 312 0
765 284 0
763 273 0
765 270 0
778 272 0
798 275 0
818 278 1
