virginia
272 291 0
272 295 0
278 312 0
284 329 0
291 341 0
296 342 0
303 339 0
317 327 0
329 313 0
336 304 0
340 302 1
379 298 0
378 301 0
376 307 0
375 317 0
375 327 0
376 336 0
380 340 0
388 342 0
396 341 0
401 339 0
407 335 0
412 332 0
416 329 0
418 329 0
420 333 0
422 337 0
424 341 0
427 339 0
427 330 0
428 326 0
428 323 0
437 316 0
447 315 1
500 316 0
495 315 0
489 315 0
485 316 0
482 317 0
478 324 0
479 330 0
483 331 0
486 331 0
489 332 0
492 343 0
493 365 0
489 391 0
486 409 0
485 416 0
483 420 0
480 409 0
485 389 0
493 365 0
501 352 0
511 340 0
519 331 0
524 326 0
528 322 0
530 321 0
533 324 0
535 329 0
543 333 0
555 332 0
574 324 0
585 320 0
588 318 0
593 315 0
597 314 0
600 316 0
601 319 0
602 324 0
608 322 0
613 319 0
618 315 0
622 314 0
626 317 0
628 322 0
632 326 0
639 330 0
649 327 0
657 323 0
664 319 0
671 315 0
674 313 0
678 313 0
681 317 0
684 325 0
688 332 0
692 334 0
695 335 1
770 309 0
761 308 0
754 310 0
746 314 0
741 319 0
738 322 0
737 328 0
740 330 0
744 330 0
750 326 0
758 323 0
761 321 0
766 319 0
768 324 0
771 330 0
779 334 0
790 333 0
809 329 0
813 328 1
383 209 0
383 213 1
663 225 0
665 228 1
517 223 0
519 228 1
