compa
424 303 0
419 301 0
413 302 0
401 306 0
383 318 0
374 328 0
370 336 0
368 349 0
369 359 0
375 367 0
394 369 0
411 369 0
420 369 1
478 313 0
475 315 0
468 320 0
462 326 0
458 334 0
457 345 0
460 355 0
469 364 0
482 363 0
507 353 0
519 343 0
522 333 0
521 325 0
516 319 0
509 316 0
498 317 0
491 320 1
552 316 0
552 323 0
552 332 0
552 340 0
553 348 0
553 352 0
554 356 0
562 336 0
567 326 0
571 321 0
573 319 0
575 326 0
576 333 0
578 339 0
587 334 0
593 328 0
600 323 0
612 321 0
621 327 0
625 333 0
631 340 0
636 343 1
687 309 0
687 312 0
687 318 0
686 347 0
684 378 0
684 385 0
684 390 0
684 394 0
679 384 0
674 361 0
676 339 0
681 328 0
687 320 0
695 313 0
703 310 0
710 310 0
712 313 0
713 321 0
712 333 0
710 340 0
705 344 0
700 345 0
693 342 0
691 339 1
815 297 0
811 298 0
806 298 0
797 300 0
786 301 0
777 301 0
770 303 0
765 307 0
762 312 0
762 321 0
767 328 0
775 334 0
786 335 0
799 330 0
809 322 0
816 315 0
819 311 0
824 306 0
825 314 0
826 321 0
833 330 0
844 335 0
865 345 1
