which
418 277 0
417 283 0
414 306 0
415 331 0
422 342 0
433 342 0
456 331 0
472 319 0
481 311 0
486 309 0
490 316 0
496 322 0
505 326 0
512 326 0
516 324 0
522 316 0
524 311 0
526 306 0
527 300 0
529 295 0
531 292 0
535 289 0
543 288 0
547 287 0
564 279 0
582 267 0
602 252 0
618 232 0
623 217 0
625 203 0
624 196 0
623 192 0
618 189 0
612 199 0
600 226 0
589 264 0
582 288 0
578 311 0
578 318 0
579 320 0
590 312 0
603 302 0
618 293 0
621 293 0
626 294 0
627 302 0
630 307 0
632 311 0
647 310 0
669 301 0
679 294 0
685 291 0
688 289 0
690 297 0
691 299 0
697 307 0
708 316 0
717 320 0
732 323 1
763 282 0
756 286 0
749 290 0
741 300 0
737 309 0
740 316 0
742 319 0
747 319 0
777 302 0
806 274 0
816 252 0
823 228 0
825 214 0
825 205 0
821 205 0
817 216 0
811 239 0
806 266 0
806 288 0
808 294 0
814 300 0
822 302 0
835 300 0
845 298 0
850 298 0
854 300 0
858 307 0
864 314 0
875 318 0
881 320 0
895 323 1
704 205 0
704 209 1
