secure
426 271 0
409 275 0
387 285 0
372 294 0
366 301 0
365 307 0
367 312 0
376 320 0
387 328 0
395 334 0
400 340 0
401 344 0
399 348 0
392 353 0
382 358 0
373 360 0
370 361 1
451 326 0
455 328 0
459 326 0
463 320 0
465 308 0
466 293 0
465 285 0
463 283 0
458 290 0
452 306 0
448 322 0
447 333 0
452 339 0
462 342 0
480 345 0
484 345 1
569 287 0
562 290 0
547 295 0
532 301 0
517 309 0
507 318 0
502 326 0
503 331 0
511 339 0
528 341 0
555 333 0
577 321 0
588 312 0
594 307 0
596 305 0
600 304 0
601 308 0
601 315 0
601 320 0
601 325 0
608 328 0
626 322 0
640 316 0
646 312 0
648 310 0
651 309 0
652 314 0
655 323 0
660 326 0
667 327 0
677 324 0
687 321 0
694 318 0
700 317 0
703 319 0
705 323 0
706 326 0
708 322 0
709 316 0
710 312 0
716 311 0
723 310 0
734 310 0
748 309 0
759 307 0
769 302 0
776 296 0
779 290 0
778 286 0
773 283 0
767 285 0
758 293 0
750 307 0
750 325 0
764 339 0
805 348 0
825 352 1
