own
458 299 0
451 298 0
442 299 0
432 304 0
426 312 0
422 322 0
421 334 0
428 342 0
445 344 0
468 337 0
480 328 0
488 322 0
489 319 0
489 314 0
486 309 0
481 306 0
478 305 0
493 304 0
506 302 0
513 300 0
519 300 0
522 301 0
522 308 0
523 313 0
526 319 0
531 324 0
539 327 0
548 326 0
555 322 0
561 319 0
563 315 0
566 312 0
569 313 0
578 319 0
588 322 0
610 321 0
619 318 0
625 313 0
627 309 0
629 305 0
627 301 0
632 299 0
637 298 0
648 297 0
656 297 0
662 298 0
665 303 0
669 311 0
671 319 0
672 322 0
673 325 0
682 321 0
701 313 0
712 309 0
719 308 0
724 308 0
729 310 0
737 317 0
759 325 0
777 330 0
783 332 1
