with
383 302 0
383 311 0
384 329 0
387 344 0
393 351 0
401 354 0
413 352 0
421 349 0
426 347 0
429 345 0
437 348 0
443 348 0
449 348 0
452 347 0
456 345 0
459 340 0
460 332 0
462 324 0
462 317 0
462 314 0
469 310 0
474 309 0
482 308 0
489 306 0
497 304 0
502 302 0
505 301 0
508 302 0
511 303 0
514 313 0
519 320 0
526 327 0
538 329 0
558 333 1
604 222 0
602 229 0
601 243 0
603 270 0
601 295 0
603 311 0
604 318 0
604 322 0
604 325 0
603 318 0
601 311 0
601 304 0
601 297 0
603 293 0
609 290 0
618 290 0
632 293 0
655 292 0
669 287 0
677 278 0
680 267 0
678 256 0
676 248 0
673 244 0
672 241 0
669 245 0
663 259 0
656 283 0
653 298 0
652 307 0
653 314 0
654 319 0
656 321 0
659 322 0
663 321 0
668 321 0
671 321 0
676 322 0
683 324 0
695 325 0
705 324 0
720 322 1
520 223 0
522 229 0
526 236 1
