large
346 355 0
352 351 0
368 331 0
388 302 0
409 259 0
414 237 0
415 228 0
415 224 0
415 221 0
394 266 0
379 309 0
374 325 0
374 336 0
378 344 0
388 348 0
399 352 0
417 357 1
478 314 0
475 310 0
468 308 0
460 308 0
451 312 0
443 320 0
439 326 0
439 333 0
443 338 0
450 339 0
460 333 0
471 324 0
480 311 0
482 313 0
484 320 0
488 326 0
495 332 0
507 333 0
517 333 0
525 333 0
530 333 0
537 334 0
541 334 0
540 327 0
540 325 0
540 322 0
548 316 0
565 306 0
582 296 1
633 312 0
630 310 0
624 308 0
616 308 0
612 309 0
607 311 0
608 315 0
612 320 0
619 322 0
627 323 0
633 323 0
639 327 0
641 337 0
644 364 0
641 391 0
639 408 0
635 418 0
625 421 0
620 415 0
620 403 0
650 363 0
673 341 0
691 326 0
703 315 0
708 309 0
710 305 0
709 301 0
704 298 0
698 298 0
689 302 0
686 308 0
685 316 0
693 325 0
706 336 0
720 348 1
