careful
376 298 0
365 302 0
355 307 0
336 324 0
328 336 0
327 346 0
331 354 0
343 360 0
368 361 0
388 362 1
478 318 0
474 318 0
468 317 0
462 317 0
457 316 0
449 317 0
437 325 0
428 336 0
421 349 0
419 358 0
423 362 0
432 358 0
445 347 0
455 335 0
463 325 0
466 322 0
469 320 0
470 330 0
473 341 0
478 348 0
485 350 0
501 345 0
517 335 0
531 326 0
537 323 0
540 326 0
541 330 0
542 341 0
541 343 0
541 332 0
542 322 0
544 316 0
548 314 0
552 318 0
562 324 0
576 326 0
588 323 0
598 319 0
605 317 0
607 312 0
606 308 0
601 304 0
593 304 0
583 310 0
575 318 0
570 332 0
571 348 0
579 357 0
591 358 0
617 348 0
642 331 0
661 310 0
678 290 0
690 267 0
696 251 0
699 244 0
698 235 0
695 229 0
691 229 0
685 232 0
675 245 0
664 270 0
657 296 0
656 317 0
654 327 0
645 376 0
642 392 0
642 396 0
642 384 0
641 373 0
642 368 0
645 364 0
660 350 0
669 341 0
676 334 0
679 332 0
684 328 0
686 326 0
688 328 0
690 334 0
693 340 0
705 346 0
720 339 0
736 325 0
739 325 0
742 325 0
743 332 0
747 339 0
753 344 0
763 342 0
784 327 0
810 296 0
831 258 0
837 248 0
840 245 0
830 259 0
813 284 0
802 306 0
799 320 0
806 336 0
833 354 0
855 362 0
868 366 1
