company
381 282 0
375 284 0
360 293 0
354 302 0
350 312 0
349 321 0
353 330 0
364 339 0
370 344 0
384 353 1
416 313 0
414 316 0
415 323 0
418 329 0
423 333 0
432 333 0
445 327 0
455 319 0
458 309 0
456 299 0
448 291 0
438 288 0
431 290 0
423 298 0
421 301 1
506 285 0
503 288 0
500 292 0
500 296 0
498 310 0
499 320 0
499 326 0
500 329 0
504 324 0
512 310 0
521 299 0
528 293 0
536 292 0
541 294 0
545 302 0
548 310 0
551 316 0
556 318 0
568 310 0
587 298 0
594 296 0
597 298 0
600 303 0
602 312 0
605 319 1
645 300 0
647 311 0
646 337 0
643 368 0
640 389 0
639 396 0
632 356 0
632 321 0
636 306 0
654 290 0
673 282 0
679 281 0
683 284 0
682 291 0
677 302 0
665 314 0
657 319 1
764 287 0
749 286 0
733 289 0
723 293 0
714 299 0
711 305 0
711 313 0
713 319 0
725 319 0
744 308 0
755 296 0
759 291 0
761 288 0
761 297 0
762 303 0
765 310 0
772 314 0
781 313 0
795 310 0
807 302 0
813 299 0
817 297 0
820 298 0
822 302 0
822 305 0
825 309 0
834 307 0
850 299 0
857 295 0
862 291 0
868 287 0
871 288 0
872 292 0
875 296 0
877 301 0
883 304 0
893 305 0
909 300 0
928 288 0
934 282 0
940 278 0
942 275 0
941 287 0
941 295 0
943 302 0
955 304 0
966 297 0
983 286 0
992 281 0
996 280 0
1000 279 0
1002 299 0
1003 327 0
1001 358 0
994 384 0
986 401 0
980 408 0
973 411 0
965 406 0
960 390 0
971 365 0
1004 335 0
1030 318 0
1041 310 1
