being
423 232 0
422 264 0
421 299 0
421 321 0
422 328 0
423 332 0
424 334 0
427 330 0
438 322 0
451 317 0
469 316 0
483 317 0
490 322 0
492 329 0
490 339 0
481 353 0
466 366 0
455 370 0
446 366 1
501 321 0
505 323 0
512 322 0
520 320 0
530 315 0
535 309 0
535 303 0
533 299 0
528 297 0
519 300 0
510 306 0
504 318 0
502 329 0
504 344 0
515 356 0
525 357 0
545 348 0
561 335 0
570 326 0
574 323 0
578 318 0
580 318 0
581 326 0
582 333 0
586 338 0
594 342 0
608 341 0
623 334 0
646 320 0
652 315 0
656 313 0
658 312 0
658 323 0
658 331 0
660 338 0
664 340 0
671 338 0
690 328 0
703 322 0
713 319 0
720 318 0
722 320 0
725 332 0
727 338 0
727 341 1
810 308 0
804 307 0
798 306 0
788 307 0
779 313 0
768 324 0
763 332 0
766 335 0
772 334 0
781 328 0
792 321 0
800 316 0
803 314 0
807 313 0
810 312 0
814 319 0
817 332 0
819 361 0
819 381 0
818 392 0
812 405 0
795 422 0
781 423 0
770 417 0
768 408 0
781 386 0
813 350 0
825 336 1
575 232 1
572 228 0
569 232 1
