three
458 235 0
444 253 0
424 286 0
418 301 0
418 314 0
422 325 0
433 335 0
451 337 0
459 337 0
474 337 1
395 305 0
409 304 0
451 297 0
469 293 1
507 242 0
507 250 0
504 273 0
500 298 0
498 313 0
499 322 0
499 325 0
501 329 0
506 328 0
515 322 0
522 317 0
527 314 0
532 312 0
536 311 0
545 319 0
551 321 0
558 320 0
568 318 0
574 316 0
579 315 0
582 316 0
587 322 0
588 324 0
591 323 0
592 318 0
596 312 0
600 309 0
604 306 0
608 306 0
616 304 0
627 305 0
640 305 0
653 302 0
663 298 0
669 291 0
670 286 0
670 282 0
666 279 0
661 282 0
654 287 0
649 298 0
648 310 0
652 320 0
659 326 0
664 327 0
672 322 0
692 307 0
709 293 0
712 289 0
712 286 0
707 287 0
703 293 0
701 304 0
707 320 0
723 332 0
739 343 1
