and
502 303 0
490 299 0
476 298 0
452 301 0
437 310 0
423 325 0
415 341 0
416 348 0
421 354 0
425 357 0
434 354 0
460 343 0
474 333 0
481 327 0
485 324 0
488 321 0
490 327 0
490 335 0
493 342 0
501 345 0
512 343 0
532 330 0
544 318 0
550 314 0
553 311 0
556 309 0
558 319 0
558 324 0
561 331 0
568 331 0
573 330 0
583 326 0
597 321 0
604 320 0
608 321 0
613 325 0
616 330 0
619 333 0
631 334 0
650 333 0
669 331 1
747 301 0
744 303 0
736 303 0
726 303 0
719 305 0
712 306 0
706 309 0
700 315 0
697 323 0
696 329 0
701 330 0
719 318 0
741 295 0
753 267 0
765 246 0
775 230 0
780 222 0
782 219 0
782 224 0
775 241 0
757 277 0
750 301 0
749 316 0
754 325 0
786 329 0
805 330 0
817 331 1
