captain
286 257 0
276 265 0
263 277 0
247 294 0
238 306 0
235 317 0
237 325 0
244 329 0
256 331 0
275 333 1
366 280 0
357 285 0
345 293 0
329 304 0
319 313 0
315 322 0
313 326 0
317 329 0
335 322 0
359 305 0
373 291 0
379 286 0
379 292 0
378 307 0
378 320 0
380 325 0
387 324 0
402 314 0
413 307 0
419 305 0
423 305 0
428 312 0
433 359 0
435 384 0
434 392 0
434 394 0
432 378 0
429 325 0
431 301 0
434 289 0
438 283 0
446 279 0
454 278 0
462 279 0
468 282 0
470 289 0
468 298 0
461 320 0
453 330 0
446 333 0
439 333 0
434 330 0
432 328 1
517 203 0
519 212 0
522 230 0
526 261 0
529 288 0
530 306 0
530 315 0
531 320 0
531 323 0
527 312 0
520 293 0
516 283 0
515 280 0
514 276 0
519 274 0
529 271 0
544 267 0
566 261 1
637 278 0
633 277 0
626 276 0
614 275 0
602 274 0
591 278 0
582 284 0
577 292 0
574 299 0
576 305 0
581 309 0
588 309 0
599 305 0
616 292 0
621 287 0
624 284 0
627 283 0
627 293 0
629 298 0
636 303 0
647 305 0
662 299 0
681 286 0
691 279 0
693 276 0
696 275 0
695 282 0
696 289 0
698 295 0
702 298 0
707 299 0
721 292 0
732 283 0
741 276 0
748 274 0
752 276 0
754 280 0
757 287 0
762 294 0
772 295 0
790 288 0
814 279 0
825 276 0
832 275 0
838 276 0
845 281 0
851 288 0
856 293 0
860 297 1
676 201 1
680 188 0
683 194 0
687 198 1
