what
453 247 0
454 250 0
452 275 0
448 302 0
446 317 0
446 326 0
450 332 0
457 335 0
472 332 0
495 321 0
504 314 0
509 312 0
512 311 0
516 313 0
523 317 0
531 317 0
542 315 0
551 311 0
557 306 0
561 300 0
565 295 0
568 290 0
571 282 0
572 276 0
573 273 1
607 182 0
609 194 0
606 219 0
603 252 0
600 278 0
598 292 0
598 298 0
599 301 0
603 300 0
615 292 0
625 288 0
632 286 0
635 289 0
642 296 0
648 301 0
651 303 0
659 302 0
675 300 0
693 296 1
741 272 0
732 269 0
720 269 0
708 275 0
700 282 0
696 290 0
695 295 0
698 298 0
706 300 0
719 298 0
735 288 0
743 284 0
748 282 0
752 285 0
755 290 0
758 296 0
764 301 1
824 181 0
823 197 0
818 228 0
812 260 0
808 289 0
806 301 0
805 310 0
805 314 0
803 297 0
801 290 0
801 283 0
802 280 0
808 277 0
825 272 0
839 268 0
855 263 1
