272
399 233 0
409 234 0
422 235 0
446 237 0
462 243 0
469 247 0
470 255 0
464 270 0
450 294 0
437 317 0
429 335 0
425 349 0
425 360 0
431 370 0
446 378 0
474 385 0
493 379 0
510 373 1
544 242 0
558 245 0
580 248 0
601 254 0
609 257 0
615 263 0
618 273 0
618 286 0
616 307 0
612 330 0
609 342 0
608 349 1
564 301 0
596 302 0
625 301 0
654 297 0
676 292 0
692 288 1
698 243 0
705 244 0
719 246 0
741 250 0
752 255 0
753 263 0
749 275 0
740 294 0
732 308 0
729 316 0
729 324 0
733 332 0
750 340 0
792 346 0
817 348 0
824 348 1
