desired
435 293 0
428 293 0
419 293 0
404 296 0
386 304 0
373 314 0
363 326 0
361 331 0
363 338 0
368 340 0
377 337 0
400 317 0
416 295 0
432 270 0
438 252 0
442 241 0
444 233 0
445 229 0
446 226 0
440 238 0
426 276 0
418 316 0
421 319 0
429 327 0
442 331 0
466 329 0
483 319 0
494 306 0
501 290 0
500 285 0
492 284 0
484 290 0
476 298 0
472 306 0
476 314 0
485 320 0
493 325 0
507 332 1
558 265 0
550 277 0
543 287 0
540 295 0
539 298 0
539 303 0
548 307 0
555 310 0
558 312 0
563 315 0
562 319 0
556 323 0
548 324 0
543 326 1
611 274 0
611 278 0
608 283 0
607 292 0
608 301 0
609 304 0
619 308 0
629 307 0
640 304 0
647 302 0
652 301 0
655 301 0
656 304 0
656 311 0
656 313 0
665 308 0
669 304 0
673 301 0
680 300 0
688 300 0
696 301 0
708 302 0
721 302 0
727 301 0
731 299 0
736 293 0
738 285 0
737 281 0
729 283 0
724 288 0
720 295 0
720 304 0
727 313 0
739 319 0
758 328 1
827 294 0
819 293 0
813 292 0
805 293 0
793 298 0
785 304 0
780 313 0
779 319 0
785 319 0
808 299 0
825 275 0
837 253 0
842 239 0
844 236 0
846 232 0
837 264 0
830 289 0
830 307 0
836 318 0
849 323 0
866 326 0
883 329 1
638 195 0
638 198 1
