dick
518 358 0
512 351 0
505 348 0
494 347 0
483 348 0
472 354 0
461 368 0
456 383 0
456 392 0
461 397 0
472 395 0
496 376 0
526 332 0
538 311 0
546 289 0
550 277 0
552 269 0
554 264 0
555 260 0
549 279 0
541 306 0
536 336 0
536 357 0
538 371 0
544 378 0
553 381 0
566 376 0
580 362 0
589 352 0
593 347 0
595 344 0
596 357 0
595 368 0
598 377 0
604 381 0
616 383 0
635 384 0
641 384 1
720 324 0
711 328 0
699 336 0
685 349 0
678 359 0
676 365 0
676 369 0
682 372 0
704 371 0
718 369 0
733 367 1
756 266 0
757 278 0
756 295 0
754 321 0
753 342 0
751 358 0
749 372 0
748 378 0
744 393 1
823 317 0
812 323 0
801 330 0
790 338 0
783 347 0
779 355 0
779 362 0
781 368 0
789 372 0
802 378 0
820 385 1
589 252 0
588 266 0
589 277 0
589 295 1
