answer
406 317 0
404 310 0
399 307 0
390 304 0
377 306 0
357 313 0
347 322 0
340 333 0
338 345 0
342 350 0
352 352 0
369 343 0
389 327 0
393 318 0
398 312 0
401 309 0
402 316 0
402 325 0
404 338 0
407 345 0
415 345 0
425 341 0
436 332 0
450 323 0
455 320 0
458 319 0
462 328 0
465 332 0
470 333 0
478 331 0
492 326 0
504 323 0
513 322 0
518 325 0
525 331 0
530 337 0
535 342 0
537 344 1
604 286 0
591 292 0
580 297 0
572 303 0
571 308 0
577 316 0
588 324 0
596 329 0
600 333 0
601 338 0
600 341 0
592 345 0
581 343 0
562 339 1
653 305 0
651 314 0
651 324 0
653 334 0
659 340 0
667 339 0
679 331 0
690 324 0
694 320 0
697 318 0
699 318 0
701 322 0
705 327 0
709 329 0
712 327 0
719 322 0
722 317 0
724 313 0
726 310 0
728 313 0
733 315 0
747 315 0
763 317 0
776 319 0
791 319 0
801 317 0
808 314 0
811 306 0
807 299 0
801 294 0
788 293 0
780 298 0
770 307 0
764 319 0
765 326 0
770 333 0
785 336 0
802 335 0
818 329 0
830 324 0
836 321 0
841 321 0
845 324 0
848 327 0
851 332 0
851 334 0
857 324 0
860 316 0
863 310 0
868 306 0
882 300 0
896 297 0
917 291 1
