distance
496 343 0
489 339 0
476 335 0
461 334 0
441 345 0
428 362 0
425 371 0
428 377 0
437 378 0
460 365 0
493 335 0
506 316 0
511 299 0
515 278 0
517 272 0
519 269 0
518 278 0
512 298 0
507 327 0
502 356 0
503 373 0
503 377 0
514 373 0
523 365 0
527 362 0
530 356 0
535 351 0
537 349 0
540 348 0
542 357 0
547 367 0
554 375 0
565 376 0
571 376 0
585 373 1
647 318 0
636 320 0
628 323 0
623 326 0
622 331 0
627 337 0
634 344 0
639 349 0
643 356 0
644 358 0
638 363 0
631 368 0
628 370 1
701 253 0
700 264 0
697 285 0
692 315 0
688 339 0
684 355 0
684 361 0
686 348 0
687 336 0
690 329 0
698 324 0
715 319 0
740 315 0
754 312 0
762 312 0
766 312 0
770 312 0
764 314 0
746 322 0
727 342 0
724 349 0
731 354 0
743 352 0
757 343 0
769 330 0
773 323 0
776 319 0
780 331 0
782 342 0
786 350 0
793 354 0
805 353 0
818 344 0
831 331 0
838 324 0
843 331 0
844 337 0
845 343 0
847 346 0
852 344 0
858 342 0
864 339 0
869 339 0
874 340 0
879 342 0
885 347 0
891 351 0
901 354 0
913 356 0
928 356 0
936 356 1
965 305 0
957 306 0
943 309 0
931 315 0
923 322 0
918 332 0
923 352 0
932 367 0
946 367 0
978 360 0
1002 346 0
1019 329 0
1026 320 0
1028 317 0
1029 314 0
1026 314 0
1014 327 0
1012 337 0
1014 350 0
1029 360 0
1056 364 0
1078 368 1
556 243 0
553 252 0
550 263 0
543 282 1
