and
510 290 0
506 289 0
500 287 0
493 287 0
471 292 0
455 303 0
447 313 0
443 324 0
443 334 0
449 337 0
470 337 0
493 327 0
507 316 0
516 307 0
519 304 0
522 303 0
525 303 0
526 308 0
528 316 0
530 321 0
536 324 0
543 323 0
550 319 0
558 314 0
562 311 0
565 309 0
568 308 0
570 310 0
573 312 0
578 313 0
588 312 0
605 303 0
623 294 0
629 293 0
633 295 0
637 304 0
641 314 0
651 321 0
666 320 0
682 317 0
698 314 1
752 279 0
746 280 0
733 286 0
718 295 0
714 300 0
714 305 0
717 307 0
722 306 0
732 299 0
750 276 0
766 250 0
779 226 0
784 216 0
786 214 0
788 213 0
783 228 0
770 270 0
766 293 0
769 304 0
783 310 0
807 313 0
828 315 1
