join
521 297 0
521 302 0
521 316 0
524 352 0
523 381 0
523 400 0
522 410 0
523 417 0
519 419 0
516 420 0
510 418 0
506 412 0
504 402 0
509 385 0
519 360 0
534 337 0
549 324 0
562 316 0
577 309 0
587 305 0
590 303 0
594 302 0
590 311 0
587 323 0
586 333 0
588 341 0
592 345 0
598 344 0
603 338 0
606 330 0
607 321 0
607 315 0
607 311 0
607 308 0
610 308 0
616 307 0
626 306 0
635 306 0
644 306 0
651 304 0
654 305 0
659 305 0
659 318 0
660 330 0
662 338 0
668 340 0
676 335 0
693 322 0
698 318 0
703 313 0
708 313 0
711 316 0
712 321 0
714 328 0
717 336 0
719 339 0
729 342 0
740 340 0
764 332 0
783 327 0
786 329 0
789 332 0
792 336 0
796 341 1
497 203 0
505 217 1
664 225 0
665 233 1
