orders
443 293 0
440 291 0
434 289 0
427 290 0
416 294 0
402 308 0
400 328 0
407 336 0
417 336 0
433 327 0
445 316 0
447 306 0
446 298 0
445 294 0
446 289 0
452 285 0
471 277 0
494 270 0
505 267 0
511 267 0
515 269 0
519 273 0
520 281 0
521 291 0
521 301 0
523 310 0
523 317 0
523 321 0
524 325 0
527 294 0
528 286 0
530 283 0
533 282 0
542 281 0
563 278 0
581 275 0
596 272 1
643 278 0
629 280 0
613 284 0
601 290 0
594 296 0
592 298 0
597 306 0
613 306 0
643 284 0
676 246 0
682 224 0
686 212 0
687 208 0
688 206 0
690 204 0
688 212 0
683 229 0
675 257 0
673 283 0
674 299 0
679 307 0
690 312 0
705 310 0
724 297 0
734 286 0
736 279 0
735 274 0
730 270 0
725 267 0
720 270 0
716 282 0
714 297 0
718 305 0
729 307 0
746 305 0
767 297 0
775 295 0
779 294 0
782 296 0
784 300 0
785 303 0
785 296 0
786 286 0
789 275 0
797 266 0
801 263 1
847 240 0
846 244 0
836 256 0
830 266 0
828 273 0
830 279 0
834 284 0
840 290 0
845 294 0
848 299 0
849 303 0
847 306 0
843 309 1
