shall
378 320 0
372 328 0
367 336 0
367 342 0
370 345 0
378 350 0
393 357 0
406 368 0
407 380 0
404 386 0
396 391 0
385 392 0
374 388 0
371 387 1
431 264 0
433 276 0
436 292 0
437 317 0
437 343 0
434 361 0
434 367 0
434 372 0
444 369 0
449 368 0
458 367 0
465 367 0
468 367 0
472 371 0
478 374 0
486 376 0
489 376 1
580 350 0
573 348 0
566 346 0
559 345 0
552 345 0
545 350 0
540 357 0
534 364 0
533 369 0
535 373 0
541 372 0
543 371 0
550 368 0
559 363 0
561 361 0
566 359 0
571 366 0
578 370 0
593 371 0
622 361 0
646 346 0
667 322 0
678 299 0
685 280 0
687 271 0
680 273 0
664 289 0
648 312 0
638 335 0
638 347 0
645 355 0
658 357 0
685 347 0
716 324 0
740 293 0
747 281 0
747 275 0
749 270 0
741 270 0
726 281 0
708 301 0
699 321 0
701 336 0
714 351 0
737 362 0
752 369 1
