your
513 291 0
512 294 0
507 306 0
505 312 0
507 322 0
518 332 0
532 332 0
553 322 0
564 313 0
570 310 0
572 308 0
574 306 0
577 310 0
578 323 0
578 344 0
575 371 0
568 390 0
560 403 0
550 409 0
537 412 0
528 407 0
524 400 0
528 384 0
542 360 0
559 340 0
575 325 0
587 318 0
594 312 0
601 310 0
603 311 0
605 313 0
611 314 0
619 315 0
627 313 0
631 310 0
632 304 0
631 299 0
627 293 0
624 289 0
619 285 0
617 286 0
626 292 0
649 291 0
666 287 0
675 284 0
684 281 0
689 279 0
693 279 0
697 280 0
697 285 0
696 293 0
695 303 0
695 315 0
700 322 0
707 324 0
719 319 0
733 310 0
742 304 0
746 302 0
751 299 0
752 304 0
753 310 0
755 314 0
762 317 0
776 316 0
796 312 0
810 305 0
817 303 0
823 304 0
826 307 0
828 311 0
829 317 0
829 320 0
831 312 0
832 301 0
837 295 0
847 290 0
866 286 0
883 281 1
