him
464 246 0
462 242 0
460 261 0
457 291 0
455 319 0
454 336 0
454 345 0
455 348 0
458 349 0
462 347 0
469 343 0
474 338 0
481 332 0
487 328 0
490 326 0
493 324 0
495 326 0
498 330 0
502 335 0
513 342 0
530 341 0
549 331 0
557 326 0
564 320 0
568 316 0
570 313 0
572 318 0
573 325 0
575 332 0
578 334 0
583 334 0
589 331 0
597 326 0
604 321 0
607 320 0
610 318 0
612 321 0
613 325 0
615 335 0
619 337 0
626 332 0
636 325 0
643 322 0
650 321 0
658 327 0
666 336 0
674 342 0
684 342 0
702 332 0
718 323 0
723 321 0
727 320 0
731 323 0
740 337 0
748 344 0
758 348 0
774 353 0
777 354 1
584 233 0
585 237 1
