care
510 293 0
505 294 0
495 296 0
477 305 0
460 329 0
456 344 0
458 355 0
467 364 0
492 366 0
518 365 0
533 363 1
595 313 0
591 313 0
583 314 0
575 317 0
568 320 0
556 327 0
549 333 0
547 338 0
549 344 0
556 348 0
566 346 0
582 337 0
592 329 0
593 326 0
598 321 0
600 328 0
600 337 0
604 343 0
610 347 0
621 347 0
631 344 0
636 342 0
640 341 0
643 341 0
645 344 0
646 347 0
649 350 0
649 342 0
651 332 0
652 328 0
654 323 0
663 322 0
670 322 0
676 322 0
685 322 0
698 319 0
710 313 0
715 308 0
717 301 0
716 297 0
713 297 0
708 299 0
700 308 0
692 328 0
692 343 0
705 355 0
723 364 0
738 372 1
