halt
458 239 0
458 247 0
458 264 0
456 311 0
452 345 0
452 358 0
452 363 0
454 365 0
461 360 0
480 345 0
498 333 0
505 330 0
509 331 0
512 331 0
515 336 0
519 343 0
522 351 0
528 354 0
533 356 1
609 317 0
601 318 0
589 323 0
576 333 0
568 343 0
566 350 0
566 355 0
569 357 0
578 355 0
591 348 0
598 341 0
603 336 0
605 332 0
609 335 0
611 343 0
615 347 0
625 350 0
650 338 0
673 320 0
690 294 0
703 272 0
705 257 0
703 251 0
697 249 0
689 251 0
677 262 0
663 285 0
653 309 0
651 327 0
655 342 0
663 352 0
673 352 0
696 339 0
716 320 0
729 296 0
738 276 0
742 267 0
745 263 0
746 260 0
746 265 0
742 285 0
739 307 0
735 334 0
734 349 0
734 356 0
733 330 0
734 326 0
735 324 0
743 323 0
753 324 0
770 324 0
775 324 1
