ferguson
304 300 0
312 297 0
326 285 0
352 254 0
373 225 0
378 216 0
380 213 0
373 224 0
364 249 0
355 277 0
351 303 0
347 332 0
345 362 0
344 381 0
344 385 0
344 387 0
339 360 0
337 338 0
338 334 0
339 331 0
351 326 0
365 322 0
384 317 0
390 315 0
395 312 0
405 303 0
415 288 0
416 283 0
413 280 0
405 281 0
395 287 0
389 298 0
385 311 0
387 327 0
396 341 0
406 344 0
419 340 0
433 332 0
442 327 0
445 325 0
448 325 0
450 328 0
452 332 0
450 322 0
449 315 0
450 309 0
457 304 0
459 302 1
521 303 0
515 300 0
508 300 0
502 304 0
502 307 0
505 309 0
511 310 0
520 307 0
526 306 0
531 307 0
533 308 0
535 325 0
532 382 0
525 402 0
523 406 0
519 410 0
513 411 0
506 407 0
505 403 0
507 393 0
516 375 0
527 356 0
534 346 0
547 325 0
555 315 0
560 305 0
564 299 0
566 296 0
568 293 0
571 300 0
572 304 0
578 309 0
585 312 0
596 311 0
607 305 0
617 298 0
622 296 0
624 297 0
627 306 0
630 313 0
637 315 1
697 277 0
693 281 0
692 285 0
694 288 0
699 291 0
711 300 0
716 304 0
718 309 0
716 314 0
711 319 0
706 320 1
761 292 0
758 297 0
753 306 0
753 313 0
759 320 0
771 323 0
783 318 0
793 312 0
794 307 0
792 300 0
785 295 0
774 295 0
764 299 1
840 278 0
840 282 0
839 291 0
839 302 0
839 314 0
840 319 0
846 319 0
855 314 0
867 304 0
880 295 0
887 292 0
891 293 0
893 295 0
895 302 0
898 314 0
911 323 0
915 326 0
928 335 1
