men
399 297 0
400 304 0
401 312 0
401 320 0
401 323 0
402 332 0
402 337 0
408 331 0
414 326 0
421 320 0
428 315 0
433 312 0
438 311 0
442 312 0
445 315 0
448 316 0
451 316 0
457 314 0
466 310 0
476 308 0
483 309 0
489 310 0
493 311 0
501 314 0
508 317 0
515 320 0
529 320 0
545 317 0
558 306 0
562 299 0
564 296 0
564 292 0
560 292 0
557 297 0
556 303 0
557 310 0
560 317 0
569 321 0
583 320 0
594 316 0
600 313 0
604 309 0
607 307 0
609 306 0
611 310 0
614 318 0
617 321 0
623 322 0
634 318 0
650 312 0
659 311 0
662 311 0
671 313 0
676 319 0
681 326 0
689 330 0
704 331 0
719 330 0
735 328 1
