company
318 276 0
307 279 0
292 291 0
278 305 0
270 319 0
268 325 0
271 332 0
283 336 0
303 337 0
326 337 1
375 295 0
372 301 0
365 315 0
363 327 0
367 334 0
374 336 0
386 332 0
399 323 0
405 313 0
407 302 0
404 293 0
398 289 0
392 290 0
380 297 0
373 305 0
372 308 1
444 282 0
444 286 0
444 290 0
444 296 0
445 304 0
446 310 0
446 314 0
453 313 0
460 306 0
467 299 0
471 297 0
475 297 0
481 301 0
485 306 0
487 310 0
493 312 0
499 311 0
506 309 0
509 308 0
519 309 0
523 312 0
525 316 0
529 320 1
592 301 0
592 305 0
592 315 0
591 331 0
589 343 0
587 354 0
586 360 0
585 348 0
587 314 0
592 280 0
595 272 0
600 271 0
606 272 0
613 279 0
616 286 0
616 293 0
614 301 0
610 308 0
605 311 1
703 283 0
696 281 0
686 280 0
675 281 0
663 286 0
657 290 0
655 296 0
655 302 0
656 306 0
664 310 0
671 309 0
677 306 0
682 298 0
686 290 0
688 287 0
690 284 0
693 295 0
696 300 0
702 304 0
710 306 0
721 304 0
732 296 0
738 291 0
742 289 0
745 290 0
747 296 0
746 300 0
747 304 0
752 306 0
758 304 0
769 297 0
777 292 0
781 291 0
784 292 0
786 299 0
787 303 0
792 305 0
807 300 0
827 289 0
837 283 0
842 280 0
845 278 0
847 284 0
847 292 0
850 295 0
854 297 0
863 297 0
879 291 0
889 285 0
896 282 0
900 280 0
902 281 0
902 290 0
899 308 0
895 334 0
890 362 0
882 381 0
874 393 0
872 397 0
861 398 0
851 391 0
854 376 0
878 347 0
922 310 0
932 301 1
