your
426 277 0
425 280 0
424 287 0
424 299 0
427 308 0
433 314 0
442 315 0
456 311 0
468 304 0
479 295 0
484 291 0
488 288 0
490 288 0
491 292 0
492 303 0
493 337 0
482 386 0
473 401 0
465 407 0
456 411 0
445 408 0
441 405 0
442 395 0
453 372 0
477 340 0
495 323 0
506 314 0
514 309 0
517 307 0
521 305 0
523 307 0
526 313 0
534 321 0
547 324 0
569 318 0
584 307 0
590 298 0
589 291 0
584 283 0
580 279 0
572 279 0
552 288 0
536 296 0
529 299 1
615 283 0
615 287 0
615 292 0
617 296 0
620 303 0
625 307 0
637 306 0
644 303 0
647 299 0
650 298 0
652 302 0
655 307 0
664 310 0
678 310 0
692 308 0
703 307 0
712 307 0
716 308 0
720 310 0
722 311 0
723 304 0
725 297 0
729 289 0
738 284 0
741 282 1
