instructions
135 262 0
135 265 0
134 269 0
131 284 0
126 306 0
124 324 0
126 333 0
131 339 0
139 337 0
159 321 0
177 302 0
188 287 0
190 287 0
193 297 0
193 304 0
193 311 0
195 314 0
198 313 0
206 307 0
215 299 0
221 296 0
224 297 0
226 300 0
232 316 0
238 322 0
248 323 0
261 323 0
270 323 1
328 250 0
316 260 0
292 283 0
286 294 0
293 302 0
306 308 0
319 314 0
323 316 0
327 319 0
327 322 0
320 327 0
310 333 0
299 336 0
296 335 1
387 187 0
387 194 0
386 210 0
383 254 0
381 277 0
381 283 0
379 307 0
377 318 0
377 321 0
377 316 0
376 299 0
376 291 0
377 285 0
380 282 0
389 280 0
400 279 0
411 280 0
420 283 0
426 287 0
430 291 0
431 294 0
431 298 0
430 301 0
429 305 0
428 311 0
428 313 0
430 307 0
435 290 0
441 279 0
450 275 0
454 275 0
457 275 0
461 275 0
463 276 0
467 276 0
469 279 0
470 289 0
471 295 0
472 298 0
474 302 0
478 302 0
486 298 0
492 293 0
497 289 0
501 286 0
504 286 0
506 293 0
509 299 0
514 304 0
524 302 0
532 300 0
547 295 1
588 262 0
584 263 0
574 266 0
564 268 0
553 272 0
545 277 0
541 283 0
540 291 0
541 299 0
550 306 0
561 309 0
581 316 1
629 185 0
629 188 0
630 195 0
630 220 0
630 252 0
629 280 0
628 296 0
628 302 0
628 305 0
620 295 0
618 289 0
616 285 0
620 280 0
631 274 0
641 272 0
652 270 0
659 270 0
662 271 0
666 274 0
666 285 0
667 291 0
668 297 0
670 300 0
676 301 0
687 298 0
697 296 0
713 291 1
746 272 0
736 275 0
733 277 0
729 281 0
726 288 0
726 295 0
730 298 0
736 296 0
743 290 0
746 281 0
746 274 0
745 270 0
744 267 0
760 269 0
772 267 0
782 265 0
788 265 0
791 265 0
794 268 0
795 279 0
797 286 0
798 291 0
800 293 0
804 295 0
807 293 0
822 286 0
831 282 0
835 284 0
837 285 0
841 293 0
849 299 1
912 246 0
902 250 0
893 260 0
889 268 0
891 275 0
895 281 0
901 287 0
904 291 0
908 296 0
908 299 0
902 303 0
889 310 0
872 320 1
145 154 0
146 160 0
147 164 1
672 157 0
674 165 0
674 168 1
