therefore
386 241 0
386 245 0
384 258 0
382 281 0
379 301 0
379 312 0
381 323 0
387 334 0
395 345 0
406 349 0
413 351 0
428 355 1
358 303 0
370 306 0
393 304 0
410 301 0
427 297 1
449 253 0
451 257 0
450 271 0
447 294 0
448 313 0
449 321 0
450 327 0
451 331 0
452 334 0
456 334 0
467 327 0
477 322 0
481 320 0
486 319 0
490 327 0
497 332 0
507 335 0
517 335 0
530 328 0
539 320 0
544 315 0
546 311 0
546 308 0
542 317 0
542 324 0
546 331 0
556 338 0
568 336 0
583 331 0
589 328 0
591 328 0
594 331 0
593 334 0
595 326 0
596 323 0
602 320 0
610 318 0
625 317 0
637 315 0
644 314 0
648 313 0
651 312 0
647 305 0
645 304 0
640 305 0
636 310 0
635 320 0
636 332 0
642 340 0
650 342 1
709 335 0
709 339 0
708 332 0
705 306 0
707 282 0
712 268 0
722 255 0
733 247 0
746 238 0
750 235 1
685 309 0
690 312 0
698 312 0
718 312 0
732 310 0
735 310 0
737 310 0
738 312 0
744 324 0
750 328 0
760 331 0
770 330 0
781 322 0
788 312 0
789 304 0
788 297 0
784 295 0
775 296 0
764 301 0
756 306 0
755 309 0
762 312 1
837 305 0
836 310 0
834 317 0
832 323 0
831 328 0
830 331 0
829 319 0
829 314 0
831 312 0
835 311 0
854 308 0
868 307 0
879 306 0
884 305 0
888 304 0
892 302 0
892 298 0
888 295 0
883 296 0
879 298 0
875 308 0
873 320 0
873 327 0
879 333 0
888 343 0
900 354 1
