mens
364 296 0
366 307 0
370 323 0
373 343 0
375 352 0
376 360 0
378 364 0
379 367 0
390 351 0
404 332 0
410 324 0
414 322 0
419 320 0
421 328 0
424 333 0
427 336 0
433 333 0
449 322 0
463 314 0
468 313 0
475 315 0
479 319 0
486 329 0
492 336 0
501 341 0
520 342 0
545 332 0
561 323 0
568 319 0
573 312 0
574 305 0
573 298 0
571 295 0
566 295 0
556 301 0
549 309 0
545 322 0
547 333 0
550 339 0
552 341 0
567 339 0
596 323 0
612 311 0
617 308 0
617 317 0
619 325 0
620 328 0
624 333 0
630 332 0
641 327 0
655 321 0
661 319 0
669 320 0
672 322 0
677 333 0
679 338 0
682 342 0
685 342 1
760 289 0
756 293 0
751 296 0
748 301 0
749 306 0
755 314 0
762 322 0
769 328 0
772 334 0
773 339 0
768 346 0
750 358 0
738 364 0
725 370 1
