arm
495 285 0
486 285 0
477 286 0
465 288 0
445 295 0
435 302 0
428 311 0
425 320 0
428 326 0
433 330 0
454 324 0
480 308 0
486 302 0
487 298 0
489 296 0
486 306 0
484 317 0
486 325 0
494 329 0
504 328 0
518 322 0
526 318 0
530 316 0
533 315 0
537 315 0
543 319 0
545 322 0
547 324 0
550 318 0
554 303 0
555 297 0
558 294 0
563 290 0
569 287 0
574 286 0
580 286 0
585 287 0
588 290 0
590 294 0
592 299 0
596 305 0
597 309 0
600 314 0
603 315 0
607 315 0
616 305 0
625 297 0
629 293 0
632 293 0
636 296 0
639 300 0
641 305 0
644 309 0
649 312 0
654 312 0
657 311 0
672 306 0
689 300 0
698 298 0
701 299 0
704 303 0
707 309 0
720 321 0
743 328 0
762 334 1
