slip
511 302 0
508 305 0
499 310 0
484 322 0
472 335 0
469 342 0
471 347 0
477 354 0
498 363 0
510 370 0
511 373 0
504 380 0
493 384 0
485 382 1
556 240 0
555 254 0
545 305 0
539 340 0
538 357 0
539 367 0
540 370 0
548 373 0
563 367 0
581 351 0
591 343 0
595 340 0
597 338 0
599 340 0
599 348 0
602 356 0
612 362 0
622 363 0
637 358 0
649 352 0
656 347 0
661 343 0
664 357 0
664 382 0
663 404 0
662 419 0
661 427 0
661 430 0
666 408 0
674 371 0
682 350 0
692 332 0
702 323 0
713 320 0
720 323 0
723 331 0
720 344 0
709 363 0
701 370 0
692 370 0
682 365 0
665 354 0
663 353 1
612 245 0
612 254 0
612 257 1
