received
312 300 0
312 303 0
313 310 0
314 319 0
316 325 0
317 328 0
316 323 0
314 316 0
313 312 0
312 310 0
317 308 0
329 309 0
346 307 0
361 304 0
373 301 0
384 293 0
388 289 0
392 284 0
392 281 0
386 280 0
378 290 0
370 304 0
366 318 0
369 326 0
375 330 0
388 330 0
409 329 1
481 283 0
464 280 0
450 282 0
439 289 0
431 298 0
426 307 0
425 318 0
429 327 0
439 333 0
454 339 0
461 342 1
522 303 0
531 304 0
536 301 0
540 296 0
541 292 0
539 285 0
532 282 0
524 281 0
516 283 0
508 293 0
503 303 0
503 314 0
506 324 0
512 330 0
525 330 0
547 322 0
558 313 0
562 310 0
566 306 0
569 302 0
571 299 0
577 317 0
584 324 0
596 327 0
603 326 0
620 315 0
626 308 0
630 304 0
632 302 0
637 300 0
638 303 0
641 308 0
643 311 0
643 316 0
644 319 0
645 322 0
646 325 0
657 310 0
668 288 0
673 280 0
677 277 1
699 303 0
702 306 0
705 305 0
709 301 0
710 295 0
709 289 0
706 283 0
704 280 0
696 286 0
692 299 0
694 311 0
700 320 0
714 323 0
731 325 0
740 325 1
800 286 0
787 285 0
773 287 0
760 293 0
751 300 0
749 307 0
749 316 0
752 320 0
760 319 0
773 309 0
790 284 0
802 258 0
809 247 0
810 244 0
812 237 0
807 248 0
799 274 0
797 299 0
800 315 0
813 321 0
824 326 0
839 332 1
551 232 0
555 235 1
