hospital
361 242 0
362 249 0
364 275 0
364 294 0
364 305 0
368 358 0
372 373 0
380 376 0
387 372 0
396 364 0
407 355 0
412 352 0
415 351 0
419 355 0
423 365 0
430 374 0
440 379 0
454 383 0
461 385 1
495 321 0
492 326 0
486 337 0
484 354 0
494 363 0
510 361 0
522 352 0
527 345 0
528 337 0
525 330 0
518 327 0
510 330 0
499 338 0
493 343 0
480 352 1
595 313 0
584 317 0
573 322 0
567 326 0
564 331 0
568 336 0
575 342 0
582 348 0
586 354 0
583 360 0
575 365 0
567 367 0
563 367 1
647 364 0
649 367 0
648 380 0
643 408 0
637 432 0
634 441 0
627 436 0
623 413 0
620 363 0
629 342 0
638 330 0
650 323 0
662 321 0
670 322 0
674 327 0
672 334 0
662 349 0
652 358 0
648 360 1
707 312 0
707 315 0
706 325 0
704 335 0
704 343 0
706 352 0
712 358 0
723 361 0
740 363 0
743 364 1
766 260 0
766 264 0
766 274 0
765 301 0
765 328 0
763 346 0
763 354 0
763 359 0
760 352 0
757 346 0
758 341 0
762 336 0
772 332 0
785 327 0
805 324 0
813 322 0
819 322 0
823 322 0
826 322 0
820 322 0
815 324 0
806 329 0
800 336 0
798 341 0
801 343 0
808 340 0
817 335 0
827 329 0
830 326 0
835 324 0
837 327 0
840 333 0
846 340 0
861 344 0
878 337 0
900 320 0
918 296 0
930 272 0
935 259 0
936 256 0
923 263 0
908 282 0
894 303 0
887 323 0
893 336 0
899 350 0
902 358 1
721 240 0
719 245 1
