properly
412 302 0
412 308 0
409 326 0
404 356 0
401 377 0
400 384 0
400 388 0
399 391 0
398 375 0
394 328 0
397 300 0
402 285 0
410 277 0
418 274 0
426 274 0
436 277 0
441 284 0
445 296 0
444 309 0
442 320 0
438 326 0
435 328 0
430 328 0
427 319 0
426 317 1
492 291 0
493 295 0
493 305 0
493 316 0
493 323 0
493 326 0
491 320 0
490 311 0
488 299 0
491 291 0
495 287 0
500 285 0
506 284 0
511 285 0
514 286 0
516 286 0
518 288 0
521 293 0
524 299 0
532 304 0
544 305 0
554 301 0
560 294 0
564 287 0
561 278 0
552 271 0
539 267 0
525 270 0
511 283 0
505 295 0
505 300 1
593 310 0
594 317 0
593 336 0
590 362 0
588 384 0
587 393 0
583 364 0
588 323 0
596 299 0
603 288 0
611 283 0
619 278 0
623 279 0
626 283 0
627 289 0
626 298 0
621 310 0
617 315 0
613 317 1
649 286 0
660 292 0
671 296 0
683 298 0
698 293 0
704 283 0
705 279 0
702 274 0
692 271 0
682 275 0
670 286 0
663 303 0
666 315 0
673 323 0
686 325 0
705 320 0
720 314 0
730 310 0
735 309 0
739 309 0
743 312 0
745 318 0
747 324 0
743 313 0
745 301 0
747 294 0
755 291 0
764 288 0
781 281 0
785 280 1
821 207 0
820 214 0
812 235 0
803 260 0
793 290 0
790 314 0
789 324 0
791 327 0
798 325 0
816 315 0
836 297 0
845 286 0
848 282 0
853 278 0
855 290 0
858 302 0
861 306 0
869 307 0
881 302 0
893 295 0
901 289 0
906 286 0
910 284 0
913 286 0
917 298 0
918 321 0
913 350 0
908 370 0
900 377 0
889 381 0
874 380 0
867 373 0
869 362 0
890 339 0
927 309 0
937 299 1
