your
453 298 0
452 303 0
451 312 0
456 323 0
469 324 0
491 316 0
501 310 0
506 307 0
510 304 0
513 306 0
516 318 0
518 343 0
516 368 0
510 389 0
503 403 0
496 413 0
490 415 0
483 413 0
481 406 0
485 388 0
497 362 0
515 343 0
536 329 0
558 318 0
570 313 0
576 310 0
579 309 0
576 314 0
576 320 0
583 323 0
593 325 0
603 321 0
609 316 0
612 310 0
610 305 0
606 300 0
599 295 0
592 294 0
589 295 0
600 298 0
617 294 0
632 288 0
643 285 0
649 285 0
655 287 0
656 291 0
657 296 0
658 303 0
661 313 0
666 323 0
677 325 0
701 314 0
712 304 0
718 297 0
722 292 0
723 299 0
721 306 0
723 313 0
729 318 0
737 318 0
749 316 0
760 314 0
768 312 0
779 312 0
785 313 0
788 314 0
792 318 0
795 313 0
798 305 0
805 296 0
807 294 0
812 293 1
