surgeon
409 230 0
402 235 0
382 249 0
372 260 0
369 266 0
369 272 0
374 278 0
387 287 0
400 294 0
405 299 0
409 303 0
409 312 0
404 318 0
396 322 0
393 322 1
453 253 0
453 256 0
452 265 0
452 281 0
454 292 0
456 298 0
464 301 0
476 297 0
495 282 0
503 274 0
507 271 0
509 269 0
511 272 0
513 282 0
515 288 0
531 295 0
542 294 0
550 292 0
556 291 0
559 292 0
563 293 0
562 283 0
563 273 0
565 262 0
570 256 0
581 251 0
592 246 0
607 239 1
661 260 0
648 261 0
634 262 0
625 266 0
620 268 0
618 272 0
625 276 0
627 276 0
634 284 0
646 312 0
649 332 0
649 343 0
645 354 0
640 363 0
634 368 0
627 367 0
623 361 0
626 351 0
637 334 0
653 318 0
664 307 0
684 292 0
699 281 0
708 274 0
711 271 0
715 269 0
719 268 0
723 268 0
726 265 0
727 256 0
727 252 0
726 249 0
722 248 0
712 258 0
704 273 0
704 286 0
710 292 0
724 294 0
744 296 0
749 296 1
813 254 0
802 256 0
788 260 0
779 270 0
773 280 0
773 288 0
773 291 0
786 294 0
814 286 0
832 274 0
838 269 0
842 263 0
843 259 0
843 255 0
841 252 0
840 250 0
845 248 0
851 247 0
857 247 0
866 251 0
870 258 0
872 267 0
874 276 0
876 283 0
884 287 0
896 282 0
911 273 0
924 267 0
928 266 0
933 267 0
937 273 0
942 281 0
955 289 0
965 295 0
980 302 1
