6th
521 238 0
511 257 0
496 287 0
482 318 0
479 337 0
482 351 0
498 356 0
515 351 0
521 345 0
525 336 0
524 330 0
518 326 0
510 327 0
502 330 0
496 333 1
604 253 0
601 261 0
597 268 0
586 301 0
580 336 0
582 349 0
589 357 0
606 363 0
630 361 0
653 358 1
554 324 0
558 326 0
585 325 0
598 325 0
615 323 1
655 262 0
655 266 0
655 271 0
655 283 0
654 300 0
654 317 0
655 331 0
656 339 0
657 343 0
660 347 0
668 345 0
679 342 0
692 338 0
699 336 0
702 336 0
705 337 0
709 341 0
711 347 0
741 356 0
762 358 1
