room
406 303 0
407 315 0
407 333 0
410 350 0
411 354 0
412 359 0
409 339 0
410 329 0
411 322 0
412 318 0
413 315 0
417 316 0
424 317 0
439 318 0
455 318 0
461 318 0
464 318 0
464 325 0
462 334 0
463 342 0
470 349 0
478 350 0
490 343 0
502 328 0
503 324 0
499 316 0
491 308 0
478 307 0
466 310 0
459 316 1
533 312 0
531 317 0
529 323 0
530 329 0
537 336 0
550 336 0
568 327 0
579 316 0
582 310 0
579 302 0
571 295 0
560 296 0
547 301 0
542 308 0
541 311 1
620 300 0
620 304 0
620 309 0
620 319 0
620 326 0
620 330 0
620 333 0
626 329 0
635 321 0
641 317 0
646 315 0
650 313 0
654 313 0
658 321 0
660 325 0
664 331 0
666 333 0
669 335 0
672 337 0
675 334 0
679 328 0
684 323 0
689 319 0
694 316 0
698 316 0
703 319 0
704 322 0
707 326 0
712 330 0
726 334 0
749 332 0
758 332 0
772 330 1
