engage
342 305 0
362 301 0
383 289 0
395 280 0
399 273 0
393 269 0
384 269 0
371 275 0
354 288 0
343 301 0
341 310 0
341 319 0
345 326 0
350 329 0
358 328 0
370 321 0
388 306 0
405 293 0
408 290 0
412 289 0
416 295 0
418 300 0
419 304 0
420 307 0
432 304 0
451 295 0
466 289 0
471 289 0
475 291 0
478 294 0
482 300 0
486 305 0
493 307 1
582 278 0
574 277 0
567 276 0
557 277 0
547 281 0
541 287 0
534 294 0
533 300 0
557 289 0
569 280 0
575 278 0
580 282 0
583 291 0
584 310 0
581 335 0
574 356 0
568 367 0
563 373 0
555 377 0
548 374 0
543 366 0
543 354 0
550 338 0
566 322 0
582 307 0
594 294 1
674 279 0
671 279 0
660 281 0
651 284 0
644 288 0
637 294 0
634 300 0
635 306 0
639 309 0
649 306 0
662 299 0
671 293 0
674 291 0
677 292 0
678 298 0
680 303 0
685 309 1
775 291 0
771 291 0
759 287 0
748 287 0
739 289 0
736 290 0
730 294 0
729 298 0
729 302 0
730 306 0
736 321 0
737 337 0
733 359 0
724 376 0
714 389 0
703 397 0
698 398 0
696 394 0
698 386 0
709 369 0
729 351 0
753 332 0
778 317 0
790 310 0
800 301 0
810 289 0
811 283 0
809 278 0
803 274 0
798 272 0
793 273 0
792 278 0
791 287 0
794 299 0
806 306 0
831 310 0
851 313 1
