that
469 248 0
465 264 0
460 295 0
458 322 0
458 346 0
461 361 0
466 370 0
478 380 0
499 386 0
512 389 0
526 391 1
446 313 0
447 316 0
461 318 0
487 317 0
504 315 0
511 314 1
535 265 0
536 272 0
537 280 0
538 296 0
538 324 0
538 343 0
539 354 0
540 361 0
545 362 0
551 358 0
562 349 0
570 342 0
576 338 0
579 337 0
585 344 0
589 352 0
598 361 1
686 318 0
682 318 0
675 318 0
664 320 0
656 324 0
648 332 0
644 341 0
643 351 0
646 358 0
651 360 0
656 360 0
665 353 0
669 350 0
673 346 0
676 344 0
679 346 0
682 350 0
691 355 0
709 358 0
721 358 0
744 358 1
747 245 0
748 257 0
746 285 0
745 316 0
743 342 0
743 358 0
742 364 0
741 366 0
735 359 0
730 350 0
728 347 0
725 344 0
743 336 0
761 329 0
778 321 1
