fort
462 342 0
484 330 0
504 308 0
519 287 0
521 271 0
521 263 0
518 256 0
516 251 0
511 249 0
506 254 0
498 273 0
492 305 0
489 353 0
489 384 0
490 408 0
490 421 0
490 426 0
482 405 0
479 373 0
485 353 0
492 349 0
510 342 0
523 339 0
539 337 0
548 335 0
552 334 0
554 333 0
547 341 0
542 351 0
541 362 0
543 368 0
550 367 0
561 361 0
573 340 0
575 328 0
568 320 0
564 318 0
560 317 0
558 317 0
580 323 0
594 323 0
603 323 0
611 324 0
617 327 0
622 336 0
623 344 0
624 353 0
626 357 0
623 337 0
624 330 0
625 328 0
635 325 0
650 321 0
667 314 1
693 242 0
695 260 0
694 290 0
693 319 0
689 342 0
687 358 0
687 364 0
687 366 0
684 356 0
683 350 0
682 347 0
693 342 0
704 337 0
720 329 1
