hereby
439 260 0
439 264 0
439 273 0
438 288 0
437 312 0
436 331 0
435 340 0
435 348 0
435 358 0
436 366 0
436 369 0
440 371 0
446 363 0
456 348 0
459 344 0
462 341 0
465 340 0
468 342 0
472 346 0
476 351 0
483 356 0
498 360 0
511 359 0
522 356 0
531 349 0
537 341 0
538 335 0
536 330 0
533 328 0
531 330 0
528 337 0
525 355 0
526 371 0
530 375 0
532 375 0
543 371 0
558 360 0
565 354 0
568 352 0
571 352 0
574 356 0
576 360 0
579 361 0
580 358 0
581 348 0
581 339 0
582 335 0
583 332 0
587 335 0
595 337 0
611 337 0
623 334 0
631 330 0
637 327 0
641 322 0
638 319 0
633 323 0
627 333 0
621 343 0
621 351 0
628 356 0
638 353 0
651 345 0
666 336 1
690 254 0
690 258 0
686 269 0
680 294 0
677 320 0
676 342 0
676 347 0
676 351 0
681 350 0
684 347 0
693 342 0
702 340 0
710 341 0
713 341 0
716 345 0
714 352 0
708 358 0
696 362 0
685 363 0
678 363 1
738 319 0
740 322 0
740 330 0
740 344 0
745 353 0
751 353 0
758 350 0
765 345 0
772 339 0
775 336 0
779 335 0
784 342 0
785 351 0
788 375 0
786 398 0
783 411 0
780 417 0
772 422 0
766 419 0
764 413 0
770 398 0
797 371 0
814 354 0
817 351 1
