salt
533 332 0
522 329 0
513 328 0
498 330 0
487 334 0
483 337 0
483 344 0
486 349 0
507 363 0
522 373 0
529 377 0
532 382 0
532 385 0
530 388 0
522 390 0
517 392 1
615 342 0
611 342 0
605 344 0
597 348 0
587 358 0
581 366 0
580 373 0
580 376 0
589 380 0
605 378 0
621 369 0
629 362 0
633 355 0
636 351 0
638 349 0
640 353 0
645 364 0
652 371 0
666 374 0
690 367 0
712 348 0
730 324 0
738 298 0
742 282 0
741 273 0
739 269 0
737 267 0
727 269 0
719 277 0
708 296 0
703 317 0
702 342 0
706 359 0
712 365 0
723 362 0
740 348 0
754 323 0
763 300 0
768 289 0
770 281 0
770 279 0
771 276 0
773 272 0
775 282 0
777 302 0
778 330 0
781 351 0
781 361 0
781 365 0
781 368 0
776 362 0
772 357 0
772 354 0
784 349 0
798 341 0
812 332 1
