you
433 300 0
434 303 0
437 316 0
443 326 0
450 332 0
456 333 0
465 328 0
476 321 0
481 317 0
484 314 0
488 313 0
489 316 0
492 323 0
495 346 0
495 373 0
491 398 0
483 414 0
477 419 0
464 422 0
452 419 0
446 409 0
447 397 0
451 386 0
459 376 0
493 343 0
508 329 0
511 327 0
516 333 0
520 339 0
528 342 0
541 338 0
557 326 0
566 316 0
567 310 0
568 305 0
566 301 0
560 301 0
554 302 0
549 305 0
547 310 1
597 295 0
597 300 0
598 307 0
599 314 0
602 320 0
605 324 0
612 323 0
619 320 0
629 314 0
632 312 0
637 310 0
643 315 0
658 318 0
676 322 0
684 323 1
