nine
352 288 0
349 292 0
349 299 0
351 314 0
353 326 0
354 335 0
354 339 0
356 343 0
355 345 0
362 331 0
370 313 0
375 305 0
379 302 0
382 300 0
385 301 0
388 304 0
391 310 0
395 318 0
398 325 0
404 329 0
409 332 0
412 332 0
432 325 0
447 319 0
453 313 0
455 307 0
457 303 0
458 301 0
461 298 0
463 302 0
463 306 0
469 318 0
475 321 0
482 321 0
490 319 0
498 315 0
505 309 0
509 305 0
511 305 0
514 307 0
517 312 0
519 315 0
518 317 0
522 320 0
529 318 0
538 313 0
547 309 0
555 307 0
560 306 0
564 308 0
567 309 0
570 310 0
578 319 0
590 326 0
605 329 0
620 326 0
634 320 0
645 312 0
652 299 0
654 291 0
651 288 0
646 287 0
640 292 0
634 299 0
633 308 0
638 318 0
655 327 0
678 325 0
698 325 1
491 209 0
487 213 1
