bacon
356 272 0
357 289 0
355 316 0
357 339 0
359 347 0
361 353 0
366 342 0
373 334 0
384 330 0
396 332 0
407 337 0
414 346 0
417 354 0
416 357 0
407 369 0
388 381 0
377 382 0
369 377 0
366 373 1
477 340 0
473 339 0
467 337 0
458 337 0
449 339 0
436 349 0
429 360 0
428 368 0
432 374 0
438 375 0
449 370 0
457 363 0
470 351 0
474 348 0
477 350 0
479 356 0
484 363 0
488 366 1
543 323 0
538 325 0
529 331 0
521 339 0
512 352 0
510 364 0
515 372 0
521 378 1
589 340 0
588 344 0
584 349 0
582 357 0
583 365 0
584 369 0
589 374 0
596 369 0
602 363 0
604 356 0
604 349 0
603 344 0
602 341 0
599 337 0
612 335 0
622 334 0
628 332 0
630 333 0
633 334 0
637 345 0
640 352 0
640 357 0
643 361 0
654 358 0
676 347 0
699 336 0
704 335 0
706 336 0
708 350 0
709 361 0
713 368 0
719 370 1
