arms
452 320 0
454 316 0
446 312 0
435 314 0
421 323 0
407 343 0
401 366 0
404 375 0
412 376 0
430 368 0
448 353 0
455 344 0
460 336 0
462 330 0
462 327 0
463 336 0
467 344 0
479 351 0
486 352 0
489 352 0
493 353 0
496 354 0
498 358 0
499 362 0
500 365 0
504 355 0
505 345 0
506 336 0
506 332 0
506 328 0
508 324 0
509 321 0
511 318 0
514 318 0
520 318 0
524 318 0
530 318 0
535 316 0
539 316 0
542 316 0
546 316 0
548 316 0
552 316 0
555 324 0
555 331 0
557 341 0
557 347 0
558 352 0
567 334 0
573 326 0
578 320 0
581 320 0
584 322 0
586 330 0
587 337 0
588 340 0
589 342 0
597 336 0
606 329 0
611 326 0
615 327 0
618 330 0
620 333 0
630 342 0
638 343 0
641 342 1
701 287 0
696 287 0
688 292 0
683 301 0
682 310 0
685 318 0
687 325 0
689 330 0
691 335 0
690 341 0
683 347 1
