creek
555 319 0
550 320 0
543 322 0
526 332 0
506 351 0
492 367 0
487 378 0
487 384 0
502 388 0
528 380 0
549 370 0
560 364 0
564 362 0
568 360 0
571 362 0
573 368 0
575 372 0
575 374 0
577 379 0
578 382 0
578 377 0
579 369 0
580 364 0
586 357 0
594 354 0
603 352 0
617 352 0
633 351 0
643 349 0
651 344 0
655 337 0
656 334 0
654 329 0
648 326 0
641 327 0
633 334 0
627 345 0
627 362 0
632 373 0
641 378 0
654 381 0
661 381 0
677 375 0
693 359 0
700 351 0
702 349 0
693 343 0
689 343 0
685 349 0
683 358 0
686 367 0
695 377 0
711 379 0
721 379 0
737 379 1
753 272 0
753 275 0
752 281 0
752 305 0
753 336 0
754 345 0
752 361 0
752 369 1
809 318 0
800 325 0
787 333 0
777 342 0
772 350 0
770 358 0
773 365 0
789 372 0
827 380 0
843 382 1
