which
430 298 0
430 302 0
429 309 0
433 334 0
444 350 0
453 352 0
465 347 0
477 341 0
484 338 0
486 337 0
492 339 0
500 341 0
513 342 0
521 342 0
527 338 0
534 330 0
538 322 0
540 315 0
540 310 0
540 307 0
548 308 0
556 308 0
559 308 0
564 307 0
577 304 0
595 296 0
614 286 0
630 272 0
637 260 0
642 245 0
645 229 0
645 220 0
644 217 0
638 222 0
627 241 0
617 267 0
610 295 0
606 318 0
602 339 0
604 345 0
605 350 0
607 354 0
616 345 0
634 328 0
640 325 0
646 322 0
650 326 0
654 330 0
659 332 0
667 331 0
675 326 0
682 322 0
687 319 0
690 317 0
692 316 0
700 325 0
703 329 0
707 332 1
773 300 0
769 301 0
761 309 0
756 325 0
760 336 0
767 336 0
791 324 0
816 300 0
842 260 0
844 247 0
846 231 0
845 223 0
840 227 0
834 240 0
824 271 0
821 290 0
822 306 0
825 315 0
827 318 0
836 317 0
845 313 0
852 312 0
858 314 0
863 322 0
870 335 0
880 342 0
886 346 0
899 357 1
723 226 0
716 232 1
