1755
339 305 0
342 309 0
351 309 0
371 300 0
395 280 0
408 264 0
417 251 0
420 247 0
422 244 0
426 291 0
429 321 0
431 332 0
433 343 0
433 347 1
460 250 0
467 250 0
475 252 0
491 257 0
501 265 0
506 272 0
509 283 0
511 298 0
513 312 0
512 321 0
512 323 1
484 295 0
488 299 0
495 300 0
522 294 0
533 291 0
547 287 1
586 258 0
583 262 0
578 265 0
572 272 0
573 277 0
576 284 0
582 291 0
586 299 0
588 306 0
589 308 0
586 316 0
579 318 0
577 317 1
592 250 0
595 254 0
604 254 1
683 244 0
670 253 0
658 262 0
650 270 0
647 274 0
648 277 0
653 284 0
667 293 0
675 300 0
677 307 0
677 309 0
668 315 0
659 321 0
656 323 1
681 256 0
690 257 0
695 257 1
