stockades
411 324 0
406 325 0
396 329 0
384 335 0
379 343 0
382 348 0
396 360 0
414 373 0
421 379 0
424 383 0
425 387 0
425 390 0
411 397 0
396 397 0
391 396 1
458 276 0
460 285 0
461 302 0
464 333 0
463 361 0
459 385 0
458 392 0
457 398 0
451 383 0
445 368 0
444 364 0
443 360 0
451 358 0
467 357 0
482 356 0
491 355 0
495 355 0
500 355 0
502 355 0
500 365 0
502 373 0
511 383 0
523 385 0
541 380 0
557 363 0
562 349 0
559 340 0
552 332 0
548 331 0
544 332 0
530 345 0
516 358 0
509 364 1
616 320 0
609 324 0
602 329 0
594 336 0
588 345 0
584 355 0
586 363 0
590 366 0
600 365 0
617 362 0
621 361 1
636 291 0
636 301 0
638 326 0
638 350 0
637 367 0
636 380 1
686 330 0
672 335 0
663 341 0
657 347 0
654 353 0
652 359 0
655 365 0
665 371 0
678 370 0
702 370 1
749 343 0
744 342 0
736 342 0
726 344 0
716 348 0
708 354 0
704 363 0
704 368 0
723 370 0
737 363 0
747 356 0
750 354 0
753 351 0
755 353 0
760 363 0
767 369 0
769 369 1
850 354 0
848 350 0
840 346 0
832 345 0
823 345 0
815 347 0
806 355 0
796 367 0
791 375 0
792 379 0
793 381 0
804 373 0
823 348 0
836 326 0
848 301 0
853 290 0
855 285 0
857 282 0
857 286 0
845 331 0
839 355 0
841 365 0
844 374 0
851 377 0
867 371 0
888 355 0
900 343 0
906 335 0
908 330 0
908 327 0
902 328 0
890 335 0
880 348 0
873 363 0
873 374 0
878 380 0
899 379 0
920 377 0
938 373 1
993 314 0
988 314 0
978 316 0
969 321 0
960 327 0
958 332 0
966 345 0
972 353 0
978 358 0
981 363 0
976 369 0
973 371 1
