work
415 306 0
411 321 0
408 336 0
409 346 0
410 349 0
422 344 0
443 328 0
456 321 0
461 319 0
465 319 0
468 320 0
472 323 0
475 325 0
477 327 0
482 331 0
485 333 0
491 323 0
506 302 0
514 294 0
518 295 1
560 305 0
552 312 0
547 321 0
546 328 0
546 331 0
555 333 0
567 327 0
577 319 0
581 313 0
578 303 0
569 299 0
551 309 0
544 320 0
546 324 1
622 308 0
621 316 0
620 321 0
619 324 0
620 328 0
620 331 0
620 324 0
620 315 0
621 309 0
623 305 0
624 303 0
637 302 0
656 298 0
664 296 1
684 235 0
684 238 0
682 258 0
679 286 0
677 306 0
675 318 0
674 325 0
673 327 1
726 283 0
716 290 0
702 300 0
696 303 0
694 309 0
699 316 0
712 328 0
725 341 0
739 353 1
