your
452 280 0
451 288 0
451 299 0
452 313 0
458 319 0
465 320 0
477 317 0
488 311 0
492 308 0
496 306 0
501 314 0
506 331 0
509 359 0
505 381 0
499 400 0
492 407 0
485 410 0
477 409 0
473 404 0
472 396 0
479 380 0
499 350 0
523 324 0
536 311 0
540 306 0
540 313 0
545 321 0
553 323 0
572 316 0
588 304 0
593 297 0
593 291 0
591 284 0
587 282 0
582 281 0
576 281 0
572 281 0
568 282 0
566 284 0
569 287 0
579 288 0
598 285 0
616 281 0
626 279 0
629 278 0
632 280 0
632 286 0
633 297 0
635 308 0
636 313 0
638 316 0
644 314 0
651 311 0
657 306 0
663 303 0
667 299 0
669 300 0
670 306 0
677 311 0
690 314 0
712 312 0
724 309 0
730 307 0
734 305 0
736 305 0
739 310 0
742 307 0
743 299 0
745 292 0
752 288 0
766 279 0
775 273 0
790 264 1
