are
533 309 0
524 311 0
514 313 0
493 322 0
476 334 0
470 344 0
471 353 0
478 358 0
493 356 0
511 344 0
525 333 0
534 323 0
538 320 0
540 318 0
542 317 0
543 321 0
545 330 0
549 338 0
554 343 0
561 342 0
570 337 0
582 327 0
586 323 0
591 322 0
593 323 0
594 328 0
593 332 0
593 334 0
597 333 0
604 325 0
606 322 0
608 321 0
612 319 0
619 321 0
630 321 0
651 319 0
660 317 0
668 313 0
672 310 0
674 307 0
674 304 0
673 301 0
669 301 0
662 306 0
658 313 0
655 323 0
656 334 0
663 341 0
684 348 0
706 355 1
