for
467 331 0
471 334 0
480 331 0
504 314 0
519 295 0
526 279 0
528 271 0
528 263 0
524 257 0
518 254 0
511 254 0
506 260 0
499 277 0
492 306 0
489 337 0
489 366 0
491 389 0
494 400 0
490 380 0
486 361 0
486 353 0
488 349 0
492 345 0
503 338 0
529 327 0
548 321 0
556 319 0
560 319 0
562 319 0
558 329 0
553 338 0
552 346 0
554 350 0
559 353 0
565 349 0
573 340 0
576 331 0
574 325 0
569 320 0
565 318 0
574 321 0
588 321 0
611 319 0
620 320 0
627 324 0
632 327 0
636 335 0
639 341 0
641 346 0
642 349 0
641 341 0
639 324 0
639 318 0
641 312 0
647 314 0
659 315 0
675 315 0
683 315 1
