make
344 304 0
344 313 0
345 326 0
346 341 0
347 347 0
348 351 0
355 342 0
367 326 0
377 318 0
383 316 0
389 319 0
396 325 0
400 333 0
402 339 0
407 341 0
411 340 0
420 334 0
427 328 0
431 326 0
434 325 0
438 327 0
443 335 0
449 342 0
451 345 1
533 311 0
526 310 0
513 311 0
503 315 0
497 321 0
493 329 0
490 339 0
491 345 0
494 345 0
504 343 0
516 334 0
523 329 0
528 326 0
533 334 0
540 339 0
555 340 0
570 340 0
575 340 1
593 231 0
593 250 0
594 273 0
593 290 0
592 314 0
591 327 0
592 331 1
644 287 0
637 289 0
628 293 0
618 299 0
611 308 0
607 316 0
608 323 0
610 327 0
619 331 0
638 328 0
658 321 0
666 319 0
669 317 0
672 314 0
674 312 0
664 308 0
659 307 0
657 310 0
655 316 0
655 322 0
662 332 0
690 338 0
710 340 0
723 342 1
