28th
483 278 0
486 278 0
496 274 0
521 273 0
544 279 0
555 287 0
560 292 0
559 297 0
555 303 0
549 313 0
542 323 0
539 334 0
537 348 0
539 359 0
546 364 0
559 366 0
578 368 1
629 278 0
625 279 0
617 285 0
607 295 0
606 304 0
610 312 0
621 322 0
634 330 0
643 335 0
646 339 0
649 345 0
648 348 0
641 349 0
630 351 0
621 352 0
619 348 0
633 322 0
645 298 0
651 283 0
653 277 0
653 272 0
650 269 0
643 272 0
637 277 1
760 250 0
761 253 0
761 263 0
761 294 0
760 319 0
758 337 0
757 348 0
756 353 0
756 355 0
753 343 0
751 331 0
751 318 0
751 310 0
754 305 0
755 303 0
771 303 0
796 300 0
812 291 0
821 283 0
827 273 0
829 262 0
829 257 0
829 253 0
825 259 0
819 275 0
810 298 0
807 314 0
807 327 0
807 335 0
810 337 0
834 324 0
845 319 0
851 320 0
856 325 0
860 332 0
866 342 0
876 347 0
887 349 0
905 350 0
910 351 1
