pair
436 304 0
440 314 0
442 344 0
445 384 0
447 398 0
448 404 0
444 387 0
442 349 0
443 322 0
461 304 0
482 300 0
493 303 0
501 308 0
505 314 0
504 320 0
498 326 0
485 332 0
471 337 0
467 337 1
587 308 0
584 307 0
572 306 0
557 305 0
546 307 0
542 308 0
534 314 0
527 328 0
529 338 0
538 344 0
551 342 0
570 331 0
581 319 0
589 309 0
593 303 0
596 299 0
597 304 0
596 313 0
596 321 0
599 327 0
604 331 0
612 331 0
619 327 0
627 321 0
633 313 0
636 311 0
639 307 0
641 314 0
645 322 0
650 328 0
656 331 0
664 330 0
678 326 0
693 323 0
701 323 0
706 324 0
710 327 0
714 331 0
717 333 0
717 325 0
718 314 0
721 304 0
728 296 0
737 291 0
752 286 0
763 283 0
781 275 1
655 233 0
634 239 0
619 244 0
603 248 1
