fifty
432 324 0
436 326 0
445 320 0
464 303 0
480 283 0
485 269 0
486 260 0
484 254 0
483 251 0
479 248 0
474 255 0
468 273 0
462 300 0
460 327 0
459 343 0
458 351 0
458 375 0
456 383 0
456 387 0
456 391 0
456 394 0
456 396 0
456 389 0
454 363 0
452 340 0
450 334 0
451 331 0
457 330 0
470 330 0
484 329 0
500 327 0
507 325 0
511 323 0
513 322 0
515 321 0
518 326 0
520 339 0
526 349 0
533 351 0
546 346 0
568 328 0
584 308 0
598 288 0
602 271 0
606 255 0
607 250 0
607 247 0
601 253 0
589 277 0
580 303 0
575 333 0
574 362 0
573 387 0
572 400 0
572 402 0
572 405 0
569 390 0
569 379 0
569 372 0
573 367 0
581 360 0
594 349 0
613 327 0
627 306 0
638 285 0
642 273 0
643 265 0
644 262 0
645 260 0
644 276 0
640 305 0
640 331 0
641 347 0
642 353 0
642 356 0
640 349 0
638 340 0
637 336 0
637 332 0
656 324 0
667 319 0
675 317 0
678 316 0
683 317 0
685 321 0
689 329 0
696 335 0
702 335 0
706 333 0
712 328 0
715 322 0
718 320 0
721 318 0
727 330 0
729 350 0
727 380 0
724 402 0
719 414 0
715 419 0
708 420 0
702 414 0
702 404 0
714 379 0
738 348 0
745 338 1
549 247 0
539 253 0
536 256 1
