undertaking
227 278 0
227 292 0
225 313 0
224 331 0
225 346 0
229 352 0
234 354 0
244 347 0
259 334 0
270 323 0
274 317 0
279 312 0
281 310 0
284 320 0
286 334 0
292 339 0
298 337 0
310 328 0
325 314 0
330 310 0
333 307 0
337 312 0
338 318 0
339 322 0
341 324 0
346 323 0
356 319 0
365 317 0
372 317 0
377 318 0
382 325 0
384 329 0
388 335 1
483 301 0
474 300 0
467 300 0
451 302 0
436 310 0
426 320 0
419 330 0
417 339 0
420 343 0
428 343 0
453 328 0
474 307 0
490 283 0
501 259 0
506 248 0
509 241 0
512 237 0
513 233 0
507 260 0
494 307 0
492 325 0
495 333 0
501 339 0
511 337 0
528 325 0
542 311 0
547 299 0
549 292 0
547 288 0
544 289 0
537 295 0
529 307 0
526 319 0
528 327 0
534 333 0
544 333 0
565 323 0
576 318 0
580 317 0
584 315 0
589 322 0
591 325 0
592 328 0
593 330 0
594 325 0
595 317 0
597 311 0
600 306 0
612 300 0
627 294 0
643 285 1
670 223 0
670 231 0
666 251 0
658 294 0
656 308 0
655 325 0
655 331 0
655 335 0
655 322 0
657 313 0
662 302 0
668 296 0
679 292 0
697 292 0
709 292 0
721 292 0
730 291 0
736 290 0
739 289 0
738 285 0
733 287 0
723 294 0
713 304 0
711 313 0
711 320 0
725 322 0
735 315 0
739 313 0
744 307 0
750 299 0
753 296 0
755 301 0
757 310 0
763 318 0
771 321 1
813 219 0
814 225 0
815 232 0
816 254 0
814 277 0
813 292 0
811 304 0
811 308 1
876 272 0
872 274 0
864 276 0
846 282 0
836 287 0
833 289 0
827 293 0
824 298 0
825 301 0
832 304 0
843 305 0
860 302 0
881 292 0
888 287 0
891 285 0
895 284 0
897 288 0
896 292 0
898 298 0
900 301 0
915 298 0
927 291 0
935 286 0
938 284 0
942 283 0
944 285 0
945 290 0
950 293 0
960 292 0
972 287 0
982 283 0
991 282 0
998 284 0
1003 288 0
1007 293 0
1010 296 0
1016 300 1
1093 277 0
1089 274 0
1078 275 0
1066 279 0
1052 287 0
1048 291 0
1047 295 0
1062 293 0
1080 282 0
1089 277 0
1095 273 0
1099 272 0
1101 271 0
1102 277 0
1104 286 0
1104 311 0
1101 338 0
1097 355 0
1092 366 0
1075 372 0
1062 371 0
1057 364 0
1057 355 0
1076 332 0
1104 309 0
1117 298 1
952 200 0
945 203 0
925 215 0
906 226 1
