company
314 303 0
303 306 0
292 311 0
279 321 0
272 331 0
270 335 0
268 348 0
270 367 0
277 371 0
282 371 1
360 319 0
356 325 0
351 336 0
345 351 0
343 360 0
344 366 0
349 369 0
361 361 0
382 341 0
388 325 0
385 314 0
384 310 0
379 307 0
364 309 0
353 315 0
350 319 1
407 302 0
408 306 0
408 314 0
408 330 0
408 346 0
409 354 0
409 357 0
416 347 0
429 327 0
433 322 0
439 318 0
442 319 0
446 325 0
450 333 0
452 337 0
455 340 0
462 336 0
474 328 0
481 324 0
485 326 0
487 335 0
489 344 0
490 349 0
494 352 1
528 321 0
529 324 0
529 330 0
531 344 0
531 368 0
531 384 0
529 390 0
528 392 0
525 383 0
523 360 0
523 327 0
531 302 0
541 290 0
545 288 0
551 290 0
559 296 0
564 302 0
567 308 0
566 315 0
564 319 0
553 324 0
544 326 0
538 327 1
624 312 0
610 307 0
601 307 0
593 307 0
587 311 0
583 317 0
580 325 0
580 333 0
583 339 0
589 339 0
601 333 0
613 323 0
618 317 0
621 313 0
623 311 0
626 312 0
627 316 0
631 325 0
635 327 0
637 329 0
647 323 0
657 316 0
661 312 0
666 312 0
668 318 0
669 321 0
670 324 0
673 325 0
681 322 0
693 315 0
703 310 0
708 308 0
712 307 0
714 313 0
716 320 0
718 323 0
721 328 0
730 324 0
742 318 0
750 313 0
754 311 0
756 309 0
759 309 0
762 312 0
770 316 0
782 316 0
796 311 0
807 306 0
813 302 0
817 300 0
820 311 0
822 332 0
821 359 0
817 375 0
810 389 0
801 397 0
793 399 0
783 396 0
780 387 0
784 371 0
816 339 0
841 320 0
847 315 1
