alexandria
292 298 0
285 296 0
279 293 0
271 291 0
259 290 0
244 295 0
233 304 0
227 314 0
224 324 0
225 331 0
226 334 0
237 331 0
257 318 0
275 303 0
279 299 0
281 299 0
285 298 0
288 297 0
288 308 0
291 316 0
293 320 0
299 322 0
310 319 0
328 305 0
347 283 0
360 260 0
369 244 0
371 236 0
372 229 0
363 230 0
352 238 0
336 255 0
323 278 0
321 294 0
324 310 0
329 322 0
338 330 0
349 334 0
356 334 0
372 324 0
401 302 0
411 296 0
423 288 1
420 298 0
425 301 0
433 296 0
443 285 0
447 276 0
446 272 0
441 271 0
434 271 0
424 276 0
416 285 0
412 289 0
409 300 0
412 314 0
423 320 0
436 322 0
454 324 1
537 274 0
537 278 0
533 283 0
523 293 0
508 309 0
497 320 0
491 323 1
487 283 0
490 287 0
492 291 0
497 298 0
507 310 0
518 319 0
538 334 1
584 295 0
587 295 0
582 295 0
578 295 0
572 297 0
565 300 0
559 303 0
556 308 0
556 314 0
557 317 0
560 318 0
566 313 0
568 310 0
571 309 0
575 307 0
580 304 0
583 305 0
585 308 0
590 316 0
610 312 0
621 304 0
628 298 0
635 294 0
638 293 0
642 296 0
642 302 0
644 305 0
646 308 0
650 308 0
659 304 0
663 303 0
668 302 0
672 303 0
675 305 0
679 309 0
682 310 0
690 311 1
758 288 0
753 287 0
746 288 0
730 295 0
717 305 0
713 311 0
712 317 0
713 320 0
716 320 0
726 314 0
743 298 0
757 279 0
767 259 0
772 250 0
775 245 0
776 241 0
777 238 0
773 248 0
767 277 0
763 301 0
763 314 0
765 321 0
766 324 0
775 323 0
783 319 0
790 316 0
794 314 0
798 313 0
801 313 0
803 316 0
805 312 0
806 305 0
807 301 0
812 296 0
818 293 0
822 291 0
825 290 0
828 289 0
831 288 0
838 287 0
841 285 0
844 287 0
846 295 0
847 299 0
847 301 0
850 307 0
857 310 0
862 309 1
921 288 0
912 286 0
903 288 0
896 292 0
892 298 0
889 303 0
895 309 0
904 307 0
916 298 0
925 290 0
928 287 0
931 285 0
933 291 0
936 299 0
940 306 0
941 308 1
860 220 0
859 223 1
