have
391 260 0
392 266 0
394 281 0
395 314 0
395 339 0
396 361 0
397 369 0
399 372 0
412 368 0
421 363 0
429 361 0
439 360 0
444 361 0
450 363 0
456 365 0
464 367 0
472 367 0
483 367 0
507 364 1
541 313 0
535 313 0
528 314 0
517 317 0
509 323 0
505 327 0
500 336 0
498 342 0
499 346 0
505 348 0
518 344 0
529 337 0
535 333 0
538 332 0
541 330 0
543 330 0
546 336 0
550 343 0
561 350 0
569 354 0
586 363 1
610 315 0
610 319 0
611 324 0
613 331 0
615 338 0
617 343 0
618 345 0
620 346 0
623 343 0
631 336 0
640 327 0
645 324 1
673 329 0
675 332 0
681 332 0
690 326 0
697 317 0
699 310 0
699 307 0
696 306 0
689 310 0
683 318 0
679 328 0
680 337 0
689 345 0
743 354 0
761 356 0
773 357 1
