come
464 310 0
449 314 0
431 324 0
418 334 0
411 343 0
409 348 0
411 353 0
418 359 0
441 361 0
455 362 0
470 362 1
515 318 0
513 322 0
511 328 0
511 339 0
515 351 0
521 359 0
532 357 0
551 344 0
559 333 0
560 325 0
558 318 0
552 312 0
542 308 0
531 310 0
524 314 0
520 316 1
567 312 0
568 316 0
569 324 0
569 332 0
570 337 0
571 341 0
572 344 0
578 342 0
585 333 0
591 328 0
595 324 0
600 324 0
602 328 0
606 332 0
621 337 0
640 329 0
658 321 0
663 320 0
668 319 0
673 324 0
678 331 0
683 336 0
689 339 0
694 338 0
720 328 0
732 319 0
735 313 0
734 305 0
731 299 0
727 295 0
721 297 0
715 303 0
713 315 0
714 330 0
723 341 0
734 350 0
748 362 1
