men
428 301 0
428 304 0
432 317 0
434 332 0
438 346 0
440 350 0
446 341 0
453 327 0
461 318 0
466 312 0
471 309 0
476 310 0
480 318 0
482 326 0
485 334 0
491 332 0
512 310 0
527 294 0
535 290 0
538 291 0
543 298 0
548 310 0
552 319 0
558 326 0
566 329 0
583 325 0
596 320 0
602 315 0
616 297 0
622 281 0
622 276 0
620 272 0
612 280 0
604 293 0
600 309 0
599 320 0
602 326 0
609 329 0
626 324 0
640 316 0
651 305 0
657 297 0
660 294 0
663 295 0
666 303 0
669 309 0
670 312 0
673 316 0
680 314 0
690 310 0
693 309 0
700 308 0
708 309 0
712 312 0
715 313 0
723 316 0
743 316 0
766 314 1
