arrive
458 322 0
455 321 0
447 319 0
433 321 0
422 328 0
415 339 0
413 350 0
415 358 0
422 360 0
433 356 0
449 346 0
457 337 0
460 334 0
463 331 0
464 329 0
466 334 0
467 339 0
470 342 0
482 341 0
490 340 0
496 339 0
501 339 0
505 340 0
509 342 0
511 346 0
513 349 0
514 353 0
515 356 0
514 349 0
511 339 0
510 332 0
509 328 0
510 323 0
515 322 0
519 321 0
523 321 0
527 321 0
531 321 0
534 322 0
539 326 0
541 330 0
544 335 0
546 341 0
548 347 0
545 340 0
545 332 0
548 324 0
553 322 0
560 319 0
569 318 0
575 317 0
580 317 0
583 317 0
587 317 0
589 317 0
591 321 0
592 327 0
594 334 0
596 340 0
601 340 1
627 313 0
631 317 0
632 321 0
633 328 0
635 334 0
638 335 0
648 327 0
655 323 1
684 313 0
688 317 0
697 319 0
703 318 0
707 316 0
710 312 0
710 309 0
705 308 0
701 311 0
698 320 0
698 327 0
703 336 0
715 342 0
731 349 0
735 351 1
618 247 0
613 252 0
606 258 1
