should
443 275 0
434 277 0
425 281 0
418 284 0
415 289 0
417 292 0
422 299 0
430 310 0
435 321 0
437 329 0
437 337 0
436 340 0
432 341 0
430 338 0
429 335 1
471 217 0
472 220 0
473 229 0
474 251 0
475 280 0
475 294 0
476 301 0
478 307 0
478 310 0
482 312 0
489 306 0
496 301 0
500 300 0
502 301 0
504 307 0
506 309 0
510 314 0
514 318 1
558 286 0
556 289 0
555 309 0
560 321 0
565 325 0
573 322 0
580 314 0
584 305 0
583 298 0
580 292 0
575 289 0
571 290 0
569 291 1
606 289 0
606 292 0
608 296 0
609 302 0
611 307 0
615 310 0
620 310 0
626 309 0
630 307 0
633 306 0
635 306 0
638 307 0
646 311 0
655 312 0
667 310 0
678 304 0
691 285 0
698 259 0
700 234 0
698 216 0
697 211 0
696 209 0
690 225 0
677 280 0
676 290 0
678 300 0
684 307 0
686 309 1
776 285 0
772 284 0
766 284 0
760 286 0
750 292 0
742 300 0
738 308 0
737 315 0
741 317 0
761 296 0
777 261 0
784 242 0
785 235 0
788 224 0
790 221 0
783 250 0
781 279 0
782 294 0
789 305 0
792 308 1
