and
569 312 0
560 307 0
546 305 0
525 305 0
507 311 0
493 323 0
487 332 0
484 346 0
486 358 0
494 363 0
508 361 0
529 349 0
542 335 0
549 327 0
551 325 0
553 321 0
556 325 0
563 335 0
571 337 0
579 335 0
588 331 0
591 328 0
593 323 0
595 319 0
596 317 0
599 318 0
600 323 0
600 328 0
603 333 0
605 335 0
611 334 0
618 331 0
622 329 0
629 326 0
635 323 0
639 321 0
642 320 0
644 322 0
647 330 0
649 337 0
653 343 0
666 347 0
678 349 0
693 352 1
750 299 0
743 300 0
731 300 0
715 303 0
703 309 0
691 317 0
682 326 0
679 334 0
680 341 0
686 345 0
705 340 0
729 324 0
744 307 0
751 290 0
755 272 0
757 259 0
759 251 0
762 245 0
752 273 0
744 302 0
741 328 0
745 340 0
759 343 0
777 344 0
795 344 1
