which
332 297 0
334 301 0
335 310 0
335 315 0
342 335 0
349 339 0
356 338 0
364 334 0
370 330 0
373 328 0
379 325 0
381 326 0
387 332 0
392 334 0
401 335 0
407 333 0
411 329 0
414 325 0
417 320 0
418 311 0
418 304 0
418 297 0
423 298 0
436 301 0
457 300 0
471 295 0
477 292 0
481 287 0
487 277 0
491 270 0
494 264 0
498 259 0
501 255 0
503 251 0
509 242 0
511 231 0
509 220 0
506 213 0
503 209 0
499 209 0
496 212 0
487 233 0
479 264 0
472 297 0
470 315 0
471 325 0
472 333 0
472 335 0
481 328 0
491 317 0
505 306 0
513 301 0
516 301 0
520 311 0
525 321 0
528 327 0
533 330 0
540 328 0
547 324 0
555 317 0
558 314 0
563 310 0
569 316 0
573 321 0
581 324 0
593 325 0
612 326 1
669 287 0
665 288 0
653 292 0
639 300 0
633 306 0
633 312 0
635 315 0
642 316 0
666 307 0
688 286 0
701 264 0
705 250 0
706 237 0
705 224 0
705 220 0
696 255 0
693 281 0
692 299 0
693 307 0
697 310 0
703 311 0
713 309 0
721 308 0
726 310 0
729 311 0
733 316 0
743 325 0
757 337 0
762 342 1
568 232 0
561 237 1
