am
496 325 0
489 323 0
480 323 0
469 326 0
456 334 0
446 347 0
439 362 0
439 372 0
441 378 0
449 380 0
461 374 0
478 357 0
484 346 0
487 343 0
489 338 0
491 351 0
492 359 0
497 366 0
506 368 0
518 364 0
532 356 0
540 349 0
545 344 0
548 341 0
550 341 0
552 345 0
553 351 0
554 357 0
555 361 0
558 365 0
564 360 0
569 353 0
572 349 0
576 345 0
579 344 0
582 346 0
585 351 0
589 354 0
593 354 0
601 353 0
609 350 0
617 345 0
623 341 0
630 337 0
635 344 0
638 352 0
642 360 0
653 365 0
673 366 0
695 366 1
