eighty
372 360 0
385 358 0
400 351 0
419 335 0
430 320 0
432 313 0
432 310 0
428 304 0
418 305 0
406 314 0
391 334 0
384 354 0
383 364 0
386 371 0
392 373 0
403 370 0
418 361 0
429 352 0
436 346 0
442 339 0
445 335 0
449 333 0
451 346 0
457 359 0
466 369 0
478 371 0
491 370 0
510 367 1
550 326 0
546 324 0
538 324 0
533 327 0
527 333 0
525 339 0
525 344 0
529 347 0
535 347 0
540 346 0
545 343 0
550 342 0
553 350 0
558 364 0
561 394 0
559 419 0
554 442 0
545 453 0
538 457 0
534 458 0
534 446 0
543 425 0
557 395 0
585 348 0
597 325 0
606 301 0
610 278 0
610 264 0
610 258 0
609 255 0
607 263 0
606 288 0
603 313 0
602 322 0
602 351 0
607 368 0
615 370 0
626 365 0
637 360 0
641 357 0
646 356 0
648 357 0
651 361 0
655 367 0
663 370 0
670 369 1
691 243 0
692 250 0
695 272 0
697 305 0
698 343 0
696 365 0
695 371 0
695 373 0
692 363 0
690 355 0
690 351 0
688 348 0
689 346 0
699 343 0
703 341 0
707 339 0
710 338 0
712 337 0
718 342 0
723 346 0
733 348 0
751 345 0
763 337 0
771 330 0
774 326 0
778 328 0
780 337 0
780 347 0
779 364 0
776 393 0
771 415 0
765 427 0
758 433 0
750 435 0
733 428 0
724 414 0
729 403 0
767 368 0
789 351 0
799 342 1
478 246 0
471 251 1
