lieutenant
187 317 0
187 320 0
196 316 0
220 281 0
234 252 0
235 244 0
233 236 0
231 231 0
225 230 0
217 234 0
202 254 0
186 280 0
176 308 0
169 334 0
166 360 0
167 371 0
172 376 0
182 377 0
203 362 0
218 344 0
228 329 0
233 323 0
234 321 0
238 318 0
237 327 0
235 340 0
236 359 0
245 366 0
253 363 0
274 349 0
289 333 0
295 325 0
298 319 0
300 314 0
301 308 0
297 309 0
294 314 0
289 324 0
286 335 0
286 346 0
289 354 0
291 356 0
299 354 0
318 339 0
327 329 0
331 325 0
336 319 0
337 316 0
339 314 0
340 319 0
340 326 0
340 334 0
342 341 0
346 344 0
353 344 0
362 341 0
373 332 0
379 327 0
383 324 0
386 323 0
389 331 0
397 340 0
407 339 0
417 337 0
435 332 1
435 233 0
438 240 0
440 256 0
442 286 0
443 309 0
442 328 0
442 340 0
442 345 0
442 348 0
440 335 0
439 327 0
438 324 0
438 321 0
441 319 0
448 320 0
453 321 1
507 306 0
510 307 0
515 308 0
518 306 0
522 296 0
520 292 0
516 289 0
510 290 0
503 294 0
499 304 0
496 316 0
499 329 0
503 337 0
510 340 0
520 336 0
536 322 0
542 317 0
546 312 0
549 313 0
552 319 0
554 325 0
556 329 0
559 332 0
561 334 0
572 332 0
583 327 0
593 323 0
598 322 0
601 324 0
604 327 0
608 332 0
613 335 0
619 336 1
705 303 0
699 303 0
688 303 0
678 304 0
669 307 0
661 312 0
655 320 0
651 332 0
652 341 0
655 344 0
663 344 0
672 338 0
682 329 0
686 324 0
690 320 0
693 318 0
696 320 0
697 332 0
697 336 0
701 340 0
706 339 0
714 334 0
725 325 0
728 322 0
732 320 0
735 320 0
738 322 0
740 329 0
741 335 0
746 337 0
757 331 0
772 324 0
784 318 0
790 317 0
794 318 0
800 326 0
806 331 0
810 332 0
813 332 1
855 225 0
855 243 0
851 272 0
848 299 0
845 320 0
845 329 0
845 335 0
840 321 0
839 311 0
839 309 0
839 303 0
847 300 0
860 296 0
881 288 1
251 235 0
250 239 1
