fort
407 350 0
412 350 0
423 346 0
446 334 0
468 318 0
480 304 0
484 295 0
485 284 0
484 275 0
481 269 0
479 268 0
473 277 0
466 305 0
462 339 0
459 382 0
459 400 0
459 411 0
459 418 0
459 420 0
453 405 0
450 381 0
447 367 0
450 359 0
453 354 0
457 350 0
466 347 0
482 345 0
497 342 0
506 341 0
512 341 0
518 341 0
523 346 0
525 357 0
529 364 0
531 367 0
534 365 0
536 356 0
534 341 0
527 332 0
524 328 0
520 326 0
529 332 0
538 334 0
549 334 0
556 334 0
561 334 0
567 334 0
570 335 0
573 337 0
579 343 0
580 350 0
581 358 0
582 363 0
583 366 0
584 356 0
584 343 0
585 334 0
586 331 0
587 328 0
591 326 0
600 324 0
611 322 0
627 318 1
647 252 0
647 263 0
647 287 0
646 314 0
644 340 0
643 354 0
643 362 0
643 366 0
643 369 0
641 361 0
639 352 0
639 345 0
639 341 0
640 338 0
647 335 0
659 331 0
673 322 1
