die
531 320 0
527 319 0
521 319 0
511 322 0
500 328 0
490 339 0
485 350 0
483 361 0
483 365 0
492 366 0
509 353 0
529 331 0
543 306 0
551 282 0
555 270 0
556 263 0
557 258 0
558 254 0
553 263 0
545 287 0
541 318 0
539 341 0
541 354 0
550 359 0
565 356 0
580 347 0
591 338 0
596 334 0
600 330 0
603 336 0
606 341 0
615 346 0
630 349 0
646 342 0
659 330 0
663 324 0
663 321 0
659 318 0
654 320 0
649 325 0
647 333 0
647 341 0
651 348 0
662 353 0
669 355 0
675 356 0
693 357 1
632 257 0
631 261 0
628 268 1
