wanting
355 305 0
353 308 0
350 316 0
347 328 0
344 352 0
347 359 0
358 360 0
380 350 0
398 338 0
405 335 0
408 335 0
418 341 0
434 346 0
452 342 0
463 336 0
468 332 0
471 327 0
471 321 0
471 317 1
556 301 0
550 301 0
539 301 0
524 303 0
513 308 0
505 316 0
501 325 0
500 333 0
518 336 0
530 327 0
537 321 0
541 317 0
543 315 0
548 313 0
553 320 0
555 323 0
564 322 0
581 313 0
592 301 0
596 297 0
599 294 0
601 298 0
602 307 0
605 317 0
608 325 0
611 329 0
619 328 0
624 325 0
635 320 0
642 318 0
645 317 0
649 318 0
655 323 0
660 326 0
666 328 1
713 208 0
714 214 0
713 223 0
712 253 0
710 282 0
709 302 0
709 315 0
709 322 0
709 325 0
709 328 0
709 331 0
708 325 0
703 314 0
698 300 0
697 295 0
698 292 0
707 295 0
720 297 0
732 297 0
738 295 0
742 295 0
745 295 0
748 305 0
750 314 0
754 320 0
757 322 0
769 321 0
790 309 0
803 298 0
807 296 0
810 294 0
812 305 0
814 312 0
816 318 0
822 319 0
829 317 0
840 313 0
848 310 0
853 308 0
858 309 0
862 310 0
865 312 0
868 314 0
876 317 1
949 273 0
936 281 0
923 294 0
917 308 0
916 315 0
918 318 0
923 317 0
931 314 0
938 308 0
944 300 0
947 296 0
951 293 0
954 300 0
955 313 0
956 338 0
956 360 0
954 376 0
948 391 0
935 401 0
921 402 0
914 400 0
908 396 0
906 386 0
928 359 0
944 340 0
952 330 1
786 222 0
778 228 0
763 238 0
745 248 1
