which
390 323 0
390 336 0
389 358 0
392 368 0
396 371 0
407 368 0
423 355 0
431 348 0
435 345 0
441 343 0
446 346 0
449 348 0
455 351 0
459 351 0
466 349 0
473 344 0
479 334 0
481 324 0
482 318 0
482 313 0
486 313 0
494 314 0
510 315 0
534 310 0
550 303 0
563 292 0
573 281 0
584 258 0
589 240 0
592 229 0
591 224 0
588 222 0
583 224 0
574 236 0
563 260 0
557 284 0
556 311 0
556 327 0
556 338 0
560 342 0
566 337 0
574 331 0
577 329 0
582 327 0
584 327 0
588 332 0
591 336 0
597 339 0
606 339 0
618 334 0
629 327 0
635 323 0
638 322 0
642 321 0
645 329 0
650 334 0
656 338 1
729 302 0
719 307 0
713 314 0
708 327 0
710 335 0
716 338 0
731 333 0
758 313 0
781 273 0
789 252 0
790 239 0
789 232 0
782 237 0
771 261 0
764 287 0
761 307 0
764 318 0
771 325 0
778 325 0
789 321 0
801 317 0
806 321 0
813 335 0
822 347 0
833 352 0
852 362 1
656 247 0
653 251 1
