hats
418 236 0
418 246 0
417 274 0
416 300 0
415 318 0
416 330 0
416 341 0
416 345 0
426 341 0
433 335 0
443 328 0
451 322 0
460 316 0
465 314 0
468 314 0
471 315 0
474 317 0
477 324 0
479 329 0
485 333 0
493 334 1
549 302 0
543 300 0
538 299 0
535 299 0
528 301 0
523 305 0
520 312 0
520 319 0
520 322 0
524 326 0
533 322 0
541 317 0
546 313 0
549 311 0
551 312 0
554 320 0
557 325 0
570 329 1
616 218 0
614 225 0
612 234 0
609 261 0
608 287 0
606 307 0
606 323 0
605 333 0
605 338 0
604 333 0
603 321 0
602 311 0
600 301 0
600 296 0
599 293 0
606 291 0
623 291 0
647 289 1
701 275 0
693 278 0
685 281 0
674 285 0
664 290 0
661 294 0
666 302 0
672 308 0
677 315 0
681 321 0
683 326 0
680 333 0
667 344 0
646 357 0
625 368 1
