this
477 288 0
480 288 0
480 292 0
479 305 0
473 358 0
474 379 0
477 385 0
482 389 0
497 389 0
513 387 0
529 383 1
471 354 0
477 357 0
495 354 0
518 343 0
532 336 0
539 332 1
553 292 0
550 303 0
549 320 0
549 339 0
548 362 0
548 369 0
549 377 0
550 382 0
552 386 0
560 383 0
565 381 0
571 380 0
575 379 0
577 379 0
580 381 0
582 382 0
587 383 0
595 382 0
604 378 0
616 368 0
624 362 0
627 360 0
629 358 0
632 363 0
636 369 0
641 374 0
648 375 1
721 332 0
712 332 0
705 334 0
699 337 0
694 343 0
693 349 0
695 357 0
700 364 0
706 372 0
710 379 0
711 384 0
711 387 0
708 389 0
700 390 1
645 282 0
643 290 0
643 293 1
