manage
403 323 0
406 325 0
408 332 0
411 346 0
412 364 0
413 377 0
414 385 0
415 390 0
416 393 0
424 387 0
437 369 0
443 360 0
447 356 0
450 355 0
456 366 0
459 373 0
463 376 0
468 377 0
478 372 0
487 366 0
495 360 0
501 357 0
506 359 0
511 363 0
514 365 0
522 370 1
608 338 0
601 336 0
590 333 0
575 336 0
562 343 0
554 354 0
549 366 0
549 374 0
550 379 0
557 380 0
565 377 0
578 365 0
592 348 0
596 343 0
600 339 0
605 350 0
606 358 0
607 365 0
609 368 0
614 370 0
622 363 0
629 356 0
634 353 0
637 351 0
641 356 0
644 363 0
646 366 0
652 371 0
659 370 0
668 366 0
676 361 0
683 358 0
686 357 0
690 356 0
694 357 0
698 361 0
702 363 0
704 365 1
780 340 0
771 336 0
763 337 0
755 340 0
745 351 0
738 364 0
736 372 0
737 375 0
740 375 0
746 373 0
753 366 0
761 359 0
765 354 0
769 351 0
773 354 0
776 360 0
778 364 0
786 370 0
794 371 0
803 373 0
820 375 1
861 334 0
854 334 0
847 334 0
838 337 0
829 342 0
818 353 0
816 361 0
818 365 0
820 367 0
824 367 0
831 365 0
840 364 0
848 365 0
855 369 0
861 377 0
867 391 0
872 415 0
871 430 0
867 440 0
859 449 0
847 452 0
838 454 0
830 448 0
825 440 0
835 419 0
860 391 0
872 382 0
891 367 0
904 354 0
911 346 0
914 339 0
915 335 0
916 332 0
912 330 0
907 332 0
902 337 0
895 345 0
889 359 0
890 368 0
897 374 0
910 378 0
933 383 1
