lieutenant
225 340 0
230 340 0
242 328 0
261 302 0
275 276 0
282 256 0
283 246 0
283 239 0
281 236 0
278 233 0
275 237 0
269 245 0
262 258 0
255 277 0
247 296 0
243 320 0
240 340 0
241 356 0
244 368 0
246 372 0
253 376 0
262 375 0
275 370 0
279 368 0
284 362 0
295 346 0
303 336 0
305 333 0
310 327 0
312 324 0
315 321 0
317 319 0
313 334 0
311 346 0
311 360 0
314 368 0
320 371 0
324 372 0
332 368 0
344 360 0
358 348 0
367 339 0
370 334 0
373 330 0
376 322 0
376 317 0
376 313 0
373 311 0
370 312 0
366 313 0
362 315 0
357 320 0
353 327 0
351 335 0
351 345 0
354 356 0
359 364 0
361 367 0
367 371 0
373 370 0
380 365 0
389 357 0
399 345 0
405 337 0
410 331 0
412 329 0
416 326 0
417 334 0
418 342 0
420 353 0
423 364 0
427 372 0
432 373 0
440 369 0
452 361 0
460 355 0
466 351 0
468 349 0
471 348 0
473 350 0
475 360 0
477 366 0
482 370 0
489 371 1
528 240 0
529 259 0
529 285 0
528 309 0
529 330 0
529 350 0
529 358 0
529 363 0
529 367 0
524 359 0
520 351 0
517 345 0
516 341 0
524 344 0
534 344 0
548 344 0
563 342 0
577 338 0
587 333 0
591 331 0
596 326 0
596 322 0
591 320 0
583 315 0
575 313 0
569 314 0
564 320 0
561 331 0
562 344 0
564 356 0
569 363 0
577 366 0
587 367 0
597 364 0
612 355 0
625 342 0
630 337 0
633 334 0
637 331 0
640 340 0
641 348 0
642 353 0
644 359 0
646 362 0
651 361 0
655 358 0
664 350 0
671 344 0
675 341 0
679 343 0
681 347 0
682 353 0
683 356 0
689 360 0
694 360 1
767 333 0
763 331 0
754 328 0
746 331 0
736 337 0
731 345 0
727 352 0
726 359 0
728 365 0
732 368 0
739 366 0
746 363 0
752 357 0
759 347 0
765 337 0
767 333 0
770 330 0
772 333 0
772 340 0
774 350 0
779 359 0
783 362 0
793 359 0
803 352 0
813 342 0
816 339 0
819 337 0
822 339 0
825 346 0
827 351 0
829 355 0
832 357 0
837 357 0
846 352 0
855 346 0
861 344 0
869 345 0
871 346 0
878 351 0
886 355 0
893 356 1
923 243 0
925 247 0
926 256 0
926 274 0
923 300 0
923 322 0
922 334 0
922 346 0
923 361 0
925 368 0
926 371 0
929 374 0
948 372 0
957 370 0
972 365 1
915 313 0
924 315 0
936 318 0
956 321 1
345 230 0
340 235 1
