and
550 329 0
545 327 0
538 325 0
529 324 0
516 328 0
505 337 0
495 350 0
488 364 0
489 370 0
491 375 0
494 379 0
512 377 0
518 373 0
526 368 0
534 362 0
540 356 0
546 350 0
549 346 0
554 342 0
556 341 0
559 345 0
562 352 0
563 356 0
566 360 0
573 358 0
583 353 0
594 344 0
600 339 0
603 337 0
606 337 0
607 343 0
611 351 0
618 353 0
630 349 0
653 337 0
671 328 0
676 327 0
685 337 0
687 344 0
691 351 0
695 353 1
773 333 0
770 333 0
765 332 0
754 333 0
739 345 0
730 356 0
725 364 0
726 367 0
735 369 0
747 360 0
771 334 0
789 307 0
797 283 0
801 261 0
803 255 0
804 250 0
802 260 0
798 291 0
792 319 0
790 338 0
793 347 0
799 352 0
804 356 1
