are
571 340 0
563 340 0
554 338 0
544 337 0
533 339 0
523 347 0
511 367 0
506 385 0
509 397 0
514 403 0
523 404 0
538 397 0
553 383 0
563 371 0
568 361 0
570 358 0
573 355 0
575 363 0
577 380 0
583 402 0
586 405 0
593 407 0
600 401 0
611 393 0
621 384 0
625 381 0
630 379 0
632 381 0
634 385 0
639 394 0
640 397 0
638 386 0
634 366 0
633 358 0
638 356 0
659 361 0
674 362 0
686 361 0
699 360 0
706 359 0
709 357 0
711 352 0
709 349 0
703 345 0
697 344 0
690 348 0
681 361 0
677 374 0
680 387 0
689 396 0
705 398 0
719 400 0
734 400 1
