commanded
314 318 0
303 320 0
296 323 0
287 328 0
281 333 0
274 343 0
271 354 0
271 364 0
275 372 0
285 376 0
297 380 0
315 385 1
347 345 0
344 356 0
343 365 0
344 373 0
346 377 0
357 380 0
364 378 0
375 368 0
381 356 0
383 346 0
381 337 0
376 330 0
368 324 0
365 323 0
360 325 1
411 332 0
414 336 0
415 345 0
415 357 0
415 368 0
415 375 0
416 378 0
425 366 0
432 355 0
439 348 0
443 345 0
446 345 0
450 349 0
454 350 0
460 348 0
466 345 0
473 345 0
476 345 0
480 348 0
485 356 0
489 362 1
504 335 0
505 338 0
509 345 0
512 352 0
514 359 0
516 363 0
516 367 0
519 365 0
521 359 0
524 352 0
527 347 0
531 345 0
534 347 0
538 350 0
541 352 0
545 353 0
551 348 0
558 344 0
564 342 0
569 342 0
573 343 0
577 346 0
581 349 0
584 351 0
585 356 1
661 325 0
652 325 0
644 326 0
634 328 0
626 332 0
620 337 0
616 344 0
613 351 0
615 356 0
621 358 0
631 357 0
645 351 0
658 340 0
666 333 0
670 329 0
672 328 0
674 332 0
674 340 0
675 346 0
680 350 0
686 349 0
696 345 0
706 337 0
710 336 0
714 336 0
716 338 0
720 343 0
725 345 0
731 344 0
740 340 0
747 338 0
750 338 0
753 338 0
757 340 0
761 342 0
766 343 1
849 318 0
845 320 0
836 321 0
818 328 0
808 335 0
801 344 0
799 352 0
799 357 0
800 360 0
805 359 0
815 349 0
831 325 0
842 301 0
848 282 0
852 273 0
853 270 0
854 264 0
850 277 0
844 303 0
841 328 0
841 343 0
843 348 0
851 352 0
860 353 0
867 352 0
881 337 0
885 327 0
886 324 0
882 328 0
875 339 0
872 348 0
872 355 0
874 358 1
966 338 0
962 337 0
954 336 0
944 335 0
933 336 0
922 340 0
917 346 0
915 354 0
914 357 0
916 360 0
925 360 0
947 347 0
964 329 0
974 302 0
978 276 0
979 263 0
980 260 0
971 281 0
963 309 0
960 329 0
959 345 0
964 358 0
970 362 1
