fredericksburgh
95 346 0
95 350 0
101 348 0
113 342 0
135 321 0
151 298 0
159 280 0
162 265 0
160 253 0
158 249 0
157 246 0
153 247 0
144 258 0
133 284 0
124 326 0
122 348 0
119 372 0
116 390 0
115 401 0
113 408 0
112 411 0
111 416 0
114 406 0
125 380 0
139 361 0
148 356 0
155 352 0
158 352 0
161 354 0
163 359 0
166 364 0
167 368 0
169 362 0
172 355 0
174 351 0
175 348 0
180 343 0
191 341 0
206 338 0
225 331 0
238 324 0
241 321 0
244 319 0
234 311 0
227 313 0
224 319 0
218 329 0
218 338 0
219 346 0
223 348 0
226 349 1
316 323 0
306 321 0
292 319 0
276 321 0
273 324 0
265 333 0
262 342 0
261 349 0
264 352 0
270 351 0
281 343 0
296 326 0
301 312 0
310 289 0
315 279 0
317 274 0
320 272 0
319 276 0
314 292 0
306 315 0
306 327 0
310 342 0
321 362 0
329 367 0
342 364 0
355 352 0
365 330 0
366 322 0
356 328 0
350 341 0
347 352 0
346 362 0
349 366 0
357 365 0
365 362 0
378 357 0
387 357 0
394 358 0
398 359 0
402 360 0
404 361 0
398 346 0
397 337 0
397 330 0
404 326 0
420 323 0
430 323 0
434 323 0
438 325 0
439 334 0
441 341 0
443 349 0
448 354 0
455 356 0
466 354 0
474 352 1
536 314 0
533 314 0
528 314 0
526 315 0
515 321 0
507 331 0
505 338 0
507 345 0
514 350 0
524 351 0
532 351 0
548 349 1
582 237 0
581 243 0
580 253 0
576 275 0
569 300 0
567 321 0
566 333 0
566 342 0
566 345 1
596 312 0
591 313 0
584 322 0
580 329 0
580 335 0
580 341 0
584 347 0
587 350 1
658 305 0
650 308 0
639 319 0
635 329 0
636 335 0
640 341 0
644 345 0
647 351 0
648 357 0
646 363 0
635 369 0
618 374 0
603 378 1
428 258 0
427 264 0
426 267 1
684 266 0
683 270 0
680 282 0
679 298 0
679 309 0
679 317 0
680 320 0
684 321 0
692 322 0
705 325 0
724 335 0
731 341 0
731 355 0
723 365 0
711 373 0
706 375 0
700 373 0
692 369 0
675 358 1
750 322 0
752 325 0
751 329 0
748 337 0
749 344 0
753 347 0
759 347 0
769 342 0
779 331 0
785 324 0
787 321 0
790 325 0
793 335 0
802 341 0
814 345 0
825 347 0
832 348 0
835 349 0
840 350 0
842 351 0
845 353 0
845 349 0
844 338 0
845 331 0
849 324 1
904 312 0
891 318 0
881 327 0
877 333 0
878 337 0
882 340 0
887 339 0
894 335 0
900 329 0
905 325 0
909 322 0
912 321 0
915 331 0
917 354 0
918 370 0
915 383 0
911 395 0
905 405 0
899 412 0
893 414 0
890 414 0
884 410 0
881 401 0
891 381 0
908 357 0
927 334 0
942 315 0
957 292 0
969 271 0
976 258 0
977 255 0
978 251 0
973 254 0
969 257 0
965 262 0
961 276 0
956 300 0
955 319 0
955 331 0
954 339 0
955 343 0
955 345 0
963 345 0
970 343 0
979 343 0
986 346 0
991 348 0
1000 354 0
1007 357 0
1013 357 1
