best
470 263 0
474 263 0
476 273 0
476 309 0
478 336 0
478 341 0
478 345 0
481 349 0
489 347 0
511 347 0
537 353 0
549 360 0
555 366 0
557 374 0
555 382 0
547 395 0
537 403 0
527 404 0
512 397 0
504 385 0
494 369 0
491 365 1
599 370 0
608 371 0
616 367 0
622 362 0
625 358 0
626 351 0
622 346 0
616 342 0
611 340 0
605 342 0
599 348 0
594 361 0
593 370 0
597 381 0
603 387 0
607 389 1
678 343 0
675 347 0
674 353 0
678 359 0
683 363 0
688 369 0
691 373 0
693 376 0
692 382 0
688 389 0
679 396 0
664 398 0
655 394 0
647 385 1
731 265 0
730 285 0
724 312 0
720 338 0
719 356 0
720 366 0
721 375 0
724 382 0
732 390 0
740 395 0
747 396 0
751 395 1
711 343 0
721 345 1
