having
306 271 0
306 275 0
306 287 0
307 328 0
308 366 0
309 379 0
311 386 0
314 389 0
318 388 0
328 383 0
343 373 0
353 370 0
360 371 0
364 376 0
367 382 0
370 386 0
371 388 0
376 391 1
438 349 0
432 348 0
429 348 0
421 356 0
413 368 0
409 376 0
409 382 0
410 386 0
413 386 0
419 383 0
429 372 0
441 361 0
447 358 0
449 358 0
455 367 0
456 370 0
460 372 1
489 335 0
489 338 0
490 347 0
491 356 0
493 363 0
494 367 0
497 372 0
500 370 0
508 362 0
522 348 0
529 341 1
560 331 0
560 335 0
559 341 0
559 350 0
560 358 0
564 365 0
569 368 0
576 366 0
584 361 0
596 350 0
601 345 0
605 343 0
607 343 0
608 347 0
609 353 0
612 359 0
619 361 0
628 359 0
639 356 0
650 353 0
661 352 0
668 353 0
671 354 0
676 355 0
681 359 0
688 361 1
759 338 0
750 339 0
742 339 0
734 343 0
726 348 0
722 353 0
722 359 0
726 360 0
734 358 0
742 354 0
748 351 0
751 352 0
756 355 0
764 366 0
766 370 0
770 389 0
765 421 0
754 442 0
745 450 0
742 451 0
737 443 0
742 420 0
760 393 0
769 380 0
779 365 1
578 231 0
578 242 1
