able
519 358 0
522 356 0
521 348 0
517 345 0
511 343 0
504 345 0
496 355 0
485 372 0
485 382 0
486 386 0
492 389 0
500 388 0
511 383 0
521 376 0
528 370 0
532 367 0
535 365 0
538 364 0
540 369 0
543 373 0
548 378 0
557 378 1
590 272 0
588 276 0
586 286 0
586 303 0
585 328 0
586 336 0
587 343 0
590 347 0
592 350 0
598 353 0
606 358 0
616 365 0
619 371 0
620 376 0
617 382 0
612 387 0
602 391 0
594 392 0
591 387 1
656 333 0
658 336 0
662 334 0
670 323 0
675 308 0
679 297 0
680 286 0
679 277 0
677 274 0
677 271 0
673 275 0
664 291 0
655 324 0
650 360 0
651 371 0
656 378 0
666 382 0
683 380 0
707 366 0
718 353 0
719 351 0
723 339 0
723 332 0
713 336 0
705 344 0
699 360 0
698 369 0
704 381 0
715 387 0
736 385 0
756 381 0
763 380 1
