can
481 306 0
475 308 0
467 309 0
459 311 0
453 318 0
440 333 0
438 347 0
442 360 0
450 369 0
465 377 0
488 382 0
504 384 0
509 385 1
601 314 0
595 313 0
593 312 0
586 312 0
567 315 0
546 325 0
541 333 0
537 345 0
535 357 0
538 365 0
544 369 0
553 366 0
572 354 0
585 343 0
593 333 0
595 330 0
599 325 0
601 338 0
600 353 0
602 361 0
605 367 0
611 369 0
622 363 0
628 355 0
634 344 0
636 341 0
639 337 0
643 336 0
647 338 0
649 339 0
659 353 0
663 365 0
666 373 0
670 377 0
678 377 0
694 365 0
709 352 0
719 347 0
725 347 0
729 348 0
735 360 0
740 368 0
748 374 1
