believe
389 244 0
389 250 0
390 262 0
392 286 0
394 303 0
395 318 0
396 326 0
399 327 0
405 324 0
415 321 0
434 321 0
446 323 0
456 328 0
460 334 0
459 347 0
452 360 0
442 373 0
432 378 0
421 375 0
412 364 0
407 352 0
401 338 0
399 334 1
492 345 0
496 345 0
503 341 0
508 335 0
510 331 0
509 326 0
504 325 0
489 330 0
482 338 0
481 348 0
485 359 0
494 363 0
514 358 0
540 340 0
557 318 0
568 295 0
572 270 0
573 255 0
573 252 0
569 247 0
565 244 0
563 247 0
556 260 0
547 287 0
542 316 0
541 340 0
546 352 0
555 354 0
567 351 0
584 342 0
595 336 0
597 335 0
600 335 0
603 339 0
606 346 0
614 353 0
625 357 0
636 355 0
654 347 0
672 331 0
677 323 0
678 316 0
677 313 0
673 312 0
669 313 0
663 315 0
661 325 0
660 336 0
664 348 0
671 357 0
674 359 0
677 359 1
707 312 0
709 315 0
711 320 0
712 329 0
715 340 0
716 346 0
725 342 0
734 327 0
738 322 1
776 332 0
780 334 0
786 326 0
788 319 0
788 313 0
786 309 0
782 307 0
778 308 0
773 313 0
764 325 0
762 339 0
768 350 0
781 354 0
796 356 0
813 359 1
642 225 0
630 239 0
617 253 0
613 257 1
