and
470 333 0
460 327 0
449 322 0
440 319 0
430 320 0
419 327 0
410 339 0
400 360 0
396 372 0
397 380 0
399 383 0
408 385 0
421 379 0
443 361 0
456 346 0
464 336 0
467 331 0
469 328 0
466 337 0
461 353 0
460 365 0
461 372 0
461 375 0
472 375 0
492 363 0
506 351 0
516 343 0
521 338 0
525 333 0
527 333 0
528 340 0
529 347 0
529 356 0
529 359 0
530 364 0
537 360 0
548 352 0
559 344 0
566 343 0
570 343 0
574 345 0
576 351 0
578 356 0
580 360 0
584 363 1
658 336 0
648 334 0
639 333 0
629 332 0
620 335 0
610 343 0
604 353 0
600 366 0
602 373 0
608 378 0
618 378 0
643 364 0
661 342 0
674 318 0
681 292 0
684 274 0
686 264 0
686 257 0
687 254 0
682 271 0
677 301 0
673 330 0
672 355 0
674 367 0
677 373 0
684 376 1
