searched
429 322 0
421 325 0
409 334 0
398 344 0
392 350 0
394 354 0
404 362 0
422 377 0
429 383 0
430 393 0
426 398 0
417 403 0
406 408 0
401 409 1
467 373 0
470 377 0
474 378 0
479 376 0
484 372 0
488 366 0
490 358 0
489 352 0
488 349 0
482 344 0
480 344 0
471 353 0
461 377 0
461 389 0
466 400 0
475 405 0
488 404 0
505 403 0
512 402 1
583 362 0
574 363 0
564 363 0
553 362 0
545 363 0
539 364 0
533 369 0
527 377 0
525 385 0
526 392 0
530 397 0
550 377 0
563 361 0
570 353 0
573 366 0
574 378 0
578 387 0
585 392 0
593 392 0
604 387 0
617 379 0
626 376 0
630 376 0
633 377 0
634 382 0
635 389 0
635 392 0
636 397 0
635 374 0
635 366 0
636 360 0
636 357 0
640 358 0
647 356 1
726 340 0
720 344 0
712 347 0
699 357 0
686 368 0
682 377 0
682 386 0
683 392 0
692 393 0
709 387 0
736 368 0
757 338 0
772 308 0
777 264 0
776 258 0
767 290 0
762 328 0
760 357 0
760 370 0
761 378 0
768 380 0
778 373 0
787 368 0
793 365 0
799 367 0
803 370 0
809 377 0
815 383 0
822 388 0
824 390 0
832 389 0
842 381 0
851 369 0
856 358 0
857 354 0
857 349 0
854 346 0
852 345 0
850 348 0
848 354 0
845 362 0
845 369 0
847 375 0
852 379 0
864 382 0
875 382 0
893 382 1
955 351 0
947 352 0
938 353 0
927 357 0
917 363 0
908 372 0
905 376 0
905 381 0
907 388 0
913 388 0
922 385 0
935 374 0
951 347 0
960 316 0
968 284 0
971 274 0
972 271 0
971 281 0
965 316 0
961 347 0
963 365 0
967 374 0
976 377 0
985 377 0
1003 377 1
