furnish
463 350 0
471 345 0
485 331 0
504 302 0
515 282 0
521 266 0
523 249 0
521 244 0
515 240 0
510 241 0
505 249 0
496 285 0
494 337 0
495 371 0
497 402 0
496 421 0
496 436 0
496 443 0
496 447 0
493 418 0
491 397 0
492 390 0
494 381 0
500 371 0
507 364 0
516 357 0
523 353 0
527 351 0
530 350 0
534 349 0
534 354 0
535 361 0
537 368 0
541 372 0
549 372 0
559 367 0
572 359 0
578 353 0
582 350 0
585 348 0
589 354 0
591 361 0
595 367 0
599 371 0
607 373 0
618 372 0
627 370 0
634 369 0
638 370 0
641 371 0
643 373 0
646 375 0
645 371 0
643 353 0
641 341 0
642 335 0
643 331 0
647 328 0
655 324 0
663 323 0
668 324 0
672 328 0
676 336 0
679 346 0
681 354 0
683 360 0
686 363 0
694 362 0
699 360 0
705 358 0
708 357 0
712 356 0
715 358 0
723 364 0
734 366 0
743 364 0
752 359 0
760 352 0
764 348 0
768 343 0
771 345 0
776 353 0
781 359 0
787 363 0
791 365 1
843 301 0
838 306 0
826 320 0
822 329 0
821 331 0
824 336 0
836 345 0
850 355 0
856 361 0
857 367 0
857 371 0
852 375 0
843 373 0
834 369 0
818 359 1
885 260 0
887 263 0
890 282 0
891 310 0
892 334 0
894 347 0
895 355 0
897 359 0
900 362 0
909 360 0
920 361 0
931 365 0
938 373 0
944 380 0
950 383 0
954 382 1
784 245 0
782 250 0
779 257 1
