virginia
395 342 0
400 352 0
405 364 0
410 377 0
413 383 0
415 386 0
418 386 0
424 381 0
434 371 0
443 358 0
446 353 0
454 340 1
475 343 0
475 346 0
475 352 0
475 362 0
476 367 0
485 371 0
498 368 0
508 363 0
515 360 0
520 359 0
524 359 0
528 367 0
530 373 0
531 377 0
532 381 0
534 374 0
535 365 0
536 359 0
546 353 0
554 350 0
564 347 0
573 344 0
581 344 0
590 343 0
592 342 0
594 343 0
587 345 0
583 351 0
582 359 0
584 365 0
588 368 0
593 366 0
599 360 0
604 354 0
606 351 0
609 346 0
613 350 0
617 362 0
622 388 0
621 411 0
617 428 0
614 445 0
608 455 0
604 460 0
601 461 0
598 458 0
594 439 0
602 401 0
612 386 0
624 375 0
634 367 0
640 360 0
644 354 0
647 350 0
649 348 0
651 357 0
653 362 0
658 366 0
665 367 0
670 364 0
679 358 0
687 351 0
692 347 0
694 345 0
696 355 0
697 361 0
708 364 0
716 361 0
723 358 0
729 355 0
733 355 0
738 360 0
741 363 0
744 364 0
749 363 0
757 360 0
766 356 0
773 353 0
778 354 0
783 355 0
787 357 0
791 358 0
794 360 0
796 362 1
877 349 0
873 348 0
865 346 0
858 345 0
849 344 0
839 347 0
832 352 0
826 362 0
825 370 0
826 374 0
835 376 0
846 372 0
859 363 0
868 354 0
872 350 0
875 347 0
877 351 0
879 360 0
886 367 1
515 260 0
514 267 0
513 271 1
690 240 0
689 246 1
777 242 0
776 246 0
775 252 1
