the
492 282 0
493 286 0
492 296 0
487 317 0
482 344 0
479 372 0
478 399 0
482 412 0
490 420 0
501 422 0
519 416 0
536 410 0
540 408 1
461 353 0
467 357 0
484 355 0
511 344 0
522 338 0
535 331 1
567 295 0
566 298 0
563 313 0
559 340 0
555 365 0
555 376 0
555 387 0
556 392 0
561 395 0
569 389 0
586 380 0
595 375 0
600 375 0
607 378 0
614 384 0
623 392 0
630 399 0
636 401 0
646 397 0
658 387 0
667 375 0
669 364 0
669 357 0
665 355 0
661 361 0
655 375 0
651 389 0
651 400 0
655 407 0
667 406 0
679 406 0
695 403 1
