below
433 248 0
436 256 0
438 281 0
439 295 0
439 316 0
440 342 0
440 351 0
446 346 0
457 340 0
470 338 0
480 340 0
489 343 0
494 350 0
494 362 0
489 377 0
478 389 0
468 395 0
460 392 0
449 377 0
444 361 0
443 357 0
438 342 1
527 353 0
530 353 0
538 349 0
543 346 0
548 342 0
550 340 0
549 336 0
545 332 0
539 329 0
530 330 0
521 335 0
515 349 0
513 371 0
517 379 0
524 385 0
539 387 0
560 382 0
583 364 0
600 341 0
613 317 0
618 290 0
618 272 0
616 266 0
613 257 0
606 256 0
601 262 0
590 283 0
583 313 0
581 345 0
586 370 0
592 380 0
601 385 0
612 384 0
626 381 0
633 380 1
673 337 0
672 340 0
666 344 0
662 348 0
658 356 0
657 363 0
658 366 0
665 373 0
676 376 0
687 370 0
693 362 0
695 353 0
692 342 0
686 334 0
683 330 0
678 326 0
688 332 0
701 330 0
710 327 0
721 326 0
726 326 0
731 327 0
733 331 0
735 339 0
737 352 0
740 364 0
746 367 0
748 367 0
759 353 0
766 346 0
769 347 0
772 350 0
776 358 0
782 364 0
787 366 0
793 365 0
804 357 0
816 344 0
820 332 0
821 325 0
822 321 0
823 318 0
827 317 0
830 318 0
836 316 0
842 315 1
