chief
502 340 0
495 340 0
490 342 0
484 348 0
475 368 0
473 388 0
478 400 0
486 405 0
506 400 0
539 378 0
574 342 0
584 318 0
592 288 0
592 265 0
591 256 0
587 253 0
583 254 0
577 265 0
565 296 0
551 354 0
544 382 0
543 395 0
544 403 0
546 406 0
567 395 0
596 376 0
602 375 0
609 378 0
613 381 0
615 383 0
619 390 0
623 396 0
629 399 0
648 387 0
662 370 0
669 355 0
673 350 0
675 347 0
677 353 0
680 370 0
683 383 0
686 392 0
695 395 0
705 395 0
715 390 0
723 384 0
726 381 0
732 371 0
733 364 0
733 357 0
731 353 0
727 356 0
725 363 0
725 374 0
730 382 0
739 387 0
751 387 0
774 376 0
798 354 0
816 321 0
821 294 0
822 276 0
821 267 0
820 264 0
815 261 0
812 269 0
802 295 0
790 348 0
788 376 0
786 402 0
788 425 0
789 434 0
789 438 0
788 430 0
790 422 0
793 416 0
797 408 0
809 398 0
816 390 0
826 374 1
709 257 0
705 265 1
