and
538 356 0
531 348 0
527 345 0
525 343 0
508 337 0
486 336 0
476 340 0
468 353 0
462 371 0
460 385 0
466 390 0
475 392 0
488 388 0
512 372 0
523 357 0
527 349 0
529 343 0
531 341 0
534 353 0
536 363 0
539 370 0
544 373 0
551 373 0
558 369 0
567 361 0
573 355 0
577 351 0
581 358 0
583 366 0
585 372 0
588 376 0
593 376 0
602 371 0
615 365 0
628 363 0
634 364 0
638 368 0
644 374 0
649 376 0
656 377 0
661 375 1
747 338 0
739 338 0
727 338 0
704 351 0
689 365 0
683 376 0
683 383 0
683 386 0
687 387 0
698 380 0
720 356 0
738 330 0
750 304 0
755 279 0
757 265 0
757 261 0
759 256 0
754 271 0
748 295 0
742 325 0
738 352 0
739 368 0
743 377 0
752 384 0
770 389 0
782 392 0
798 395 1
