very
489 324 0
492 325 0
496 331 0
499 345 0
503 364 0
504 369 0
506 372 0
516 364 0
523 350 0
529 338 0
531 334 1
553 353 0
560 354 0
565 351 0
571 347 0
576 340 0
578 336 0
578 330 0
576 328 0
567 332 0
561 339 0
559 349 0
558 361 0
562 366 0
570 370 0
581 368 0
590 365 0
593 363 0
604 360 0
611 360 0
614 361 0
617 365 0
619 369 0
619 372 0
621 353 0
622 338 0
623 332 0
629 328 0
632 329 0
641 328 0
652 328 0
661 328 0
664 329 0
668 331 0
668 334 0
670 340 0
674 348 0
676 353 0
679 358 0
683 357 0
696 348 0
708 338 0
712 336 0
714 335 0
717 339 0
720 349 0
725 371 0
727 397 0
726 414 0
723 427 0
713 439 0
702 444 0
695 441 0
690 429 0
697 408 0
719 379 0
731 362 1
