here
446 239 0
449 240 0
453 262 0
454 292 0
453 318 0
451 346 0
452 362 0
454 368 0
462 372 0
473 362 0
483 353 0
491 346 0
497 342 0
501 341 0
504 342 0
512 353 0
518 363 0
526 371 0
537 375 0
544 376 0
556 375 0
580 363 0
597 350 0
601 344 0
603 337 0
603 333 0
590 329 0
581 332 0
574 341 0
569 354 0
565 371 0
568 380 0
573 382 0
587 380 0
613 368 0
624 361 0
630 360 0
634 359 0
636 362 0
637 365 0
638 371 0
638 375 0
639 379 0
639 370 0
639 356 0
640 350 0
641 347 0
648 347 0
658 349 0
676 349 0
690 350 0
705 346 0
712 343 0
717 338 0
719 331 0
717 326 0
713 321 0
707 321 0
699 325 0
692 338 0
687 351 0
687 362 0
691 369 0
702 376 0
728 380 0
753 380 0
776 380 1
