for
533 357 0
536 357 0
545 349 0
561 329 0
573 310 0
579 287 0
579 276 0
576 266 0
572 259 0
569 255 0
566 256 0
563 262 0
554 286 0
545 330 0
541 368 0
540 394 0
541 410 0
541 418 0
541 427 0
541 434 0
541 438 0
539 420 0
539 405 0
542 392 0
550 366 0
559 354 0
568 351 0
579 346 0
585 345 0
606 343 0
617 341 0
620 341 0
624 341 0
612 352 0
600 365 0
593 375 0
594 381 0
597 385 0
603 388 0
616 384 0
632 372 0
635 368 0
639 358 0
639 350 0
636 345 0
633 343 0
631 341 0
628 341 0
645 343 0
665 344 0
675 347 0
678 348 0
683 357 0
687 367 0
690 376 0
691 383 0
692 386 0
693 389 0
692 365 0
691 356 0
691 353 0
694 349 0
703 347 0
727 344 0
753 338 1
