time
494 258 0
494 268 0
493 282 0
487 311 0
485 337 0
484 355 0
487 370 0
491 378 0
499 382 0
513 381 0
530 380 0
536 379 1
469 357 0
474 358 0
487 356 0
509 348 0
523 341 0
535 334 0
541 332 0
545 331 0
547 332 0
550 335 0
552 340 0
553 348 0
554 358 0
556 364 0
560 368 0
565 366 0
575 361 0
585 355 0
589 353 0
596 348 0
601 347 0
604 348 0
606 350 0
608 354 0
609 359 0
617 359 0
625 354 0
632 348 0
636 346 0
641 343 0
644 343 0
647 345 0
650 349 0
655 351 0
662 350 0
669 348 0
674 347 0
677 347 0
683 349 0
690 353 0
703 356 0
707 357 0
721 357 0
749 348 0
767 337 0
773 330 0
774 325 0
774 322 0
770 321 0
763 323 0
757 330 0
752 342 0
753 355 0
759 362 0
779 359 0
796 356 0
812 352 1
570 260 0
570 264 1
