my
445 310 0
448 314 0
450 317 0
451 322 0
452 334 0
453 351 0
454 361 0
456 367 0
456 370 0
457 373 0
468 360 0
480 342 0
488 332 0
493 328 0
499 325 0
505 327 0
511 331 0
517 338 0
523 344 0
526 346 0
533 344 0
545 336 0
554 330 0
557 328 0
561 329 0
563 334 0
566 341 0
569 349 0
577 354 0
588 353 0
603 346 0
624 330 0
631 321 0
635 318 0
639 314 0
641 326 0
643 334 0
647 340 0
653 342 0
661 340 0
679 326 0
691 318 0
695 317 0
697 316 0
700 314 0
703 318 0
706 327 0
713 352 0
715 380 0
710 403 0
701 419 0
690 437 0
679 449 0
669 453 0
662 446 0
657 424 0
667 397 0
703 366 0
725 349 0
736 340 1
