them
426 261 0
426 265 0
426 273 0
423 302 0
419 348 0
420 364 0
421 375 0
424 383 0
434 389 0
453 389 0
469 388 0
480 387 1
404 351 0
412 352 0
430 344 0
448 335 0
465 326 1
507 270 0
507 277 0
508 287 0
509 300 0
509 329 0
510 345 0
510 363 0
511 371 0
512 373 0
518 375 0
521 375 0
528 369 0
537 363 0
540 361 0
545 361 0
552 363 0
560 365 0
579 364 0
594 360 0
608 352 0
622 342 0
626 334 0
624 326 0
620 326 0
614 330 0
604 338 0
596 353 0
593 365 0
593 371 0
598 377 0
606 378 0
620 374 0
638 362 0
651 348 0
658 340 0
662 337 0
665 347 0
668 359 0
669 365 0
673 367 0
675 368 0
687 359 0
692 355 0
696 352 0
698 350 0
705 353 0
710 354 0
716 355 0
725 354 0
736 354 0
744 356 0
748 359 0
755 366 0
764 368 1
