nor
464 317 0
466 322 0
467 333 0
467 353 0
467 368 0
467 372 0
469 376 0
475 374 0
481 370 0
488 366 0
496 362 0
501 363 0
505 365 0
510 372 0
516 379 0
522 383 0
528 384 0
542 379 0
558 370 0
565 367 1
595 328 0
585 330 0
579 332 0
572 335 0
567 341 0
565 350 0
567 362 0
571 368 0
579 371 0
589 371 0
596 366 0
601 358 0
603 351 0
598 344 0
595 342 0
593 341 0
600 341 0
615 337 0
630 335 0
638 337 0
645 341 0
649 344 0
653 355 0
653 364 0
653 368 0
653 373 0
653 375 0
653 368 0
652 352 0
651 341 0
652 335 0
654 332 0
659 331 0
669 330 0
684 328 0
708 322 1
