their
343 247 0
347 247 0
350 249 0
352 252 0
353 258 0
352 274 0
350 300 0
349 325 0
349 341 0
354 358 0
362 370 0
374 375 0
391 380 0
406 384 1
330 324 0
346 333 0
370 333 0
387 333 0
393 333 1
453 257 0
454 261 0
454 264 0
452 275 0
448 294 0
445 316 0
443 339 0
442 361 0
443 366 0
446 365 0
453 361 0
460 357 0
464 355 0
468 354 0
471 355 0
476 359 0
482 366 0
494 374 0
508 376 0
526 372 0
543 363 0
549 357 0
555 348 0
556 338 0
554 330 0
550 328 0
545 329 0
540 332 0
536 340 0
535 350 0
537 363 0
545 370 0
552 370 0
560 366 0
568 361 0
574 358 0
578 357 0
580 356 0
583 356 0
586 356 0
590 360 0
593 366 0
598 371 0
607 373 0
621 369 0
630 366 0
637 362 0
643 360 0
646 359 0
649 358 0
652 359 0
656 367 0
657 370 0
661 370 0
664 354 0
669 346 0
672 343 0
676 342 0
683 341 0
687 338 1
630 254 0
624 261 0
620 264 1
