beeves
421 275 0
424 287 0
425 312 0
426 339 0
426 347 0
426 354 0
426 356 0
436 351 0
446 347 0
457 345 0
467 345 0
477 348 0
481 352 0
482 362 0
479 373 0
471 385 0
464 394 0
459 397 0
451 397 0
443 395 0
439 390 1
506 357 0
515 358 0
522 353 0
528 350 0
531 346 0
531 343 0
525 339 0
518 339 0
515 339 0
508 348 0
506 362 0
507 374 0
514 382 0
522 386 0
540 387 0
563 383 0
576 374 0
595 358 0
603 346 0
605 338 0
605 335 0
602 334 0
595 335 0
587 339 0
581 349 0
577 362 0
584 377 0
594 384 0
605 387 0
621 393 1
646 350 0
646 356 0
647 362 0
648 368 0
649 375 0
651 378 0
658 377 0
669 366 0
681 351 0
688 343 1
720 353 0
721 356 0
725 356 0
731 352 0
742 344 0
748 335 0
750 329 0
749 324 0
741 324 0
733 329 0
719 348 0
708 366 0
706 374 0
708 380 0
714 384 0
732 383 0
754 379 0
769 375 1
815 313 0
812 315 0
801 322 0
796 327 0
793 332 0
795 337 0
798 344 0
806 353 0
813 362 0
816 368 0
817 372 0
816 376 0
809 380 0
804 382 1
