disappointed
370 342 0
370 339 0
362 336 0
353 335 0
343 338 0
334 345 0
327 359 0
324 376 0
326 383 0
331 387 0
337 387 0
369 350 0
394 313 0
406 289 0
410 269 0
412 258 0
412 255 0
413 251 0
407 280 0
400 320 0
397 354 0
396 373 0
399 379 0
404 383 0
411 383 0
422 374 0
437 355 0
444 347 0
446 345 0
446 357 0
444 369 0
444 375 0
446 377 0
451 379 1
529 323 0
519 328 0
513 333 0
509 337 0
507 344 0
511 349 0
516 357 0
520 364 0
523 372 0
522 378 0
519 383 0
513 388 0
506 390 1
594 352 0
588 348 0
580 345 0
570 344 0
560 345 0
553 349 0
545 359 0
543 366 0
544 372 0
550 376 0
557 377 0
569 372 0
579 365 0
583 363 0
588 361 0
590 366 0
591 368 0
593 374 1
643 382 0
643 389 0
640 408 0
639 429 0
638 441 0
638 448 0
638 450 0
637 443 0
633 392 0
638 349 0
643 338 0
652 330 0
662 327 0
670 329 0
674 336 0
674 348 0
670 360 0
666 367 0
660 371 1
720 375 0
721 388 0
721 409 0
720 432 0
716 442 0
715 446 0
712 451 0
708 439 0
702 401 0
705 362 0
710 348 0
716 339 0
725 332 0
733 331 0
737 334 0
740 341 0
741 345 0
739 356 0
731 371 0
722 378 0
718 380 1
778 354 0
777 357 0
774 361 0
773 367 0
777 374 0
785 374 0
797 368 0
810 357 0
817 347 0
818 340 0
816 335 0
809 331 0
804 333 0
802 333 0
797 335 0
795 336 1
847 327 0
847 330 0
845 335 0
843 343 0
841 352 0
841 359 0
842 364 0
846 365 0
852 363 0
860 359 0
867 354 0
871 351 0
875 351 0
880 356 0
886 357 0
892 357 0
900 356 0
906 356 0
909 357 0
913 359 0
917 361 0
920 362 1
966 242 0
965 246 0
964 253 0
961 275 0
959 303 0
958 329 0
956 344 0
956 349 0
955 354 0
954 357 0
954 351 0
955 347 0
963 345 0
975 345 0
989 343 0
1003 339 0
1010 335 0
1014 333 0
1017 327 0
1014 324 0
1009 319 0
1002 319 0
996 322 0
989 331 0
987 342 0
988 353 0
994 360 0
1005 362 0
1017 363 0
1033 363 1
1093 333 0
1089 334 0
1083 333 0
1076 333 0
1069 334 0
1064 336 0
1057 343 0
1055 350 0
1055 354 0
1058 359 0
1061 358 0
1069 353 0
1082 337 0
1093 313 0
1100 288 0
1103 275 0
1104 268 0
1105 263 0
1104 260 0
1104 268 0
1099 301 0
1101 339 0
1104 351 0
1109 357 1
863 248 0
862 252 0
860 259 1
478 252 0
476 260 0
475 265 1
