poverty
387 331 0
388 335 0
391 361 0
395 401 0
397 429 0
399 447 0
400 454 0
403 446 0
404 416 0
407 393 0
409 385 0
430 348 0
439 343 0
445 344 0
450 350 0
454 361 0
455 375 0
451 386 0
444 395 0
433 399 0
420 400 0
413 400 1
504 335 0
503 338 0
499 348 0
498 361 0
499 372 0
503 378 0
506 380 0
511 381 0
525 373 0
537 362 0
538 356 0
536 350 0
530 345 0
519 343 0
507 344 0
500 347 0
497 348 1
560 333 0
560 343 0
561 351 0
561 358 0
562 364 0
563 367 0
567 367 0
580 352 0
605 328 0
617 315 1
630 333 0
632 337 0
635 338 0
638 336 0
640 329 0
638 326 0
635 323 0
630 322 0
623 325 0
612 336 0
605 351 0
603 363 0
607 371 0
614 375 0
632 377 0
651 375 0
658 373 0
675 370 0
683 371 0
688 372 0
691 375 0
694 376 0
698 369 0
698 362 0
697 349 0
696 334 0
696 329 0
696 325 0
705 322 0
717 317 0
733 309 0
738 305 1
763 233 0
763 241 0
761 260 0
759 289 0
759 317 0
758 343 0
758 360 0
758 368 0
759 372 0
759 375 0
756 367 0
751 349 0
750 339 0
750 333 0
756 332 0
767 331 0
779 329 0
786 328 0
789 327 0
793 326 0
796 326 0
799 328 0
808 341 0
817 346 0
824 346 0
829 345 0
837 339 0
844 335 0
848 334 0
851 333 0
853 337 0
856 345 0
860 371 0
861 399 0
859 420 0
852 433 0
848 439 0
840 439 0
829 434 0
824 419 0
830 401 0
851 374 0
862 359 0
864 356 1
