shall
464 349 0
453 351 0
443 355 0
434 361 0
429 367 0
431 371 0
443 377 0
457 383 0
465 388 0
468 392 0
466 401 0
461 406 0
453 408 0
448 407 1
487 267 0
489 279 0
490 300 0
491 331 0
490 361 0
490 379 0
491 383 0
498 383 0
511 376 0
519 373 0
524 375 0
527 377 0
531 387 0
534 394 0
538 399 1
600 362 0
590 364 0
584 365 0
578 369 0
571 376 0
566 384 0
564 388 0
572 391 0
581 386 0
591 379 0
596 376 0
599 375 0
602 379 0
605 384 0
610 388 0
620 386 0
638 374 0
658 353 0
671 329 0
678 305 0
680 290 0
679 281 0
679 277 0
670 285 0
659 310 0
651 342 0
646 371 0
646 387 0
646 391 0
661 386 0
703 347 0
723 321 0
729 308 0
732 298 0
732 296 0
723 299 0
706 317 0
692 345 0
687 370 0
688 383 0
700 389 0
717 393 0
735 397 1
