the
464 260 0
467 266 0
470 282 0
473 312 0
477 339 0
479 363 0
482 376 0
488 383 0
500 386 0
520 382 0
540 378 0
546 377 1
457 337 0
478 338 0
496 335 0
514 331 1
565 268 0
565 272 0
566 283 0
567 300 0
568 325 0
569 346 0
569 355 0
570 358 0
572 363 0
573 365 0
581 363 0
588 357 0
605 347 0
615 347 0
624 352 0
631 358 0
640 363 0
654 365 0
667 363 0
677 356 0
686 348 0
693 334 0
693 326 0
693 321 0
690 316 0
685 314 0
682 316 0
679 326 0
677 345 0
676 362 0
680 370 0
689 374 0
708 375 0
723 374 0
740 372 1
