furnish
441 342 0
445 344 0
454 339 0
477 323 0
494 304 0
504 289 0
506 278 0
506 270 0
501 263 0
495 260 0
485 260 0
476 265 0
469 277 0
462 304 0
463 338 0
468 377 0
469 387 0
473 414 0
476 433 0
477 439 0
478 442 0
473 420 0
472 403 0
472 395 0
475 386 0
480 380 0
484 374 0
489 370 0
495 366 0
503 362 0
512 358 0
520 354 0
526 351 0
527 364 0
526 376 0
528 387 0
529 390 0
541 386 0
563 368 0
574 361 0
577 359 0
579 358 0
582 361 0
583 366 0
584 370 0
585 381 0
585 384 0
585 388 0
585 392 0
586 395 0
586 397 0
588 401 0
591 403 0
601 400 0
609 396 0
620 387 0
630 376 0
636 367 0
637 364 0
641 361 0
645 360 0
645 364 0
645 369 0
645 374 0
645 378 0
645 382 0
645 374 0
646 363 0
646 353 0
649 350 0
657 348 0
662 347 0
669 345 0
673 344 0
677 344 0
680 344 0
683 345 0
686 351 0
687 358 0
688 363 0
689 367 0
690 370 0
698 366 0
705 360 0
712 357 0
716 356 0
718 356 0
721 360 0
725 368 0
732 375 0
741 377 0
745 378 0
755 374 0
778 359 0
789 349 0
791 349 0
794 356 0
795 361 0
798 367 0
802 371 1
848 320 0
844 325 0
837 330 0
830 338 0
827 342 0
827 347 0
829 349 0
839 356 0
846 362 0
849 367 0
849 371 0
846 377 0
838 382 0
830 382 1
878 251 0
878 255 0
878 263 0
876 289 0
876 321 0
874 347 0
875 360 0
876 366 0
877 369 0
885 369 0
893 369 0
901 372 0
908 375 0
915 378 0
920 380 0
923 381 1
800 262 0
798 268 0
796 271 1
