contract
450 327 0
437 331 0
419 337 0
411 340 0
397 355 0
385 378 0
383 392 0
389 405 0
405 412 0
437 411 0
449 409 0
464 407 1
527 364 0
523 364 0
514 366 0
506 372 0
500 381 0
498 391 0
501 398 0
507 401 0
515 399 0
530 392 0
537 385 0
537 366 0
536 360 0
531 355 0
526 352 0
523 351 0
528 354 0
536 353 0
553 351 0
565 350 0
573 350 0
581 352 0
589 357 0
594 364 0
598 372 0
601 380 0
601 383 0
602 388 0
605 388 0
620 383 0
628 379 0
632 379 0
635 382 0
640 386 0
648 390 0
653 391 1
698 265 0
698 269 0
698 273 0
699 285 0
700 310 0
703 336 0
705 360 0
705 371 0
706 379 0
708 385 0
709 389 0
709 392 0
705 387 0
703 375 0
702 365 0
703 361 0
721 355 0
735 355 0
746 357 0
751 361 0
756 366 0
759 371 0
761 374 0
762 377 0
762 372 0
762 364 0
763 359 0
769 354 0
776 350 0
786 350 0
798 351 0
820 351 0
830 351 0
835 351 0
837 351 0
828 348 0
820 350 0
812 357 0
803 369 0
799 377 0
798 382 0
801 386 0
806 384 0
813 381 0
823 373 0
831 364 0
834 360 0
837 357 0
839 354 0
842 359 0
845 366 0
848 371 0
854 376 1
939 340 0
929 342 0
915 344 0
902 352 0
892 360 0
889 366 0
890 371 0
895 375 0
907 378 0
931 377 0
939 376 0
953 373 1
975 260 0
977 264 0
978 274 0
978 291 0
977 318 0
976 337 0
975 357 0
974 367 0
974 370 0
974 374 0
973 376 0
968 368 0
967 365 0
967 360 0
973 358 0
980 357 1
