country
469 333 0
461 336 0
453 341 0
444 352 0
434 370 0
434 379 0
438 388 0
446 394 0
463 395 0
485 394 0
506 393 1
538 357 0
527 362 0
518 368 0
514 374 0
513 381 0
516 387 0
518 390 0
528 391 0
535 389 0
538 387 0
548 377 0
549 371 0
542 360 0
537 356 0
535 355 0
540 356 0
549 351 0
563 346 0
572 343 0
578 343 0
581 344 0
584 348 0
587 357 0
589 367 0
592 374 0
594 379 0
600 382 0
603 381 0
608 376 0
616 369 0
619 367 0
624 363 0
626 363 0
630 364 0
632 368 0
640 376 0
645 377 0
656 373 0
670 365 0
678 358 0
684 356 0
688 355 0
693 356 0
697 362 0
700 366 0
705 369 0
708 369 0
716 367 0
728 365 0
737 365 0
744 367 0
749 369 0
754 370 0
758 370 1
780 256 0
778 266 0
778 284 0
779 313 0
783 344 0
784 367 0
784 375 0
785 380 0
786 383 0
781 383 0
778 374 0
778 369 0
780 364 0
788 361 0
798 359 0
808 359 0
818 360 0
821 362 0
830 370 0
835 377 0
839 381 0
842 371 0
845 367 0
850 361 0
859 355 0
867 351 0
874 349 0
878 349 0
881 348 0
882 350 0
885 357 0
887 362 0
892 366 0
898 363 0
907 360 0
920 350 0
928 345 0
935 343 0
937 345 0
940 369 0
940 396 0
939 415 0
935 426 0
928 435 0
918 440 0
905 439 0
897 436 0
899 426 0
916 404 0
942 378 0
954 364 1
