saries
481 325 0
477 322 0
474 321 0
471 320 0
468 320 0
465 320 0
462 321 0
452 327 0
445 333 0
440 339 0
439 343 0
441 347 0
451 362 0
460 372 0
466 378 0
469 383 0
469 386 0
467 394 0
463 401 0
456 406 0
448 409 0
444 410 0
442 409 1
550 342 0
542 343 0
533 343 0
524 343 0
516 343 0
509 346 0
505 350 0
498 358 0
489 371 0
486 381 0
487 389 0
490 395 0
495 395 0
506 392 0
516 385 0
521 380 0
535 363 0
539 358 0
541 356 0
541 361 0
541 370 0
542 378 0
546 381 0
553 382 0
564 376 0
577 367 0
585 365 0
590 365 0
594 367 0
596 371 0
599 377 0
598 381 0
599 383 0
598 375 0
597 361 0
600 351 0
602 342 0
603 339 0
606 336 0
609 336 0
623 337 0
630 337 0
633 338 0
636 339 0
638 340 0
640 342 0
640 347 0
641 355 0
640 364 0
642 374 0
648 379 0
658 382 0
672 378 0
692 367 0
705 356 0
711 347 0
714 343 0
712 338 0
707 338 0
703 342 0
696 356 0
693 373 0
696 381 0
704 387 1
801 316 0
788 321 0
776 327 0
765 335 0
760 340 0
759 346 0
762 352 0
771 360 0
778 367 0
784 373 0
785 377 0
785 382 0
779 387 0
776 390 0
772 390 1
627 252 0
627 255 0
627 263 1
