and
503 318 0
498 318 0
487 316 0
476 317 0
466 324 0
457 335 0
455 345 0
454 354 0
455 361 0
459 364 0
465 364 0
471 361 0
479 354 0
485 348 0
492 339 0
498 331 0
500 329 0
503 324 0
506 324 0
508 326 0
511 335 0
517 347 0
520 353 0
527 355 0
541 348 0
552 339 0
559 333 0
563 330 0
565 328 0
568 326 0
570 330 0
575 339 0
576 341 0
582 342 0
590 340 0
598 337 0
605 336 0
611 336 0
615 338 0
618 340 0
623 345 0
630 351 0
640 353 0
654 356 0
662 358 1
729 333 0
725 328 0
715 322 0
705 322 0
696 326 0
686 336 0
682 348 0
680 358 0
681 365 0
686 366 0
694 363 0
707 351 0
725 326 0
737 296 0
742 268 0
744 252 0
744 248 0
744 245 0
739 259 0
730 291 0
725 323 0
732 354 0
743 366 0
753 369 0
771 374 1
