you
450 299 0
452 303 0
452 308 0
452 316 0
454 323 0
457 327 0
464 331 0
470 332 0
475 329 0
485 322 0
491 319 0
494 317 0
499 316 0
505 325 0
511 346 0
513 372 0
512 398 0
509 409 0
505 418 0
500 427 0
494 427 0
485 425 0
476 417 0
473 407 0
479 392 0
496 366 0
518 344 0
541 327 0
558 318 0
567 315 0
572 314 0
576 313 0
574 325 0
573 335 0
574 341 0
579 345 0
584 345 0
591 342 0
598 334 0
603 326 0
604 317 0
604 307 0
600 298 0
597 294 0
594 291 0
590 290 0
592 294 0
601 298 0
612 300 0
621 300 0
628 301 0
631 302 0
634 303 0
637 305 0
638 308 0
639 314 0
638 322 0
641 331 0
644 337 0
651 340 0
660 338 0
672 332 0
681 326 0
685 323 0
689 321 0
694 325 0
698 330 0
708 336 0
715 339 0
730 343 1
