and
506 292 1
520 315 0
513 315 0
507 315 0
498 313 0
487 313 0
474 318 0
463 328 0
456 343 0
454 356 0
456 364 0
464 369 0
476 367 0
496 357 0
513 345 0
519 337 0
523 331 0
525 328 0
528 323 0
531 325 0
532 335 0
535 344 0
540 349 0
548 351 0
556 349 0
566 342 0
573 336 0
578 333 0
581 332 0
582 337 0
584 341 0
585 344 0
592 345 0
597 344 0
602 344 0
608 346 0
613 348 0
621 351 0
630 352 0
638 352 0
642 352 1
702 303 0
698 305 0
693 307 0
686 318 0
678 331 0
676 340 0
677 347 0
678 350 0
682 354 0
692 351 0
709 334 0
725 313 0
735 287 0
739 262 0
741 252 0
740 250 0
740 247 0
740 243 0
732 269 0
726 295 0
724 315 0
726 328 0
732 338 0
747 345 0
769 350 0
791 354 1
