can
477 337 0
472 337 0
463 345 0
454 358 0
448 372 0
447 382 0
450 393 0
457 402 0
473 405 0
490 407 0
507 408 1
581 366 0
574 365 0
566 362 0
554 359 0
545 357 0
535 357 0
528 358 0
521 364 0
513 376 0
508 393 0
508 404 0
511 412 0
517 414 0
528 411 0
549 396 0
562 382 0
569 373 0
573 366 0
575 364 0
578 361 0
578 366 0
577 372 0
576 376 0
581 385 0
587 389 0
594 388 0
608 381 0
626 368 0
633 363 0
637 360 0
640 360 0
641 366 0
642 378 0
644 388 0
645 393 0
647 397 0
652 394 0
662 388 0
675 380 0
687 375 0
695 374 0
699 375 0
703 378 0
705 380 1
