want
430 331 0
430 345 0
430 362 0
431 371 0
433 376 0
439 378 0
445 378 0
452 376 0
461 375 0
467 377 0
475 381 0
481 384 0
486 386 0
492 386 0
498 384 0
504 378 0
508 372 0
509 366 0
509 359 0
509 352 0
511 346 0
513 343 0
516 343 1
609 338 0
602 338 0
593 337 0
579 338 0
564 342 0
553 348 0
547 359 0
544 367 0
545 372 0
549 376 0
556 377 0
571 371 0
585 361 0
596 351 0
599 346 0
601 343 0
604 343 0
607 352 0
608 358 0
610 362 0
611 364 0
618 361 0
624 356 0
630 352 0
634 348 0
637 349 0
641 355 0
643 358 0
645 361 0
652 360 0
659 359 0
667 357 0
672 356 0
675 356 0
678 357 0
682 358 0
687 359 1
738 232 0
736 240 0
735 255 0
735 285 0
738 316 0
740 342 0
741 364 0
741 367 0
741 371 0
734 356 0
727 335 0
725 326 0
724 322 0
722 319 0
722 317 0
732 315 0
757 315 0
772 315 0
788 315 1
