none
445 327 0
449 336 0
451 349 0
453 367 0
454 376 0
455 381 0
456 384 0
468 378 0
481 367 0
490 359 0
497 355 0
504 356 0
507 361 0
510 368 0
512 372 0
516 375 0
524 375 1
589 339 0
580 343 0
573 345 0
569 350 0
565 358 0
565 367 0
569 374 0
575 377 0
586 377 0
597 371 0
605 363 0
607 356 0
607 349 0
606 345 0
600 339 0
596 337 0
594 338 0
601 338 0
616 333 0
630 330 0
637 332 0
644 338 0
648 346 0
652 354 0
654 359 0
657 362 0
662 362 0
670 359 0
675 357 0
678 357 0
683 356 0
688 357 0
694 364 0
702 369 0
710 372 0
723 373 0
745 367 0
754 360 0
765 349 0
769 341 0
768 333 0
766 330 0
762 331 0
757 342 0
760 359 0
768 369 0
786 372 0
806 374 1
