carlyle
460 320 0
455 320 0
450 321 0
443 323 0
436 326 0
427 332 0
417 346 0
409 367 0
410 377 0
412 382 0
421 385 0
439 382 0
456 378 0
461 377 1
530 355 0
531 351 0
526 344 0
521 339 0
514 335 0
504 337 0
494 342 0
485 359 0
482 375 0
484 381 0
494 384 0
507 377 0
518 367 0
524 358 0
526 354 0
529 350 0
533 357 0
534 363 0
538 369 0
542 372 0
546 373 0
550 375 0
558 376 0
563 379 0
565 375 0
565 366 0
565 358 0
566 354 0
567 349 0
578 345 0
588 343 0
596 340 0
607 334 0
618 326 0
629 312 0
640 291 0
644 275 0
645 264 0
646 259 0
645 254 0
642 251 0
633 252 0
627 258 0
619 273 0
617 278 0
613 303 0
617 345 0
625 365 0
632 370 0
643 371 0
653 366 0
657 364 0
662 359 0
665 357 0
668 357 0
672 363 0
674 366 0
677 369 0
680 372 0
689 367 0
697 363 0
705 357 0
710 354 0
713 353 0
717 356 0
720 369 0
725 395 0
724 417 0
717 437 0
708 450 0
704 452 0
699 451 0
694 447 0
689 420 0
695 396 0
708 380 0
716 374 0
727 361 1
766 357 0
770 354 0
778 337 0
789 311 0
795 287 0
797 268 0
798 255 0
797 249 0
794 245 0
786 262 0
768 310 0
761 335 0
757 352 0
756 363 0
758 371 0
763 376 0
773 377 0
789 370 0
814 354 0
827 340 0
833 331 0
835 326 0
836 324 0
819 341 0
807 361 0
804 370 0
804 378 0
807 380 0
824 379 0
842 375 0
860 372 1
