where
409 305 0
410 309 0
409 320 0
407 344 0
407 360 0
409 366 0
411 369 0
418 365 0
432 356 0
445 349 0
451 349 0
457 350 0
463 353 0
468 354 0
471 355 0
475 355 0
477 351 0
479 344 0
480 331 0
480 320 0
481 316 0
482 313 0
485 314 0
500 313 0
526 306 0
547 299 0
558 293 0
567 287 0
574 278 0
577 266 0
577 255 0
573 247 0
567 241 0
562 238 0
557 239 0
551 245 0
545 260 0
541 285 0
538 309 0
539 325 0
541 335 0
544 343 0
547 349 0
549 353 0
550 356 0
553 356 0
560 351 0
570 346 0
578 343 0
583 343 0
592 349 0
600 350 0
614 348 0
629 343 0
640 334 0
649 326 0
652 319 0
653 314 0
652 310 0
648 309 0
643 315 0
639 325 0
639 333 0
641 339 0
649 342 0
660 341 0
677 340 0
696 338 0
705 339 0
710 342 0
714 346 0
716 348 0
718 352 0
719 347 0
720 341 0
721 333 0
724 326 0
729 324 0
736 323 0
746 322 0
763 319 0
779 314 0
788 310 0
792 306 0
794 301 0
793 296 0
789 293 0
782 296 0
777 304 0
772 321 0
775 340 0
785 348 0
797 353 0
814 362 1
