december
299 330 0
292 333 0
285 333 0
275 334 0
264 335 0
254 337 0
244 345 0
235 359 0
232 371 0
232 381 0
235 388 0
242 390 0
252 388 0
275 371 0
295 346 0
312 320 0
326 293 0
335 270 0
338 260 0
341 253 0
342 249 0
322 300 0
313 331 0
311 347 0
313 362 0
317 373 0
327 377 0
342 376 0
364 365 0
376 354 0
385 341 0
388 332 0
387 327 0
385 324 0
378 324 0
370 328 0
362 337 0
354 355 0
352 370 0
355 378 0
361 384 0
378 387 0
405 385 0
426 382 1
461 322 0
454 327 0
444 333 0
433 344 0
427 355 0
425 365 0
426 373 0
433 380 0
446 384 0
472 381 0
499 366 0
519 350 0
527 340 0
530 334 0
529 331 0
525 331 0
517 334 0
511 336 0
507 339 0
499 349 0
497 358 0
498 363 0
503 369 0
513 371 0
534 367 0
558 357 0
574 347 0
586 337 0
591 333 0
595 331 0
596 341 0
596 350 0
595 360 0
595 366 0
596 368 0
603 363 0
616 353 0
628 345 0
635 341 0
639 339 0
642 338 0
646 347 0
648 355 0
650 360 0
659 360 0
669 356 0
680 350 0
688 348 0
693 349 0
698 352 0
702 355 0
707 358 1
733 271 0
733 279 0
734 289 0
733 302 0
734 319 0
736 326 0
740 329 0
748 331 0
759 334 0
767 339 0
770 342 0
775 347 0
770 355 0
762 362 0
751 369 0
743 372 1
810 345 0
814 348 0
817 349 0
821 348 0
823 344 0
822 339 0
815 333 0
810 334 0
807 340 0
803 350 0
802 362 0
802 372 0
807 377 0
818 378 0
838 376 0
856 372 0
864 371 0
869 371 0
873 372 0
877 373 0
879 376 0
882 379 0
884 363 0
883 347 0
885 334 0
888 329 0
900 325 0
910 325 0
931 320 1
