and
550 335 0
547 334 0
542 333 0
533 333 0
520 334 0
510 339 0
498 351 0
486 368 0
483 379 0
485 390 0
491 397 0
506 397 0
528 388 0
548 373 0
556 363 0
560 357 0
563 352 0
565 349 0
565 357 0
563 373 0
565 386 0
565 389 0
567 391 0
575 391 0
587 386 0
595 382 0
598 380 0
603 378 0
605 377 0
609 381 0
611 385 0
615 387 0
621 389 0
632 385 0
655 372 0
668 365 0
675 362 0
678 362 0
683 363 0
688 370 0
693 374 0
700 376 0
703 377 1
782 343 0
778 346 0
769 348 0
759 350 0
748 354 0
739 363 0
734 371 0
731 382 0
732 388 0
738 391 0
747 391 0
765 379 0
784 354 0
803 316 0
809 292 0
812 276 0
814 268 0
814 266 0
807 290 0
802 313 0
799 324 0
797 357 0
802 373 0
810 378 0
822 382 0
838 387 1
