are
437 293 0
437 288 0
426 280 0
400 273 0
385 276 0
375 285 0
357 307 0
349 328 0
346 344 0
349 354 0
356 359 0
365 356 0
384 348 0
404 331 0
414 320 0
419 314 0
422 310 0
424 307 0
424 316 0
425 330 0
427 344 0
435 349 0
444 349 0
457 345 0
478 329 0
487 322 0
489 319 0
493 318 0
493 323 0
491 335 0
491 342 0
491 346 0
491 349 0
491 338 0
491 326 0
492 315 0
493 311 0
494 306 0
497 301 0
505 299 0
514 299 0
524 302 0
540 302 0
556 304 0
571 301 0
579 298 0
583 295 0
585 289 0
579 282 0
572 279 0
566 278 0
558 281 0
550 290 0
544 304 0
544 321 0
550 336 0
567 346 0
586 351 0
603 354 1
