you
488 280 0
489 286 0
489 304 0
492 324 0
496 333 0
504 337 0
512 336 0
516 334 0
535 322 0
547 314 0
552 312 0
556 310 0
558 309 0
561 310 0
562 333 0
560 363 0
557 390 0
550 410 0
536 432 0
521 447 0
512 451 0
507 450 0
502 439 0
510 413 0
528 384 0
562 348 0
582 330 0
602 314 0
612 307 0
615 305 0
620 305 0
620 313 0
620 323 0
623 332 0
628 335 0
634 333 0
639 326 0
640 318 0
638 308 0
631 296 0
626 288 0
623 285 0
636 287 0
661 286 0
674 283 0
684 281 0
689 280 0
693 281 0
695 284 0
696 292 0
696 300 0
696 312 0
701 318 0
708 318 0
718 315 0
737 303 0
743 299 0
749 297 0
752 308 0
757 317 0
768 325 0
783 333 0
790 337 1
