you
466 302 0
466 308 0
466 310 0
464 320 0
461 349 0
467 362 0
473 361 0
494 348 0
513 332 0
522 325 0
526 322 0
528 320 0
533 327 0
532 345 0
530 374 0
525 401 0
521 420 0
513 442 0
503 451 0
493 457 0
477 456 0
468 450 0
462 441 0
464 426 0
479 401 0
493 382 0
510 365 0
553 336 0
560 331 0
563 329 0
565 329 0
567 329 0
569 332 0
571 337 0
572 342 0
573 346 0
581 350 0
590 349 0
601 342 0
603 334 0
601 326 0
593 318 0
588 314 0
584 310 0
581 309 0
588 312 0
598 311 0
611 309 0
622 306 0
648 294 0
658 291 0
661 291 0
664 296 0
662 307 0
660 324 0
661 334 0
662 339 0
665 344 0
671 342 0
680 337 0
690 328 0
695 323 0
698 320 0
700 321 0
705 330 0
712 339 0
727 347 0
744 354 0
761 361 1
