barrels
375 250 0
376 257 0
377 269 0
378 302 0
379 327 0
380 338 0
381 343 0
382 346 0
386 337 0
391 330 0
403 323 0
427 322 0
435 325 0
441 332 0
444 340 0
442 351 0
435 364 0
425 372 0
409 375 0
399 370 0
392 362 1
531 342 0
517 335 0
513 333 0
499 331 0
475 332 0
465 335 0
460 342 0
458 350 0
460 360 0
466 364 0
479 364 0
499 356 0
514 345 0
520 341 0
523 337 0
526 335 0
528 337 0
529 346 0
530 352 0
544 355 0
557 347 0
568 338 0
576 332 0
579 330 0
584 331 0
586 336 0
588 342 0
589 346 0
589 349 0
589 353 0
592 341 0
595 330 0
596 326 0
597 323 0
600 322 0
608 322 0
615 323 0
620 324 0
624 327 0
628 329 0
630 333 0
634 339 0
637 346 0
638 350 0
639 353 0
639 345 0
639 337 0
639 332 0
639 329 0
643 329 0
651 331 0
664 334 0
681 333 0
693 330 0
702 326 0
707 322 0
710 318 0
712 316 0
703 317 0
697 325 0
692 336 0
690 345 0
691 350 0
700 352 0
705 352 0
721 341 0
757 299 0
776 262 0
777 256 0
778 252 0
779 247 0
775 246 0
767 248 0
757 258 0
745 280 0
737 302 0
738 326 0
742 342 0
748 351 0
759 356 0
775 366 1
841 301 0
833 305 0
829 308 0
826 314 0
826 320 0
829 327 0
833 334 0
836 339 0
837 343 0
837 347 0
829 353 0
814 364 0
807 370 1
