and
559 358 0
558 354 0
553 349 0
542 344 0
528 341 0
512 341 0
498 348 0
490 359 0
484 373 0
483 385 0
486 394 0
491 397 0
503 395 0
516 390 0
524 385 0
541 370 0
546 365 0
549 363 0
551 362 0
554 366 0
556 375 0
561 388 0
570 396 0
588 393 0
624 374 0
644 360 0
656 350 0
661 345 0
664 343 0
669 354 0
669 363 0
669 369 0
669 374 0
669 376 0
672 376 0
694 363 0
714 354 0
720 354 0
723 354 0
728 355 0
731 362 0
735 368 0
739 373 0
742 377 1
853 342 0
846 342 0
835 343 0
819 347 0
800 356 0
782 369 0
775 376 0
777 384 0
784 388 0
800 384 0
826 370 0
848 348 0
864 324 0
874 299 0
878 286 0
878 280 0
878 274 0
878 269 0
873 296 0
867 333 0
864 361 0
865 375 0
870 384 0
884 390 0
905 400 1
