larities
378 350 0
387 344 0
404 319 0
426 278 0
435 255 0
435 247 0
435 241 0
433 236 0
426 244 0
404 273 0
383 310 0
381 330 0
378 358 0
378 381 0
379 396 0
384 403 0
386 404 1
481 335 0
472 337 0
465 341 0
453 352 0
439 370 0
433 380 0
432 387 0
436 390 0
443 388 0
459 375 0
468 364 0
473 358 0
475 354 0
477 351 0
479 354 0
479 363 0
481 374 0
484 380 0
491 381 0
504 377 0
515 372 0
520 369 0
524 368 0
529 370 0
532 374 0
533 377 0
534 380 0
537 372 0
546 354 0
556 338 0
562 332 0
573 330 0
585 331 0
591 332 0
596 335 0
598 341 0
598 351 0
598 363 0
596 382 1
660 239 0
662 247 0
663 264 0
660 294 0
658 322 0
656 337 0
655 345 0
654 354 0
653 360 0
653 366 0
653 372 0
653 375 0
653 378 0
653 382 0
648 373 0
646 366 0
646 359 0
648 354 0
649 351 0
656 346 0
664 340 0
669 337 0
671 336 0
674 336 0
679 340 0
682 342 0
684 344 0
687 346 0
689 349 0
691 355 0
696 363 0
704 367 0
710 368 0
724 365 0
736 360 0
746 353 0
754 342 0
758 333 0
759 328 0
760 324 0
757 323 0
750 334 0
746 343 0
745 355 0
748 364 0
755 366 1
815 310 0
807 320 0
806 328 0
809 335 0
818 341 0
828 346 0
835 349 0
838 354 0
836 360 0
826 369 0
807 377 0
796 381 0
779 387 1
727 266 0
725 270 1
592 253 0
584 262 0
580 267 1
