provisions
417 333 0
424 354 0
432 388 0
434 412 0
435 420 0
435 423 0
425 381 0
424 360 0
427 347 0
437 332 0
458 319 0
474 313 0
485 313 0
491 314 0
494 318 0
493 327 0
488 337 0
482 344 0
475 345 0
470 343 1
520 333 0
522 337 0
523 351 0
521 362 0
520 366 0
520 369 0
516 356 0
514 348 0
516 341 0
519 336 0
530 330 0
537 328 0
544 328 0
546 329 0
552 331 0
554 336 0
558 343 0
561 347 0
570 352 0
577 352 0
585 348 0
591 343 0
592 337 0
587 328 0
579 320 0
573 320 0
570 322 1
629 313 0
630 317 0
634 332 0
637 340 0
638 345 0
640 349 0
644 348 0
654 337 0
666 323 0
676 310 1
706 308 0
706 311 0
705 322 0
704 330 0
704 339 0
705 347 0
707 353 0
707 356 0
713 359 1
784 313 0
779 314 0
772 316 0
770 318 0
769 322 0
771 326 0
775 333 0
779 340 0
781 343 0
784 348 0
783 350 0
777 354 1
800 318 0
800 322 0
800 326 0
800 332 0
801 338 0
803 343 0
807 347 0
818 352 0
833 358 0
840 361 1
881 313 0
864 318 0
851 324 0
842 329 0
836 336 0
834 343 0
835 347 0
848 350 0
867 346 0
886 334 0
893 324 0
896 318 0
898 313 0
899 308 0
901 313 0
908 313 0
910 313 0
913 313 0
916 314 0
919 318 0
921 325 0
923 333 0
924 337 0
926 341 0
938 338 0
955 328 0
965 323 0
970 321 0
973 319 0
975 320 0
978 324 0
980 328 0
983 333 1
1050 297 0
1045 299 0
1035 303 0
1027 307 0
1024 312 0
1022 316 0
1028 322 0
1035 329 0
1039 332 0
1043 337 0
1042 340 0
1033 347 1
822 247 0
819 251 1
707 235 0
705 240 1
