and
565 318 0
555 315 0
541 314 0
529 316 0
517 324 0
508 340 0
501 362 0
504 369 0
510 374 0
528 372 0
551 363 0
561 357 0
566 353 0
569 350 0
573 345 0
575 344 0
578 354 0
582 361 0
587 364 0
598 360 0
617 346 0
625 336 0
630 331 0
635 328 0
637 334 0
640 345 0
642 351 0
644 354 0
648 354 0
659 347 0
671 338 0
680 333 0
686 330 0
690 329 0
694 332 0
696 335 0
698 340 0
701 346 0
708 350 1
820 314 0
815 315 0
803 317 0
781 321 0
770 326 0
759 333 0
752 340 0
749 348 0
750 356 0
755 359 0
773 353 0
799 336 0
817 317 0
830 296 0
837 277 0
842 261 0
844 252 0
846 249 0
847 245 0
844 256 0
837 283 0
831 310 0
828 322 0
830 337 0
842 355 0
860 364 0
876 370 1
