country
423 313 0
417 314 0
407 317 0
395 324 0
387 334 0
380 348 0
375 361 0
377 372 0
380 378 0
393 383 0
412 388 1
473 337 0
469 339 0
464 344 0
457 356 0
453 367 0
454 373 0
460 376 0
469 377 0
487 370 0
500 361 0
504 354 0
508 346 0
506 337 0
502 331 0
496 327 0
488 329 0
478 336 0
473 344 1
544 324 0
547 336 0
548 338 0
551 352 0
553 364 0
557 371 0
561 373 0
568 376 0
575 374 0
579 371 0
584 366 0
586 361 0
587 358 0
590 352 0
591 347 0
594 355 0
598 363 0
603 371 0
621 368 0
641 353 0
650 341 0
654 335 0
657 330 0
658 328 0
662 341 0
663 349 0
664 356 0
665 360 0
669 360 0
672 358 0
677 354 0
679 352 0
683 351 0
686 353 0
689 357 0
693 364 1
744 238 0
744 244 0
747 265 0
747 294 0
746 322 0
746 348 0
744 366 0
744 373 0
744 377 0
744 379 0
740 379 0
731 366 0
727 354 0
723 346 0
721 339 0
721 333 0
723 329 0
732 326 0
748 328 0
766 331 0
773 333 0
776 336 0
780 339 0
783 345 0
785 351 0
787 355 0
789 358 0
790 360 0
792 351 0
792 340 0
794 333 0
794 330 0
797 326 0
800 325 0
811 323 0
816 323 0
820 323 0
824 323 0
826 323 0
827 328 0
828 339 0
830 349 0
837 355 0
848 357 0
857 355 0
864 350 0
868 344 0
873 334 0
875 330 0
877 327 0
877 340 0
876 362 0
873 389 0
870 411 0
862 430 0
843 445 0
825 453 0
816 451 0
811 447 0
813 436 0
837 408 0
878 372 0
890 361 1
