day
529 337 0
526 333 0
517 328 0
505 324 0
492 323 0
474 329 0
464 339 0
457 355 0
452 368 0
455 376 0
474 376 0
505 353 0
530 324 0
543 299 0
550 276 0
554 268 0
555 264 0
557 261 0
550 273 0
542 294 0
536 323 0
533 352 0
534 371 0
537 377 0
545 381 0
560 380 0
581 376 1
648 332 0
636 330 0
625 329 0
618 330 0
616 332 0
609 336 0
601 347 0
595 361 0
595 367 0
598 370 0
607 368 0
617 363 0
626 357 0
633 349 0
637 342 0
639 340 0
642 340 0
643 345 0
644 352 0
649 358 0
657 361 0
668 360 0
677 358 0
683 354 0
691 346 0
695 341 0
698 337 0
700 342 0
700 347 0
706 353 0
715 353 0
725 348 0
735 341 0
742 336 0
746 334 0
752 346 0
756 366 0
754 394 0
747 418 0
734 435 0
722 444 0
708 443 0
698 436 0
696 425 0
708 398 0
751 358 0
765 345 0
775 335 1
