walker
335 322 0
337 329 0
343 355 0
356 374 0
363 376 0
372 375 0
380 370 0
387 365 0
391 363 0
394 363 0
405 372 0
411 377 0
419 380 0
429 378 0
438 372 0
446 365 0
450 354 0
454 343 0
455 335 1
543 335 0
537 333 0
525 332 0
510 332 0
502 334 0
495 340 0
491 350 0
487 363 0
488 370 0
493 374 0
504 373 0
520 364 0
535 351 0
541 346 0
545 343 0
547 343 0
552 351 0
556 357 0
565 357 0
584 350 0
598 341 0
610 328 0
638 280 0
642 257 0
641 251 0
630 248 0
621 256 0
607 276 0
594 302 0
588 330 0
591 354 0
595 365 0
606 370 0
616 373 0
632 378 1
664 262 0
665 269 0
666 284 0
667 308 0
667 322 0
667 338 0
665 360 0
663 375 0
663 382 1
713 313 0
703 317 0
690 327 0
679 338 0
677 347 0
677 356 0
680 363 0
694 364 0
720 353 0
743 338 0
754 327 0
756 324 0
758 319 0
748 320 0
746 322 0
739 333 0
737 353 0
742 363 0
752 370 0
770 369 0
784 363 0
793 358 0
799 356 0
801 363 0
802 367 0
803 370 0
803 373 0
803 368 0
802 357 0
802 347 0
802 340 0
806 336 0
819 332 0
838 325 0
844 323 1
