order
514 332 0
509 330 0
498 326 0
483 324 0
469 329 0
462 338 0
458 354 0
458 366 0
464 373 0
474 372 0
496 363 0
508 350 0
513 342 0
515 334 0
516 330 0
521 332 0
526 334 0
535 335 0
545 335 0
551 335 0
555 336 0
559 339 0
561 345 0
564 352 0
565 357 0
565 362 0
564 349 0
565 340 0
567 333 0
570 329 0
577 326 0
584 325 0
595 325 0
612 324 1
675 318 0
667 317 0
656 316 0
643 317 0
629 322 0
617 331 0
609 343 0
606 354 0
606 362 0
612 366 0
623 363 0
642 348 0
659 324 0
672 298 0
682 275 0
689 259 0
692 251 0
691 265 0
685 290 0
681 316 0
680 334 0
683 350 0
689 360 0
700 362 0
714 358 0
735 344 0
742 330 0
744 325 0
745 320 0
745 318 0
738 324 0
733 335 0
731 345 0
734 353 0
741 360 0
750 360 0
765 357 0
774 356 0
782 357 0
786 359 0
789 362 0
792 364 0
795 351 0
800 334 0
804 327 0
809 322 0
818 318 0
832 314 0
841 311 0
857 305 1
