gw
555 313 0
550 313 0
539 313 0
523 317 0
504 331 0
495 343 0
491 356 0
491 367 0
496 372 0
507 369 0
529 357 0
547 340 0
555 331 0
558 328 0
561 326 0
565 337 0
571 360 0
574 387 0
574 412 0
571 428 0
554 444 0
529 454 0
509 453 0
505 446 0
515 430 0
544 392 0
570 363 0
588 345 0
596 335 0
599 330 0
602 326 0
605 324 0
608 340 0
613 356 0
622 367 0
629 367 0
639 362 0
649 355 0
656 346 0
661 338 0
662 336 0
664 334 0
670 343 0
672 347 0
678 351 0
686 351 0
694 348 0
702 340 0
704 332 0
705 325 0
707 321 0
709 319 0
719 317 1
