29th
427 267 0
434 269 0
446 270 0
464 273 0
482 276 0
490 279 0
496 282 0
500 286 0
501 291 0
500 299 0
491 318 0
480 339 0
473 355 0
470 366 0
471 373 0
477 377 0
497 377 0
521 375 1
617 302 0
614 301 0
604 296 0
592 291 0
579 286 0
567 284 0
556 285 0
550 289 0
545 297 0
541 309 0
543 320 0
552 327 0
570 326 0
590 319 0
599 314 0
602 312 0
607 310 0
609 310 0
609 329 0
608 353 0
610 365 0
612 374 0
615 391 1
738 262 0
738 265 0
735 277 0
729 301 0
726 328 0
723 349 0
718 362 0
715 372 0
714 379 0
712 382 0
705 374 0
699 358 0
695 348 0
694 345 0
693 340 0
693 338 0
700 337 0
715 336 0
752 329 0
768 326 1
787 262 0
787 271 0
782 290 0
775 314 0
772 331 0
770 339 0
770 344 0
773 349 0
784 350 0
800 346 0
810 344 0
814 343 0
818 343 0
821 348 0
825 354 0
827 360 0
832 365 0
843 368 0
856 368 0
875 367 1
