lewis
493 257 0
492 269 0
490 280 0
488 287 0
482 337 0
481 373 0
484 386 0
489 395 0
501 400 0
515 404 0
524 405 1
552 368 0
555 371 0
559 373 0
562 373 0
568 369 0
571 363 0
572 358 0
570 352 0
568 347 0
563 344 0
557 345 0
551 358 0
550 370 0
551 375 0
561 385 0
575 387 0
587 384 0
596 376 0
605 365 0
607 362 0
612 359 0
614 357 0
617 367 0
621 373 0
626 377 0
633 378 0
643 376 0
652 371 0
658 367 0
662 366 0
665 366 0
668 371 0
670 375 0
674 376 0
680 373 0
682 372 0
689 360 0
693 352 0
694 348 0
697 342 1
732 329 0
733 333 0
733 340 0
732 347 0
733 357 0
735 366 0
740 371 0
749 373 0
761 372 0
778 368 0
783 367 1
830 317 0
821 324 0
816 327 0
813 330 0
813 334 0
815 337 0
821 342 0
826 348 0
831 353 0
833 359 0
831 365 0
825 371 0
815 376 0
801 382 0
796 384 1
746 262 0
742 269 1
