virginia
261 275 0
264 279 0
270 296 0
276 320 0
279 332 0
282 340 0
284 347 0
287 350 0
296 342 0
323 302 0
333 288 0
337 288 1
369 287 0
370 290 0
369 302 0
368 317 0
369 334 0
372 344 0
374 347 0
383 346 0
395 338 0
407 328 0
414 323 0
418 320 0
421 319 0
423 320 0
426 325 0
427 333 0
428 337 0
430 341 0
430 331 0
431 326 0
433 322 0
438 317 0
444 312 0
454 307 1
513 295 0
508 298 0
502 299 0
496 305 0
494 313 0
493 317 0
494 322 0
498 320 0
505 316 0
510 316 0
517 325 0
524 343 0
528 367 0
525 382 0
516 397 0
501 409 0
489 414 0
481 413 0
478 407 0
480 397 0
491 374 0
510 350 0
526 331 0
541 317 0
550 310 0
556 305 0
558 304 0
558 307 0
559 317 0
559 325 0
560 329 0
565 333 0
576 330 0
587 324 0
596 318 0
601 314 0
604 311 0
608 310 0
611 313 0
610 317 0
610 323 0
613 326 0
620 326 0
630 322 0
640 318 0
649 315 0
655 313 0
658 313 0
661 316 0
666 323 0
669 327 0
675 325 0
682 321 0
685 319 0
690 316 0
693 314 0
696 315 0
698 321 0
700 323 0
704 327 0
711 329 0
722 327 0
729 324 0
732 323 0
737 320 1
791 313 0
780 308 0
773 305 0
770 305 0
764 307 0
762 316 0
761 325 0
762 333 0
766 337 0
773 337 0
780 332 0
787 326 0
793 321 0
795 319 0
798 318 0
801 327 0
807 333 0
825 335 0
843 336 0
850 337 1
412 199 0
401 208 1
576 224 0
572 226 0
566 231 0
561 236 1
709 226 0
706 230 1
