are
546 330 0
546 327 0
537 324 0
523 323 0
509 326 0
498 334 0
489 349 0
484 371 0
492 381 0
520 374 0
555 350 0
564 337 0
569 330 0
571 327 0
574 335 0
574 347 0
575 360 0
576 366 0
579 370 0
584 369 0
586 369 0
590 367 0
594 366 0
598 367 0
600 368 0
603 372 0
605 375 0
608 370 0
609 353 0
609 344 0
609 340 0
609 336 0
613 335 0
620 336 0
628 337 0
640 339 0
653 339 0
663 337 0
670 334 0
676 329 0
681 325 0
684 320 0
685 317 0
682 314 0
677 311 0
669 308 0
666 308 0
663 324 0
666 359 0
676 377 0
686 384 0
701 393 1
