and
545 319 0
535 319 0
523 320 0
509 324 0
497 330 0
485 342 0
477 359 0
474 371 0
474 375 0
483 377 0
503 369 0
518 358 0
525 351 0
530 344 0
534 338 0
536 336 0
539 345 0
544 355 0
551 361 0
562 360 0
577 354 0
589 346 0
595 341 0
598 339 0
600 338 0
604 343 0
605 348 0
608 351 0
614 352 0
620 351 0
629 346 0
638 341 0
646 337 0
652 337 0
655 337 0
658 340 0
665 345 1
789 306 0
776 307 0
757 309 0
741 312 0
731 318 0
722 327 0
717 337 0
715 350 0
715 358 0
721 360 0
738 351 0
761 330 0
778 304 0
788 277 0
794 255 0
795 246 0
796 242 0
796 245 0
793 264 0
789 293 0
787 320 0
792 338 0
803 345 0
824 353 0
845 360 1
