cised
451 306 0
443 303 0
433 304 0
421 311 0
413 321 0
407 337 0
406 355 0
410 366 0
420 371 0
438 369 0
463 358 0
483 342 0
497 326 0
501 322 0
503 320 0
505 320 0
506 329 0
506 339 0
509 351 0
515 361 0
523 363 0
529 363 1
611 302 0
602 304 0
593 308 0
584 314 0
579 321 0
580 327 0
585 331 0
596 336 0
604 340 0
608 342 0
612 346 0
610 349 0
605 353 0
595 355 0
582 356 0
572 357 1
653 329 0
657 332 0
660 330 0
664 321 0
665 318 0
665 316 0
661 314 0
658 316 0
654 331 0
654 339 0
659 347 0
669 351 0
682 355 0
692 358 1
770 323 0
763 323 0
752 323 0
737 324 0
727 328 0
714 334 0
709 341 0
706 350 0
708 360 0
712 365 0
725 364 0
746 355 0
764 335 0
776 316 0
781 292 0
787 272 0
789 261 0
790 254 0
791 252 0
786 260 0
780 298 0
780 342 0
786 351 0
792 358 0
810 359 0
827 359 0
843 358 1
535 224 0
528 231 1
