imagine
313 282 0
310 299 0
308 323 0
307 342 0
311 350 0
317 352 0
325 350 0
335 344 0
343 335 0
347 330 0
351 326 0
354 324 0
356 324 0
357 329 0
356 339 0
357 351 0
359 360 0
362 362 0
369 358 0
378 350 0
392 331 0
400 320 0
404 317 0
408 316 0
409 326 0
409 332 0
409 334 0
420 331 0
431 326 0
440 323 0
445 322 0
449 324 0
453 331 0
456 335 0
458 338 1
552 302 0
542 300 0
532 300 0
521 303 0
511 310 0
505 319 0
502 327 0
502 333 0
504 335 0
512 335 0
520 329 0
529 323 0
535 319 0
537 317 0
540 317 0
544 322 0
549 328 0
560 334 0
575 339 0
582 342 1
638 296 0
632 296 0
625 297 0
617 302 0
611 309 0
607 316 0
605 322 0
606 326 0
613 324 0
618 319 0
621 316 0
623 315 0
628 323 0
633 341 0
633 367 0
631 387 0
623 405 0
615 414 0
606 418 0
599 418 0
595 408 0
599 394 0
615 367 0
642 335 0
668 311 0
675 303 0
677 299 0
680 295 0
683 296 0
682 305 0
680 320 0
680 334 0
682 340 0
691 340 0
701 336 0
712 329 0
723 321 0
729 318 0
734 315 0
736 313 0
738 313 0
738 317 0
740 324 0
744 328 0
763 319 0
777 311 0
786 307 0
789 307 0
793 309 0
794 313 0
796 321 0
801 330 0
808 336 0
821 334 0
842 324 0
857 312 0
865 299 0
868 291 0
868 286 0
863 283 0
854 287 0
836 300 0
829 311 0
829 323 0
840 331 0
869 332 0
892 333 1
718 213 0
709 220 1
346 196 0
333 206 0
318 216 0
303 225 1
