awkward
315 325 0
306 321 0
297 319 0
286 317 0
274 318 0
266 321 0
256 330 0
248 344 0
244 364 0
246 374 0
254 379 0
267 378 0
292 362 0
311 345 0
318 335 0
320 332 0
323 339 0
322 353 0
322 364 0
323 367 0
329 367 0
336 361 0
343 356 0
347 350 0
351 343 0
353 338 0
354 334 0
356 331 0
359 343 0
362 360 0
367 366 0
373 370 0
381 368 0
389 363 0
395 357 0
400 351 0
404 347 0
407 344 0
411 354 0
414 361 0
415 364 0
420 365 0
430 362 0
437 356 0
441 350 0
445 340 0
446 335 0
449 332 1
484 247 0
484 258 0
484 279 0
484 305 0
483 322 0
484 339 0
482 357 0
481 368 1
515 318 0
518 318 0
512 326 0
506 329 0
502 332 0
500 334 0
498 337 0
499 342 0
501 346 0
506 349 0
512 350 0
518 349 0
522 348 0
524 347 0
527 347 0
529 346 0
533 344 0
536 345 0
538 348 0
547 358 0
553 362 0
561 361 0
571 357 0
578 352 0
584 347 0
589 345 0
592 344 0
595 351 0
597 354 0
602 355 0
607 349 0
610 339 0
611 337 0
614 335 1
683 334 0
675 327 0
668 325 0
661 326 0
657 330 0
654 338 0
651 347 0
650 356 0
651 361 0
658 359 0
664 354 0
668 348 0
672 344 0
675 342 0
677 346 0
690 353 0
704 354 0
715 353 0
721 353 0
725 353 0
728 352 0
732 355 0
734 355 0
734 344 0
737 334 0
740 328 0
747 323 0
756 321 0
767 319 0
789 314 1
836 330 0
832 326 0
824 322 0
816 320 0
808 320 0
801 324 0
790 332 0
787 339 0
787 350 0
791 359 0
798 362 0
811 361 0
830 347 0
844 325 0
853 300 0
855 283 0
856 277 0
856 274 0
852 283 0
849 300 0
849 325 0
850 340 0
854 351 0
863 356 1
