letters
366 348 0
374 342 0
390 327 0
408 305 0
423 282 0
431 261 0
433 252 0
433 248 0
430 243 0
421 246 0
404 258 0
377 294 0
364 320 0
354 348 0
350 369 0
351 382 0
359 391 0
371 392 0
400 378 0
423 359 0
440 341 0
446 332 0
447 328 0
448 326 0
444 326 0
438 335 0
432 348 0
430 367 0
431 375 0
435 379 0
443 380 0
452 376 0
470 369 1
490 255 0
490 259 0
489 265 0
489 277 0
489 300 0
488 327 0
489 350 0
489 362 0
488 370 0
487 377 0
485 365 0
484 357 0
484 349 0
485 342 0
487 338 0
491 333 0
504 325 0
526 308 1
532 253 0
532 256 0
533 260 0
531 270 0
528 295 0
525 322 0
524 347 0
523 360 0
523 367 0
523 370 0
523 361 0
522 353 0
522 348 0
522 343 0
530 343 0
538 344 0
547 343 0
557 340 0
565 332 0
567 327 0
567 322 0
562 318 0
556 316 0
550 320 0
547 329 0
545 339 0
549 355 0
554 363 0
559 365 0
568 363 0
579 358 0
586 355 0
589 354 0
592 354 0
594 357 0
598 362 0
601 365 0
604 368 0
599 358 0
599 353 0
599 349 0
598 343 0
601 338 0
606 335 1
678 306 0
674 308 0
665 311 0
651 318 0
645 323 0
642 328 0
644 331 0
650 336 0
658 343 0
664 349 0
667 354 0
665 361 0
660 367 0
652 369 0
648 369 1
