whatever
341 339 0
341 345 0
342 354 0
350 367 0
377 368 0
394 359 0
404 353 0
409 350 0
413 348 0
416 350 0
419 358 0
424 367 0
429 372 0
436 371 0
443 366 0
448 359 0
451 348 0
452 340 0
453 334 0
454 331 1
493 244 0
496 274 0
497 305 0
497 332 0
496 354 0
496 362 0
496 366 0
499 367 0
505 360 0
515 350 0
522 343 0
528 339 0
535 337 0
538 338 0
542 340 0
546 346 0
548 351 1
630 321 0
621 321 0
611 323 0
598 328 0
586 339 0
578 348 0
576 356 0
577 364 0
581 367 0
591 365 0
609 353 0
621 341 0
626 335 0
629 333 0
633 333 0
636 340 0
639 349 0
645 354 1
698 223 0
700 232 0
699 250 0
697 281 0
693 309 0
691 330 0
689 341 0
688 348 0
687 353 0
686 355 0
682 341 0
678 332 0
676 327 0
674 322 0
674 320 0
678 319 1
742 318 0
745 322 0
750 326 0
758 325 0
766 321 0
771 316 0
775 311 0
775 307 0
774 303 0
768 301 0
760 304 0
753 309 0
747 323 0
746 337 0
748 346 0
754 353 0
766 357 0
784 363 1
812 297 0
815 300 0
816 304 0
819 320 0
822 333 0
824 341 0
826 346 0
828 350 0
835 342 0
843 331 0
850 322 0
858 314 1
879 313 0
887 320 0
893 320 0
897 319 0
900 316 0
902 311 0
895 319 0
894 328 0
895 336 0
899 344 0
905 348 0
916 349 0
929 345 0
938 341 0
941 341 0
944 341 0
948 342 0
951 345 0
954 347 0
955 340 0
958 324 0
962 315 0
967 309 0
976 303 0
989 298 0
1012 284 1
