pork
388 281 0
392 309 0
394 372 0
392 395 0
390 406 0
390 411 0
388 414 0
384 389 0
382 342 0
392 311 0
410 289 0
431 275 0
444 273 0
455 277 0
460 284 0
462 295 0
459 307 0
446 323 0
435 330 0
425 332 0
418 331 1
523 308 0
516 317 0
510 331 0
510 339 0
514 344 0
525 346 0
544 339 0
559 326 0
564 315 0
564 302 0
554 282 0
542 271 0
533 270 0
515 280 0
498 300 0
493 312 0
484 327 1
600 296 0
602 304 0
601 316 0
598 333 0
597 341 0
597 344 0
596 346 0
595 334 0
595 318 0
595 307 0
595 299 0
596 296 0
604 289 0
617 284 0
630 280 0
644 273 1
676 194 0
676 198 0
676 209 0
674 248 0
669 295 0
667 305 0
662 321 0
658 337 0
657 344 0
653 358 1
723 273 0
700 288 0
680 300 0
671 307 0
669 315 0
670 324 0
679 332 0
688 339 0
701 350 1
