happen
399 258 0
400 262 0
401 265 0
402 272 0
403 291 0
402 318 0
403 349 0
404 368 0
406 376 0
410 379 0
419 373 0
432 362 0
444 351 0
447 348 0
451 347 0
454 347 0
456 358 0
458 367 0
460 371 0
470 372 1
546 324 0
542 324 0
534 325 0
527 328 0
518 332 0
512 339 0
505 350 0
503 360 0
503 366 0
507 369 0
513 367 0
519 363 0
523 361 0
529 357 0
531 357 0
535 356 0
537 357 0
545 364 0
555 365 0
562 365 0
568 365 0
586 363 1
592 346 0
594 350 0
594 364 0
597 385 0
598 411 0
599 423 0
600 428 0
600 432 0
596 408 0
593 378 0
596 356 0
603 341 0
615 331 0
626 327 0
632 328 0
640 334 0
641 339 0
641 344 0
634 349 1
685 359 0
686 364 0
687 377 0
688 405 0
687 421 0
686 429 0
685 433 0
684 435 0
680 400 0
678 370 0
683 341 0
690 326 0
701 318 0
713 315 0
721 316 0
724 317 0
726 321 0
726 333 0
719 350 0
710 362 1
747 352 0
752 354 0
756 353 0
764 351 0
769 345 0
773 338 0
775 331 0
775 327 0
775 324 0
772 322 0
769 324 0
764 331 0
760 345 0
758 360 0
760 366 0
771 367 0
797 353 0
811 339 0
817 332 0
819 330 0
822 331 0
823 335 0
824 342 0
825 351 0
826 357 0
829 363 0
835 360 0
846 353 0
860 345 0
866 343 0
870 343 0
874 345 0
876 349 0
877 354 0
879 361 0
886 366 1
