them
440 271 0
442 286 0
438 313 0
430 343 0
427 363 0
426 369 0
429 392 0
438 402 0
447 402 0
456 400 0
475 395 1
414 353 0
422 353 0
442 345 0
464 336 0
466 335 1
492 283 0
492 302 0
490 327 0
490 358 0
491 378 0
491 385 0
491 389 0
491 393 0
495 393 0
507 381 0
520 367 0
525 364 0
528 364 0
534 373 0
542 379 0
555 382 0
573 377 0
593 363 0
603 349 0
605 344 0
606 341 0
605 336 0
600 336 0
596 339 0
587 350 0
582 363 0
583 372 0
588 377 0
594 379 0
599 378 0
605 374 0
613 366 0
620 357 0
623 354 0
627 350 0
629 350 0
634 359 0
637 364 0
640 369 0
642 373 0
645 373 0
647 373 0
659 362 0
666 356 0
670 354 0
673 352 0
676 355 0
682 363 0
692 364 0
709 361 0
725 357 0
730 357 0
734 357 0
745 362 0
751 367 0
760 371 1
