for
526 334 0
529 334 0
550 320 0
579 293 0
596 270 0
603 250 0
602 237 0
599 226 0
594 221 0
587 224 0
576 236 0
563 258 0
561 268 0
555 318 0
553 364 0
554 379 0
556 390 0
557 398 0
557 402 0
558 404 0
559 407 0
560 397 0
556 374 0
551 351 0
547 337 0
547 331 0
558 331 0
582 329 0
611 325 0
632 319 0
639 317 0
644 316 0
648 315 0
650 315 0
643 322 0
635 334 0
632 345 0
634 353 0
640 357 0
651 355 0
663 348 0
670 339 0
671 329 0
669 321 0
665 315 0
662 311 0
658 307 0
673 310 0
689 309 0
705 310 0
712 311 0
716 313 0
721 319 0
724 329 0
726 336 0
727 341 0
728 343 0
728 332 0
727 316 0
727 310 0
727 307 0
731 308 0
746 310 0
768 312 1
