every
454 340 0
464 341 0
488 328 0
503 317 0
508 309 0
510 302 0
508 298 0
503 297 0
497 300 0
486 309 0
471 332 0
464 351 0
463 362 0
466 370 0
472 374 0
486 373 0
504 369 0
523 363 1
560 302 0
560 307 0
561 315 0
563 345 0
566 361 0
567 366 0
568 369 0
572 367 0
580 357 0
591 345 0
596 337 0
602 332 1
638 333 0
643 337 0
646 338 0
655 333 0
666 323 0
669 317 0
670 310 0
659 316 0
647 338 0
646 353 0
648 361 0
656 365 0
669 363 0
691 354 0
704 348 0
710 346 0
714 347 0
717 349 0
720 352 0
722 356 0
723 349 0
723 335 0
724 326 0
725 322 0
728 320 0
732 317 0
736 317 0
741 316 0
747 315 0
751 315 0
754 315 0
757 315 0
759 316 0
762 328 0
763 339 0
764 347 0
767 350 0
773 348 0
782 341 0
792 332 0
799 325 0
802 323 0
804 322 0
807 321 0
815 336 0
821 362 0
824 391 0
825 416 0
822 427 0
812 438 0
802 439 0
798 439 0
782 427 0
785 402 0
815 370 0
842 347 0
848 342 1
