not
510 321 0
513 325 0
515 337 0
516 361 0
516 372 0
517 380 0
518 386 0
519 392 0
520 396 0
521 398 0
539 374 0
555 357 0
561 353 0
565 351 0
568 361 0
571 370 0
573 377 0
578 381 0
585 382 0
601 375 0
613 371 0
626 363 1
649 341 0
645 352 0
642 364 0
641 374 0
643 381 0
648 383 0
658 381 0
667 374 0
675 365 0
678 362 0
678 355 0
675 343 0
669 337 0
664 339 0
658 343 1
738 242 0
736 251 0
732 275 0
727 300 0
725 323 0
723 349 0
723 364 0
723 375 0
723 384 0
722 387 0
723 392 0
718 365 0
714 340 0
712 329 0
711 325 0
711 322 0
715 324 0
724 327 0
745 333 0
766 338 1
