necessary
243 312 0
247 321 0
251 342 0
253 361 0
256 369 0
259 371 0
265 365 0
297 329 0
305 323 0
310 322 0
315 319 0
319 321 0
323 328 0
327 338 0
331 348 0
335 355 0
344 357 0
355 354 0
374 341 0
389 327 0
394 320 0
396 314 0
394 309 0
392 306 0
388 304 0
379 311 0
371 323 0
367 339 0
368 352 0
374 361 0
377 363 1
476 303 0
466 306 0
456 312 0
448 320 0
442 329 0
440 341 0
443 350 0
451 355 0
474 352 0
502 340 0
524 326 0
534 316 0
538 310 0
539 306 0
538 302 0
532 305 0
522 322 0
515 334 0
515 340 0
518 343 0
523 346 0
532 344 0
538 342 1
630 288 0
626 290 0
612 298 0
596 307 0
590 311 0
587 316 0
593 322 0
613 333 0
625 339 0
630 341 0
633 343 0
630 346 0
623 350 0
613 354 0
602 357 0
595 358 0
579 358 1
684 300 0
679 303 0
674 307 0
672 311 0
674 314 0
681 316 0
686 319 0
690 324 0
690 332 0
686 342 0
679 352 0
675 355 1
803 312 0
794 310 0
785 309 0
773 308 0
762 310 0
751 314 0
741 323 0
736 331 0
735 339 0
739 343 0
742 346 0
750 343 0
771 331 0
783 324 0
786 323 0
789 321 0
792 332 0
794 340 0
799 343 0
808 345 0
822 344 0
834 340 0
844 337 0
849 335 0
853 335 0
856 337 0
858 338 0
859 330 0
859 322 0
860 317 0
861 313 0
865 310 0
869 310 0
874 310 0
878 310 0
881 310 0
885 310 0
887 313 0
889 319 0
893 326 0
902 331 0
924 329 0
941 321 0
949 317 0
954 314 0
957 312 0
959 309 0
961 308 0
961 316 0
961 333 0
962 353 0
963 362 0
960 395 0
946 421 0
939 426 0
921 427 0
899 421 0
891 414 0
892 407 0
920 383 0
976 344 0
995 332 1
