tar
527 257 0
528 267 0
525 287 0
522 316 0
521 345 0
521 370 0
525 387 0
530 399 0
538 407 0
552 411 0
569 414 0
576 415 1
503 356 0
509 360 0
528 358 0
558 350 0
572 346 0
586 341 1
670 355 0
664 356 0
656 357 0
642 361 0
619 371 0
611 377 0
606 386 0
603 397 0
603 405 0
609 410 0
619 409 0
631 402 0
649 392 0
661 381 0
666 373 0
669 370 0
672 380 0
675 388 0
681 395 0
697 396 0
713 391 0
727 383 0
738 376 0
744 372 0
746 370 0
746 374 0
743 384 0
742 389 0
742 393 0
741 369 0
742 362 0
743 358 0
748 356 1
