terms
433 260 0
434 263 0
433 273 0
426 300 0
423 321 0
420 340 0
419 362 0
422 369 0
429 374 0
437 376 0
443 375 0
457 374 0
473 372 1
427 360 0
426 354 0
426 351 0
436 350 0
444 349 0
454 348 0
467 346 0
489 342 0
504 337 0
512 333 0
516 331 0
521 327 0
518 322 0
517 320 0
514 318 0
509 317 0
505 324 0
502 334 0
503 344 0
507 350 0
512 354 0
518 355 0
523 353 0
530 348 0
535 345 0
540 342 0
543 342 0
547 343 0
549 348 0
551 357 0
552 363 0
553 367 0
556 372 0
556 358 0
559 336 0
562 330 0
566 325 0
569 323 0
573 321 0
581 323 0
585 326 0
588 328 0
590 332 0
593 341 0
596 347 0
597 353 0
600 360 0
610 352 0
620 340 0
628 334 0
631 332 0
636 330 0
639 332 0
642 340 0
645 348 0
646 352 0
652 355 0
661 353 0
671 348 0
675 347 0
681 344 0
687 342 0
691 343 0
693 346 0
698 349 0
705 352 1
788 294 0
776 298 0
761 304 0
754 308 0
750 313 0
751 317 0
752 320 0
758 329 0
762 335 0
765 342 0
748 357 0
732 369 0
729 372 1
