practised
395 328 0
396 337 0
396 358 0
398 389 0
396 414 0
396 425 0
395 430 0
394 407 0
393 356 0
396 333 0
404 320 0
416 309 0
429 307 0
444 310 0
453 317 0
457 329 0
456 342 0
447 361 0
431 377 0
417 384 0
410 386 0
406 385 1
509 325 0
509 332 0
508 346 0
504 367 0
502 377 0
500 382 0
500 385 0
498 378 0
494 352 0
493 333 0
496 326 0
498 322 0
503 318 0
511 316 0
522 315 0
535 315 0
551 315 0
562 315 0
572 315 0
578 316 0
581 317 0
578 319 0
571 326 0
558 337 0
553 345 0
551 355 0
551 362 0
554 365 0
557 365 0
566 360 0
578 347 0
586 332 0
591 326 0
593 326 0
596 336 0
598 345 0
603 352 0
607 354 1
668 312 0
662 313 0
653 318 0
642 328 0
631 338 0
628 348 0
629 359 0
634 364 0
640 366 1
695 250 0
694 265 0
694 273 0
693 293 0
691 328 0
690 357 0
691 366 0
691 370 0
691 373 0
687 357 0
685 347 0
685 342 0
685 338 0
686 335 0
695 332 0
704 330 0
711 331 0
720 334 0
729 340 0
733 345 0
738 351 0
740 359 0
740 364 1
799 312 0
794 317 0
784 321 0
776 326 0
774 329 0
776 333 0
782 336 0
791 342 0
797 346 0
800 350 0
800 355 0
796 361 0
786 368 0
774 371 0
770 372 0
777 368 0
788 362 0
800 356 0
810 352 0
822 349 0
845 339 0
857 331 0
865 325 0
868 321 0
869 318 0
861 315 0
850 317 0
839 326 0
825 339 0
823 345 0
825 352 0
829 360 0
837 363 0
847 363 0
864 363 1
944 332 0
936 332 0
927 332 0
918 336 0
903 344 0
893 352 0
890 359 0
890 365 0
894 368 0
901 366 0
914 356 0
930 333 0
942 309 0
950 285 0
954 276 0
955 272 0
956 270 0
954 281 0
950 307 0
946 334 0
948 351 0
954 361 0
963 364 0
980 372 1
756 249 0
750 255 1
