time
449 273 0
452 281 0
452 300 0
449 329 0
446 356 0
446 378 0
448 390 0
450 396 0
456 401 0
483 403 0
506 403 0
513 403 1
442 367 0
446 369 0
454 368 0
480 360 0
504 353 0
514 350 0
519 349 0
524 348 0
526 354 0
527 364 0
528 377 0
529 388 0
530 392 0
540 393 0
558 387 0
577 372 0
582 368 0
585 367 0
588 368 0
589 374 0
591 380 0
594 386 0
597 389 0
611 387 0
621 381 0
628 376 0
632 374 0
634 373 0
637 376 0
639 380 0
641 383 0
643 386 0
647 387 0
657 383 0
666 377 0
671 374 0
675 373 0
680 375 0
688 381 0
699 388 0
713 392 0
732 393 0
756 387 0
771 378 0
781 367 0
786 355 0
788 344 0
787 341 0
784 341 0
778 347 0
772 357 0
769 368 0
771 375 0
784 377 0
805 376 0
827 374 1
553 260 0
548 267 1
