hogg
456 245 0
459 257 0
456 315 0
453 359 0
455 367 0
457 373 0
469 370 0
481 358 0
486 352 0
490 348 0
493 347 0
497 347 0
503 358 0
508 366 0
517 371 0
529 374 0
549 376 1
572 325 0
567 337 0
562 354 0
561 363 0
563 368 0
569 369 0
577 366 0
590 356 0
599 340 0
603 320 0
601 310 0
596 303 0
589 302 0
582 304 0
576 311 1
689 299 0
665 308 0
647 322 0
639 332 0
637 338 0
636 344 0
640 345 0
647 344 0
657 340 0
666 334 0
670 332 0
674 330 0
676 330 0
679 342 0
678 358 0
675 383 0
670 404 0
669 409 0
667 413 0
665 415 0
660 416 0
657 407 0
657 398 0
681 360 0
695 340 0
698 335 1
775 311 0
766 311 0
757 313 0
746 317 0
739 322 0
736 325 0
736 333 0
738 337 0
743 339 0
751 337 0
757 334 0
762 332 0
765 331 0
770 330 0
773 341 0
776 357 0
775 375 0
769 396 0
763 408 0
756 413 0
746 417 0
739 415 0
734 409 0
733 399 0
755 373 0
798 338 0
812 326 1
