the
450 248 0
453 254 0
452 270 0
448 299 0
443 329 0
439 358 0
440 382 0
446 394 0
453 400 0
463 401 0
481 403 1
438 337 0
443 341 0
457 337 0
476 326 0
490 318 0
497 314 1
539 257 0
540 264 0
538 285 0
535 314 0
533 340 0
532 358 0
532 368 0
533 376 0
534 380 0
534 384 0
540 384 0
550 376 0
568 363 0
576 358 0
578 358 0
580 360 0
585 371 0
593 382 0
604 390 0
620 394 0
634 391 0
645 386 0
654 373 0
656 365 0
657 361 0
658 357 0
656 354 0
650 354 0
645 357 0
640 364 0
637 374 0
641 381 0
661 387 0
677 391 0
693 394 1
