soon
475 290 0
468 294 0
464 303 0
463 311 0
470 319 0
480 327 0
490 336 0
498 342 0
500 349 0
496 360 0
485 373 0
472 382 0
459 386 0
452 386 1
556 318 0
556 322 0
550 331 0
542 349 0
543 361 0
547 363 0
558 359 0
579 340 0
594 323 0
599 314 0
599 306 0
593 300 0
585 299 0
575 301 0
564 307 0
558 314 1
672 305 0
664 306 0
636 317 0
622 332 0
614 346 0
613 358 0
618 364 0
631 363 0
656 353 0
668 342 0
674 332 0
675 325 0
674 320 0
669 315 0
662 312 0
655 312 1
700 307 0
701 321 0
701 339 0
702 347 0
703 352 0
704 354 0
711 346 0
727 328 0
737 320 0
741 317 0
744 316 0
747 317 0
751 330 0
755 339 0
762 346 0
766 348 1
