you
529 322 0
525 322 0
524 333 0
527 344 0
530 351 0
533 351 0
565 342 0
591 329 0
597 328 0
599 328 0
602 328 0
604 336 0
607 354 0
607 384 0
602 410 0
593 435 0
581 450 0
571 457 0
561 460 0
551 460 0
545 454 0
544 445 0
550 419 0
569 392 0
601 359 0
619 345 0
630 337 0
634 334 0
640 331 0
643 333 0
644 342 0
646 351 0
654 361 0
665 364 0
683 360 0
703 350 0
710 342 0
714 335 0
711 328 0
702 320 0
682 311 0
668 307 0
664 306 0
661 306 0
663 309 0
675 311 0
696 308 0
715 305 0
728 302 0
733 301 0
739 304 0
742 312 0
743 325 0
745 339 0
747 349 0
750 355 0
753 356 0
759 355 0
773 345 0
785 334 0
791 329 0
795 325 0
797 324 0
801 331 0
805 341 0
816 353 0
836 359 0
855 365 1
