killed
397 229 0
398 234 0
400 258 0
400 287 0
399 315 0
397 338 0
394 359 0
393 370 0
394 373 1
461 302 0
455 308 0
441 315 0
424 323 0
419 325 0
415 327 0
411 331 0
410 336 0
412 341 0
418 345 0
432 345 0
461 335 0
481 324 0
487 320 0
490 317 0
492 317 0
496 316 0
499 324 0
500 331 0
501 339 0
503 342 0
505 347 0
511 348 0
520 347 0
530 342 0
544 332 0
557 321 0
563 315 0
571 302 0
583 275 0
588 254 0
589 251 0
589 244 0
584 239 0
578 243 0
567 260 0
555 288 0
548 315 0
550 336 0
554 344 0
563 348 0
582 343 0
605 327 0
622 308 0
637 284 0
645 261 0
646 252 0
646 247 0
644 242 0
638 240 0
632 246 0
623 264 0
617 277 0
615 295 0
613 327 0
622 355 0
630 358 0
646 355 0
669 342 0
687 326 0
696 315 0
701 305 0
702 298 0
700 294 0
693 294 0
684 300 0
676 309 0
670 325 0
670 334 0
676 340 1
796 303 0
767 304 0
741 308 0
726 314 0
717 323 0
712 333 0
712 340 0
713 344 0
723 344 0
744 331 0
763 311 0
776 285 0
783 263 0
786 252 0
787 250 0
788 246 0
782 269 0
776 295 0
774 318 0
777 330 0
786 334 1
502 252 0
501 257 1
