most
463 314 0
463 318 0
462 328 0
458 349 0
455 367 0
455 373 0
455 377 0
455 379 0
459 371 0
483 323 0
500 303 0
507 299 0
513 300 0
518 304 0
523 315 0
527 331 0
528 341 0
531 342 0
536 338 0
544 331 0
553 324 0
561 320 0
566 318 0
570 318 0
571 330 0
572 342 0
576 354 0
580 359 1
635 312 0
625 321 0
618 333 0
613 343 0
614 348 0
623 358 0
641 356 0
661 346 0
668 338 0
672 328 0
673 321 0
670 316 0
665 312 0
658 311 0
648 315 0
641 318 0
626 323 1
729 290 0
729 294 0
722 302 0
718 313 0
718 319 0
724 325 0
727 327 0
735 331 0
743 337 0
746 341 0
743 347 0
734 354 0
708 363 0
699 363 0
680 365 1
796 217 0
792 243 0
788 274 0
783 304 0
777 332 0
771 352 0
770 357 0
769 361 0
768 364 0
766 329 0
767 287 0
768 283 0
782 286 0
791 290 0
809 294 1
