that
511 272 0
512 275 0
511 287 0
506 311 0
500 338 0
497 363 0
496 380 0
496 391 0
507 399 0
516 404 0
530 411 1
482 355 0
493 356 0
515 347 0
528 341 0
543 333 1
581 302 0
579 314 0
578 325 0
568 361 0
563 379 0
562 384 0
563 389 0
565 391 0
571 388 0
587 377 0
605 362 0
610 360 0
614 358 0
617 364 0
619 372 0
622 379 0
627 384 0
630 386 1
718 343 0
711 344 0
693 347 0
679 351 0
670 356 0
664 364 0
660 375 0
658 382 0
661 388 0
669 390 0
682 388 0
696 382 0
706 375 0
711 371 0
715 368 0
717 366 0
719 372 0
719 380 0
727 386 0
744 383 0
764 377 0
767 376 1
780 272 0
782 281 0
783 292 0
783 319 0
783 346 0
779 368 0
778 376 0
778 380 0
778 382 0
775 380 0
770 368 0
768 361 0
766 357 0
765 354 0
775 349 0
794 339 0
809 330 1
