that
404 232 0
406 236 0
402 267 0
395 297 0
389 328 0
384 355 0
383 380 0
385 393 0
391 401 0
405 401 0
423 398 0
443 395 1
375 336 0
379 339 0
386 338 0
408 332 0
428 325 1
480 262 0
480 266 0
479 279 0
478 291 0
477 308 0
475 332 0
474 352 0
473 369 0
475 376 0
476 382 0
479 386 0
484 387 0
494 382 0
512 371 0
520 366 0
523 365 0
527 364 0
531 371 0
536 377 0
538 380 1
621 339 0
617 338 0
611 337 0
598 339 0
585 346 0
579 352 0
574 359 0
572 366 0
574 371 0
580 373 0
587 371 0
601 362 0
609 356 0
613 354 0
615 353 0
623 362 0
630 367 1
675 248 0
676 258 0
679 275 0
680 303 0
682 329 0
683 352 0
684 364 0
685 371 0
685 376 0
685 379 0
685 382 0
676 366 0
665 344 0
658 329 0
657 326 0
657 322 0
664 324 0
690 328 0
717 330 0
731 331 1
