that
492 251 0
492 255 0
491 269 0
487 300 0
483 326 0
481 349 0
481 369 0
484 383 0
491 395 0
506 404 0
526 400 0
538 398 0
552 393 1
466 332 0
471 336 0
495 335 0
521 330 0
542 325 1
568 288 0
568 292 0
568 299 0
568 315 0
566 342 0
566 363 0
566 373 0
566 380 0
567 384 0
570 383 0
582 378 0
606 367 0
619 361 0
622 361 0
630 359 0
636 364 0
639 368 0
642 374 0
648 379 0
653 381 1
761 337 0
756 338 0
744 340 0
722 342 0
704 344 0
692 347 0
684 352 0
675 361 0
670 370 0
669 377 0
671 381 0
679 384 0
682 384 0
695 380 0
717 366 0
726 359 0
729 358 0
732 358 0
734 366 0
735 373 0
740 378 0
751 378 0
763 376 0
780 373 1
820 235 0
820 241 0
820 261 0
817 292 0
814 323 0
811 351 0
810 364 0
809 369 0
809 375 0
805 364 0
799 343 0
796 332 0
796 328 0
798 325 0
806 322 0
832 318 0
850 315 0
858 313 1
