yourself
328 287 0
328 290 0
326 299 0
322 322 0
322 333 0
325 336 0
335 332 0
354 318 0
369 303 0
376 294 0
379 291 0
384 286 0
386 287 0
392 298 0
396 313 0
399 339 0
399 365 0
394 386 0
383 411 0
363 432 0
343 438 0
335 436 0
335 422 0
343 397 0
362 371 0
384 348 0
404 331 0
418 321 0
422 319 0
426 317 0
429 316 0
431 319 0
435 327 0
442 330 0
456 326 0
466 319 0
471 312 0
472 303 0
468 292 0
461 283 0
454 279 0
447 283 0
441 288 1
516 281 0
515 289 0
513 301 0
512 316 0
514 325 0
517 328 0
531 321 0
542 311 0
550 301 0
554 296 0
556 293 0
558 294 0
560 302 0
562 311 0
569 315 0
577 316 0
582 316 0
587 316 0
591 317 0
595 319 0
598 321 0
599 324 0
602 326 0
604 317 0
606 309 0
607 304 0
608 301 0
612 298 0
620 296 0
630 294 0
633 292 0
647 287 1
704 260 0
696 265 0
672 281 0
659 292 0
653 297 0
652 301 0
666 306 0
682 311 0
693 315 0
697 317 0
701 319 0
694 324 0
671 336 0
659 341 0
645 348 0
641 349 1
731 299 0
737 299 0
740 297 0
743 290 0
744 284 0
744 280 0
732 286 0
723 299 0
720 310 0
721 318 0
728 325 0
742 324 0
771 313 0
804 287 0
823 265 0
835 247 0
841 231 0
843 220 0
844 216 0
843 212 0
833 217 0
815 229 0
806 235 0
794 252 0
782 287 0
782 307 0
786 313 0
804 313 0
837 304 0
869 281 0
890 257 0
906 230 0
918 204 0
922 190 0
922 187 0
912 199 0
891 232 0
880 262 0
871 292 0
865 320 0
862 344 0
861 358 0
860 365 0
860 368 0
862 337 0
862 325 0
863 322 0
865 315 0
868 311 0
873 310 0
891 306 0
913 300 1
