gets
555 320 0
550 316 0
543 313 0
535 311 0
526 311 0
515 315 0
508 324 0
502 336 0
501 344 0
502 349 0
507 352 0
513 352 0
518 350 0
524 346 0
531 342 0
535 339 0
541 336 0
545 336 0
550 351 0
553 374 0
553 401 0
551 419 0
543 442 0
536 450 0
530 455 0
520 453 0
511 443 0
507 433 0
508 417 0
515 404 0
530 391 0
554 372 0
580 359 0
602 347 0
621 332 0
628 324 0
632 318 0
633 312 0
633 309 0
617 307 0
593 315 0
584 329 0
583 337 0
586 346 0
596 352 0
613 355 0
632 357 1
664 242 0
665 250 0
667 271 0
669 300 0
668 327 0
669 343 0
669 352 0
669 357 0
669 361 0
666 345 0
665 334 0
664 329 0
663 326 0
672 323 0
676 322 1
766 302 0
758 304 0
747 307 0
738 311 0
734 314 0
729 318 0
729 322 0
735 327 0
743 334 0
750 342 0
753 347 0
754 352 0
750 358 0
739 366 0
729 370 0
712 376 1
