orders
444 313 0
436 309 0
425 311 0
414 316 0
404 328 0
401 341 0
405 353 0
412 357 0
424 353 0
439 339 0
444 327 0
443 319 0
442 315 0
441 313 0
453 318 0
465 318 0
475 317 0
482 317 0
488 317 0
492 319 0
496 326 0
500 337 0
502 346 0
504 352 0
505 354 0
502 341 0
500 329 0
500 323 0
501 320 0
508 316 0
517 313 0
520 312 1
607 307 0
596 308 0
588 308 0
581 313 0
564 332 0
558 343 0
560 349 0
568 347 0
583 332 0
599 312 0
613 289 0
626 264 0
633 249 0
636 242 0
637 237 0
637 234 0
630 254 0
623 275 0
617 302 0
616 321 0
619 332 0
626 339 0
638 341 0
660 333 0
671 323 0
674 318 0
675 310 0
673 307 0
668 309 0
665 316 0
665 327 0
667 336 0
673 341 0
679 343 0
688 341 0
696 340 0
703 338 0
707 338 0
710 338 0
713 331 0
713 321 0
714 315 0
715 312 0
718 308 0
724 306 0
726 305 1
788 283 0
781 288 0
767 295 0
757 302 0
752 307 0
751 314 0
753 321 0
759 328 0
767 336 0
771 340 0
774 343 0
769 349 0
767 353 1
