the
527 238 0
526 247 0
524 262 0
518 287 0
514 312 0
513 339 0
518 364 0
525 378 0
536 387 0
549 392 0
562 397 0
568 399 1
488 334 0
496 334 0
540 316 0
560 308 0
563 307 1
588 262 0
588 271 0
588 282 0
589 298 0
588 323 0
588 348 0
587 365 0
588 373 0
589 377 0
590 380 0
596 375 0
615 360 0
630 349 0
634 346 0
638 345 0
642 346 0
647 352 0
656 363 0
664 370 0
672 372 0
684 367 0
693 360 0
700 353 0
705 343 0
707 335 0
708 332 0
708 329 0
704 331 0
696 341 0
693 349 0
694 358 0
702 367 0
715 374 0
732 383 1
