properly
450 308 0
454 324 0
455 363 0
455 390 0
455 401 0
455 408 0
455 411 0
451 397 0
444 353 0
448 323 0
453 311 0
463 299 0
473 297 0
482 299 0
490 304 0
495 310 0
496 317 0
494 325 0
490 334 0
482 341 0
475 343 0
465 340 0
460 337 0
462 332 1
532 322 0
532 327 0
532 337 0
532 343 0
532 346 0
532 350 0
529 341 0
526 328 0
525 318 0
524 315 0
525 311 0
529 310 0
536 310 0
549 310 0
564 310 0
572 312 0
578 314 0
581 316 0
583 322 0
585 328 0
588 331 0
592 334 0
600 332 0
608 325 0
615 317 0
619 309 0
620 301 0
617 295 0
610 293 0
602 301 0
592 309 0
577 320 1
673 315 0
672 337 0
670 368 0
667 394 0
666 406 0
665 409 0
665 414 0
661 397 0
657 366 0
661 336 0
670 312 0
679 301 0
690 299 0
699 298 0
706 300 0
712 303 0
715 310 0
714 319 0
711 329 0
700 344 0
693 352 0
679 365 1
703 305 0
713 306 0
729 309 0
745 312 0
756 313 0
764 314 0
769 314 0
773 313 0
776 311 0
775 306 0
772 300 0
764 294 0
757 294 0
749 297 0
744 305 0
742 321 0
742 334 0
747 342 0
754 344 0
766 343 0
776 340 0
783 339 0
786 339 0
790 340 0
792 341 0
795 342 0
798 334 0
800 323 0
801 315 0
802 311 0
803 307 0
810 304 1
863 215 0
864 218 0
864 224 0
858 248 0
846 293 0
842 316 0
841 330 0
842 340 0
844 343 0
861 338 0
882 322 0
889 316 0
895 310 0
901 317 0
904 323 0
909 329 0
916 332 0
924 330 0
930 325 0
935 321 0
938 318 0
942 315 0
944 319 0
947 338 0
949 370 0
946 397 0
943 415 0
928 421 0
902 416 0
892 407 0
894 399 0
919 372 0
940 352 0
950 342 1
