you
462 319 0
463 322 0
457 336 0
455 358 0
457 370 0
464 376 0
481 373 0
507 359 0
523 343 0
527 338 0
530 334 0
533 331 0
535 329 0
535 335 0
535 348 0
536 373 0
537 401 0
534 420 0
530 436 0
523 446 0
513 452 0
497 451 0
483 444 0
477 436 0
477 427 0
484 411 0
507 387 0
533 367 0
555 350 0
566 341 0
569 339 0
574 340 0
575 344 0
576 349 0
578 352 0
584 358 0
591 358 0
596 355 0
600 349 0
599 343 0
596 336 0
589 329 0
584 324 0
582 323 0
598 322 0
626 318 0
646 313 0
655 311 0
660 310 0
663 309 0
665 311 0
666 321 0
668 334 0
671 343 0
674 348 0
683 349 0
687 349 0
694 344 0
703 337 0
708 333 0
711 331 0
716 336 0
726 344 0
752 357 0
772 367 1
