apply
424 343 0
415 338 0
403 334 0
392 330 0
375 331 0
361 335 0
353 342 0
342 362 0
341 375 0
342 381 0
351 383 0
374 376 0
405 356 0
415 347 0
419 343 0
421 340 0
424 339 0
426 350 0
430 367 0
436 376 0
445 380 0
461 376 0
483 362 0
491 356 0
493 356 0
497 358 0
498 370 0
498 389 0
497 416 0
496 431 0
496 440 0
496 445 0
496 448 0
492 422 0
490 383 0
492 358 0
500 336 0
508 327 0
521 322 0
533 320 0
542 324 0
545 331 0
546 340 0
542 353 0
533 363 0
527 368 0
524 368 1
589 353 0
590 364 0
591 390 0
589 417 0
586 436 0
585 442 0
584 445 0
581 436 0
576 407 0
578 361 0
585 336 0
592 321 0
601 313 0
614 308 0
622 307 0
628 311 0
631 316 0
631 318 0
626 336 0
615 357 0
613 363 1
682 239 0
680 246 0
676 269 0
668 296 0
664 326 0
664 344 0
667 355 0
670 360 0
678 361 0
687 358 0
694 353 0
700 349 0
703 348 0
706 348 0
709 353 0
719 357 0
729 356 0
741 351 0
749 342 0
756 334 0
762 328 0
765 336 0
764 355 0
759 385 0
753 410 0
744 426 0
733 439 0
727 442 0
721 438 0
721 426 0
735 402 0
760 369 0
762 367 0
768 356 1
