draw
491 332 0
486 328 0
472 324 0
463 325 0
457 329 0
449 344 0
441 367 0
440 379 0
442 385 0
450 384 0
466 375 0
488 353 0
504 327 0
517 298 0
524 273 0
526 262 0
528 258 0
529 255 0
528 259 0
523 276 0
516 304 0
512 327 0
514 340 0
519 352 0
531 357 0
552 348 0
566 338 0
573 331 0
577 328 0
581 329 0
582 334 0
582 341 0
582 349 0
582 353 0
582 356 0
582 358 0
584 338 0
585 325 0
586 322 0
588 320 0
592 319 0
599 319 0
605 320 1
692 308 0
675 310 0
660 311 0
656 315 0
649 324 0
642 337 0
641 346 0
644 352 0
649 355 0
654 356 0
659 355 0
664 350 0
668 341 0
674 328 0
677 322 0
679 319 0
682 325 0
685 335 0
686 341 0
689 349 0
701 358 0
710 360 0
719 357 0
729 348 0
740 328 0
743 323 0
744 320 0
747 318 0
748 326 0
747 338 0
750 347 0
752 353 0
756 355 0
764 354 0
771 350 0
777 345 0
783 341 0
785 339 0
788 338 0
790 342 0
793 348 0
798 350 0
805 349 0
817 338 0
825 322 0
826 318 0
827 313 0
831 312 0
839 312 0
851 312 0
870 311 1
