they
448 257 0
448 260 0
446 274 0
441 290 0
440 302 0
435 326 0
435 342 0
436 359 0
438 371 0
444 380 0
451 385 0
463 390 0
480 394 0
492 395 0
507 398 1
424 337 0
426 340 0
430 340 0
451 336 0
476 330 0
487 328 1
521 287 0
525 291 0
525 303 0
525 323 0
526 349 0
525 369 0
525 379 0
526 387 0
528 389 0
533 386 0
556 366 0
565 359 0
571 357 0
574 357 0
577 366 0
580 372 0
586 377 0
594 380 0
610 377 0
626 368 0
633 362 0
636 357 0
638 353 0
640 348 0
636 347 0
625 351 0
618 359 0
611 370 0
610 378 0
615 382 0
625 384 0
646 376 0
663 360 0
667 354 0
673 347 0
677 356 0
679 362 0
682 365 0
692 365 0
701 361 0
709 354 0
714 351 0
717 350 0
721 350 0
721 362 0
721 380 0
721 409 0
718 429 0
712 442 0
706 447 0
688 456 0
677 455 0
678 446 0
704 410 0
728 382 0
737 369 1
