are
570 336 0
561 329 0
553 323 0
534 317 0
512 316 0
503 320 0
496 329 0
491 346 0
490 364 0
494 373 0
502 377 0
517 374 0
539 362 0
554 349 0
559 343 0
563 339 0
565 337 0
568 342 0
569 351 0
570 360 0
575 367 0
584 371 0
596 366 0
615 354 0
622 350 0
626 348 0
630 353 0
631 356 0
632 359 0
635 347 0
635 335 0
635 331 0
636 327 0
642 329 0
652 331 0
668 333 0
686 331 0
700 328 0
706 325 0
710 323 0
705 319 0
700 319 0
697 319 0
694 321 0
686 334 0
683 353 0
686 362 0
697 369 0
725 373 0
746 375 0
749 375 1
