shooting
404 316 0
399 317 0
392 320 0
380 329 0
372 339 0
369 346 0
371 353 0
378 361 0
394 370 0
411 379 0
418 383 0
420 388 0
418 395 0
411 406 0
395 415 0
378 415 0
370 413 0
350 407 1
444 258 0
444 272 0
443 304 0
441 333 0
440 362 0
440 377 0
441 384 0
442 387 0
445 388 0
461 369 0
468 364 0
477 363 0
480 367 0
485 373 0
487 376 0
489 380 0
492 382 1
540 350 0
538 355 0
532 365 0
529 377 0
531 387 0
537 392 0
547 392 0
561 387 0
573 375 0
576 368 0
575 362 0
569 355 0
561 354 0
552 356 0
545 361 1
620 353 0
616 357 0
611 362 0
606 370 0
606 379 0
607 384 0
617 387 0
629 385 0
643 380 0
651 371 0
653 367 0
651 359 0
647 353 0
638 350 0
627 350 0
623 350 1
697 252 0
697 256 0
697 268 0
696 290 0
695 310 0
694 335 0
693 356 0
693 367 0
693 373 0
693 376 0
693 381 0
693 383 0
689 375 0
685 367 0
681 359 0
680 356 0
679 351 0
680 348 0
683 348 0
691 346 0
704 345 0
715 344 0
726 341 0
733 339 0
737 338 0
741 337 0
743 337 0
744 341 0
742 346 0
742 357 0
743 367 0
748 370 0
757 366 0
768 359 0
774 354 0
777 351 0
780 350 0
782 352 0
784 358 0
787 362 0
789 365 0
795 362 0
808 357 0
821 350 0
828 346 0
834 346 0
837 348 0
840 353 0
842 360 0
843 364 0
846 368 1
905 345 0
901 345 0
896 345 0
890 346 0
886 349 0
882 356 0
882 362 0
887 365 0
893 365 0
900 361 0
907 357 0
913 352 0
916 350 0
920 349 0
922 360 0
921 384 0
917 410 0
913 424 0
908 434 0
900 441 0
893 442 0
886 422 0
886 416 0
900 399 0
912 388 0
923 375 1
775 245 0
773 250 0
767 256 1
