the
515 215 0
515 221 0
514 235 0
512 269 0
510 297 0
509 324 0
512 344 0
517 358 0
526 367 0
533 371 0
551 370 0
582 366 0
599 364 1
496 311 0
501 313 0
519 309 0
555 298 0
573 291 1
610 240 0
610 244 0
611 254 0
611 271 0
609 297 0
605 327 0
602 349 0
601 352 0
600 355 0
615 346 0
626 337 0
636 331 0
644 329 0
650 328 0
654 333 0
658 339 0
666 348 0
675 357 0
695 359 0
718 353 0
733 343 0
741 333 0
745 324 0
746 321 0
746 317 0
740 317 0
730 320 0
717 331 0
702 347 0
705 358 0
738 361 0
762 362 0
770 362 1
