given
481 328 0
481 324 0
479 321 0
474 317 0
466 317 0
458 321 0
447 333 0
442 352 0
442 365 0
447 364 0
459 359 0
473 347 0
478 341 0
487 329 0
492 325 0
495 339 0
497 372 0
498 401 0
494 428 0
487 446 0
477 459 0
468 469 0
459 470 0
449 468 0
443 458 0
445 436 0
455 409 0
484 368 0
500 348 0
509 337 0
514 332 0
518 328 0
521 327 0
524 338 0
528 349 0
536 357 0
545 358 0
554 355 1
592 313 0
594 317 0
595 329 0
596 340 0
597 348 0
598 352 0
599 356 0
607 349 0
621 327 0
630 317 0
639 304 1
656 330 0
659 335 0
665 337 0
673 334 0
683 327 0
689 321 0
690 318 0
690 315 0
688 311 0
685 309 0
679 308 0
673 312 0
666 323 0
662 336 0
661 347 0
665 357 0
667 361 0
677 361 0
687 356 0
694 352 0
714 332 0
728 320 0
732 318 0
734 316 0
737 318 0
739 328 0
741 336 0
744 342 0
748 346 0
755 347 0
764 346 0
771 343 0
776 342 0
781 343 0
784 344 0
789 350 0
792 354 0
795 358 1
532 234 0
526 241 1
