company
399 298 0
387 301 0
371 309 0
352 327 0
343 341 0
340 354 0
340 363 0
342 368 0
353 370 0
366 370 0
385 367 1
435 330 0
435 339 0
437 348 0
442 355 0
450 355 0
459 353 0
465 349 0
470 342 0
470 334 0
466 322 0
458 307 0
452 301 0
446 301 0
442 307 0
439 329 0
435 350 0
434 354 1
507 313 0
509 317 0
512 330 0
514 339 0
515 347 0
516 353 0
517 356 0
522 349 0
525 340 0
528 334 0
531 329 0
535 326 0
538 330 0
541 337 0
545 344 0
547 348 0
554 350 0
562 348 0
571 344 0
579 341 0
582 340 0
585 340 0
589 345 0
596 351 1
644 343 0
645 351 0
646 366 0
647 391 0
647 410 0
647 417 0
646 421 0
646 424 0
642 412 0
635 383 0
630 354 0
631 330 0
637 319 0
651 307 0
660 301 0
662 301 0
672 301 0
679 305 0
682 313 0
682 327 0
678 342 0
674 351 0
671 354 1
767 312 0
755 311 0
746 309 0
739 309 0
732 310 0
727 314 0
723 318 0
721 325 0
716 340 0
717 348 0
719 351 0
729 349 0
735 341 0
741 333 0
743 328 0
745 325 0
749 321 0
753 333 0
757 342 0
762 347 0
770 349 0
782 346 0
801 331 0
810 321 0
814 317 0
818 313 0
821 318 0
821 325 0
821 329 0
822 332 0
832 327 0
841 321 0
849 316 0
854 312 0
858 313 0
861 320 0
862 327 0
866 334 0
869 338 0
877 342 0
886 340 0
896 333 0
907 324 0
914 319 0
917 317 0
922 314 0
924 327 0
928 334 0
934 337 0
940 336 0
952 328 0
963 321 0
970 314 0
976 310 0
980 309 0
982 310 0
988 324 0
991 353 0
992 379 0
987 400 0
979 416 0
968 423 0
953 425 0
937 418 0
932 406 0
936 397 0
972 360 0
990 343 0
995 338 1
