men
378 306 0
380 317 0
381 327 0
381 343 0
382 356 0
383 363 0
384 367 0
385 369 0
394 360 0
411 336 0
425 322 0
436 315 0
442 313 0
446 314 0
449 315 0
453 326 0
455 337 0
456 344 0
458 348 0
461 348 0
467 346 0
477 339 0
483 335 0
487 332 0
499 327 0
509 328 0
514 331 0
518 338 0
523 348 0
528 357 0
536 362 0
547 361 0
563 355 0
584 337 0
588 327 0
589 322 0
589 319 0
586 315 0
580 317 0
573 323 0
566 337 0
566 349 0
568 356 0
578 359 0
595 355 0
618 342 0
631 331 0
634 328 0
639 324 0
641 328 0
643 334 0
645 342 0
646 347 0
647 351 0
651 351 0
660 347 0
676 338 0
689 332 0
698 331 0
704 332 0
707 335 0
710 343 0
714 353 0
720 360 1
