duty
539 340 0
533 337 0
512 331 0
495 333 0
483 341 0
471 358 0
463 379 0
463 391 0
468 400 0
478 399 0
504 387 0
528 365 0
550 330 0
561 303 0
567 277 0
571 257 0
574 250 0
575 246 0
566 266 0
557 296 0
552 327 0
554 354 0
558 366 0
565 373 0
576 372 0
593 361 0
604 350 0
609 340 0
612 332 0
613 329 0
615 326 0
614 337 0
613 352 0
616 368 0
618 373 0
623 376 0
632 372 0
645 364 0
652 357 0
657 353 0
661 348 0
664 348 0
665 358 0
667 365 0
673 369 0
676 372 0
679 370 1
721 250 0
721 260 0
722 275 0
723 291 0
722 321 0
721 345 0
719 357 0
720 365 0
719 371 0
719 374 0
719 376 0
718 378 0
718 381 0
713 370 0
710 363 0
709 357 0
709 353 0
709 351 0
709 349 0
713 348 0
718 348 0
727 347 0
741 344 0
749 343 0
754 343 0
758 341 0
762 339 0
765 338 0
770 342 0
771 351 0
775 362 0
781 367 0
789 365 0
809 348 0
817 339 0
820 336 0
824 334 0
826 347 0
829 371 0
831 401 0
830 428 0
827 441 0
822 448 0
812 452 0
798 445 0
786 433 0
788 419 0
803 399 0
841 368 0
856 357 0
861 352 1
