captain
431 301 0
426 300 0
420 302 0
416 305 0
413 312 0
410 323 0
410 336 0
413 345 0
419 349 0
423 350 1
518 315 0
512 310 0
500 308 0
486 308 0
472 311 0
462 320 0
455 330 0
452 342 0
453 351 0
460 354 0
472 351 0
489 343 0
500 334 0
504 330 0
507 326 0
510 324 0
512 325 0
514 332 0
517 339 0
524 344 0
534 345 0
546 341 0
551 339 0
556 335 0
558 333 0
562 332 0
563 339 0
564 357 0
564 382 0
564 396 0
562 404 0
563 408 0
562 412 0
560 383 0
562 341 0
569 313 0
582 291 0
595 282 0
601 287 0
606 294 0
607 304 0
605 317 0
600 330 0
595 337 0
590 339 1
636 235 0
638 242 0
641 263 0
645 288 0
645 306 0
647 323 0
648 335 0
648 343 0
648 346 0
644 338 0
638 328 0
636 324 0
633 320 0
639 317 0
652 314 0
671 311 0
690 307 1
774 297 0
764 298 0
754 298 0
740 298 0
729 298 0
718 301 0
710 304 0
708 306 0
701 321 0
701 337 0
706 344 0
715 347 0
726 345 0
737 339 0
746 329 0
751 322 0
752 317 0
755 313 0
756 311 0
757 321 0
760 327 0
766 331 0
775 330 0
783 325 0
793 318 0
805 302 0
813 291 0
815 293 0
815 305 0
817 316 0
821 322 0
826 322 0
837 318 0
853 309 0
866 296 0
870 293 0
874 290 0
876 296 0
877 303 0
879 313 0
882 322 0
887 327 0
894 327 0
906 322 0
918 318 0
926 316 0
931 316 0
936 318 0
940 321 0
945 326 0
951 330 1
838 216 0
835 218 0
831 221 1
