29th
358 230 0
375 234 0
381 235 0
406 240 0
426 251 0
432 260 0
431 269 0
420 295 0
409 320 0
399 343 0
391 367 0
390 378 0
394 383 0
406 385 0
443 377 0
462 373 1
550 271 0
542 262 0
535 257 0
527 253 0
524 252 0
509 255 0
490 266 0
483 278 0
482 290 0
486 298 0
494 302 0
510 300 0
530 289 0
543 278 0
548 273 0
551 269 0
554 267 0
555 279 0
553 306 0
553 334 0
555 356 0
560 364 1
656 227 0
656 232 0
653 245 0
647 271 0
645 298 0
641 317 0
641 332 0
641 342 0
640 349 1
607 299 0
610 301 0
614 302 0
651 300 0
681 297 0
695 295 1
704 234 0
704 238 0
702 257 0
696 287 0
693 315 0
691 332 0
691 340 0
692 343 0
701 340 0
711 333 0
722 327 0
729 324 0
733 324 0
736 326 0
738 331 0
744 340 0
760 348 0
779 357 1
