you
495 313 0
496 321 0
496 331 0
497 343 0
501 350 0
508 350 0
520 343 0
539 327 0
547 319 0
549 318 0
553 315 0
556 316 0
559 326 0
561 345 0
563 377 0
558 401 0
553 413 0
545 425 0
535 433 0
527 435 0
519 435 0
515 433 0
517 423 0
526 403 0
553 370 0
570 356 0
590 339 0
605 328 0
613 322 0
616 320 0
621 318 0
616 323 0
611 330 0
607 342 0
605 353 0
606 357 0
614 356 0
622 353 0
628 348 0
632 345 0
633 337 0
630 330 0
626 325 0
621 320 0
619 318 0
629 320 0
641 318 0
652 315 0
660 313 0
665 312 0
668 311 0
672 312 0
674 326 0
674 329 0
675 338 0
677 345 0
683 346 0
692 344 0
703 335 0
708 331 0
714 328 0
719 338 0
721 345 0
728 352 1
