taken
406 270 0
403 285 0
399 305 0
393 329 0
392 353 0
393 373 0
399 379 0
405 387 0
418 394 0
429 396 0
446 400 1
381 348 0
387 348 0
403 346 0
420 341 0
439 336 0
459 331 0
463 330 1
524 336 0
516 340 0
508 342 0
498 344 0
488 350 0
476 363 0
471 373 0
471 379 0
475 383 0
485 383 0
506 373 0
518 363 0
524 357 0
527 353 0
529 351 0
531 351 0
532 360 0
538 372 0
549 377 0
558 379 0
574 381 1
604 287 0
605 293 0
605 303 0
604 324 0
602 350 0
602 364 0
601 371 0
601 376 1
658 334 0
660 338 0
656 339 0
645 343 0
631 349 0
621 357 0
617 363 0
616 369 0
618 373 0
626 375 0
645 375 0
667 366 0
681 359 0
689 354 0
693 351 0
694 347 0
692 343 0
690 339 0
688 337 0
682 340 0
676 344 0
672 353 0
669 363 0
670 369 0
676 372 0
691 367 0
712 358 0
717 354 0
722 352 0
725 353 0
725 357 0
726 363 0
728 369 0
733 373 0
740 371 0
757 363 0
774 356 0
782 354 0
785 355 0
789 358 0
792 364 0
795 371 0
801 375 0
813 378 0
829 380 0
840 382 1
