most
375 322 0
377 326 0
379 336 0
381 361 0
383 375 0
384 379 0
385 381 0
388 377 0
393 366 0
402 353 0
407 346 0
411 343 0
414 342 0
417 342 0
421 348 0
425 355 0
429 363 0
433 365 0
440 363 0
458 351 0
469 343 0
475 341 0
479 340 0
482 341 0
487 354 0
489 363 0
491 366 0
494 368 1
533 334 0
532 338 0
531 350 0
533 361 0
538 369 0
550 371 0
572 362 0
591 349 0
598 341 0
599 334 0
596 327 0
591 320 0
582 318 0
570 319 0
556 326 0
552 329 0
538 337 1
657 308 0
648 314 0
636 323 0
631 329 0
632 334 0
635 337 0
643 342 0
652 346 0
657 350 0
661 353 0
658 356 0
650 365 0
630 376 0
619 381 0
616 382 1
712 227 0
712 233 0
709 256 0
705 284 0
702 312 0
698 336 0
696 347 0
694 356 0
693 361 0
693 365 0
693 367 0
693 370 0
692 362 0
688 346 0
682 331 0
680 326 0
679 323 0
681 321 0
692 320 0
709 318 0
725 314 1
