your
481 301 0
481 307 0
478 326 0
478 354 0
480 368 0
493 367 0
507 357 0
520 342 0
530 329 0
537 321 0
540 317 0
545 313 0
548 321 0
548 331 0
550 341 0
550 362 0
546 379 0
538 403 0
530 418 0
520 428 0
513 434 0
508 436 0
500 436 0
495 428 0
498 417 0
513 393 0
532 371 0
553 354 0
575 340 0
591 329 0
597 324 0
601 322 0
603 321 0
601 329 0
598 336 0
597 343 0
599 349 0
605 352 0
615 353 0
622 350 0
626 345 0
627 337 0
625 330 0
622 325 0
618 319 0
615 316 0
621 318 0
633 318 0
663 314 0
676 312 0
683 311 0
688 311 0
691 311 0
694 312 0
695 326 0
696 335 0
699 342 0
703 346 0
707 348 0
713 347 0
717 343 0
722 336 0
726 331 0
728 328 0
732 326 0
734 331 0
741 340 0
752 345 0
773 344 0
786 339 0
795 334 0
804 327 0
810 325 0
811 332 0
812 338 0
812 343 0
809 331 0
809 324 0
812 318 0
820 309 0
833 298 0
840 293 0
853 282 1
