observe
526 345 0
519 344 0
514 343 0
508 344 0
499 349 0
491 362 0
485 376 0
486 384 0
491 388 0
503 388 0
529 381 0
543 372 0
547 367 0
548 364 0
549 362 0
539 354 0
527 348 0
511 339 0
508 337 1
601 246 0
603 257 0
601 289 0
594 332 0
591 352 0
588 364 0
588 369 0
588 372 0
596 358 0
607 349 0
623 338 0
643 333 0
653 332 0
657 334 0
664 342 0
665 350 0
660 360 0
650 368 0
626 374 0
616 373 0
610 372 1
738 314 0
735 315 0
716 326 0
706 333 0
703 337 0
703 342 0
706 347 0
709 351 0
711 354 0
716 361 0
716 368 0
712 373 0
705 378 0
702 379 1
766 343 0
769 345 0
775 348 0
779 351 0
786 352 0
793 349 0
800 343 0
806 334 0
809 327 0
809 321 0
796 328 0
780 343 0
771 357 0
770 362 0
775 368 0
789 370 0
809 363 0
822 357 0
831 350 0
840 345 0
846 342 0
849 342 0
849 351 0
848 359 0
848 366 0
848 369 0
848 374 0
849 366 0
850 354 0
851 336 0
852 332 0
855 328 0
858 329 0
865 329 0
867 329 1
890 322 0
890 326 0
892 334 0
895 342 0
898 353 0
900 360 0
902 364 0
902 367 0
905 366 0
914 356 0
931 329 0
943 315 0
951 308 0
953 312 0
953 322 0
954 330 0
955 336 0
959 339 0
969 340 0
980 336 0
990 327 0
996 322 0
997 318 0
996 315 0
983 316 0
967 328 0
958 341 0
956 352 0
958 363 0
968 370 0
1003 372 0
1023 373 0
1026 373 1
