pillage
345 363 0
349 381 0
352 404 0
353 426 0
352 439 0
352 443 0
350 388 0
353 363 0
359 348 0
366 334 0
373 328 0
382 328 0
392 332 0
397 352 0
391 371 0
385 380 0
377 386 0
367 387 0
365 385 1
430 327 0
430 330 0
429 337 0
428 351 0
430 368 0
432 374 0
436 380 0
443 384 0
451 384 0
468 376 0
489 361 0
504 342 0
518 321 0
524 304 0
527 290 0
527 278 0
525 270 0
525 267 0
519 270 0
510 286 0
499 314 0
495 341 0
495 356 0
498 365 0
505 370 0
514 369 0
525 362 0
542 341 0
550 327 0
553 316 0
556 297 0
557 290 0
552 298 0
544 322 0
539 345 0
540 357 0
544 365 0
551 369 0
556 369 1
618 341 0
615 340 0
610 338 0
606 338 0
601 341 0
595 348 0
592 356 0
592 362 0
602 361 0
610 357 0
616 352 0
619 350 0
622 348 0
624 348 0
630 357 0
637 362 0
643 363 1
711 321 0
704 321 0
696 322 0
688 326 0
680 332 0
673 341 0
672 344 0
674 349 0
678 349 0
687 346 0
691 345 0
693 345 0
698 345 0
701 350 0
704 360 0
708 378 0
707 403 0
703 422 0
695 444 0
687 450 0
678 455 0
669 455 0
664 450 0
666 442 0
681 417 0
711 392 0
746 371 0
769 358 0
793 341 0
808 325 0
810 322 0
810 319 0
802 318 0
783 323 0
768 330 0
760 339 0
757 348 0
761 357 0
778 363 0
793 366 0
809 370 1
438 265 0
436 269 1
