discipline
338 322 0
327 319 0
315 317 0
296 319 0
276 327 0
264 339 0
255 362 0
253 382 0
254 393 0
260 398 0
273 393 0
302 367 0
331 329 0
337 311 0
343 283 0
347 260 0
350 248 0
353 242 0
350 275 0
342 326 0
339 351 0
340 365 0
342 373 0
343 376 0
348 380 0
356 371 0
366 355 0
374 343 0
377 339 0
381 336 0
385 338 0
387 344 0
391 355 0
394 367 0
398 370 0
405 370 1
481 300 0
476 304 0
469 311 0
458 322 0
454 331 0
455 335 0
459 339 0
468 341 0
479 344 0
486 347 0
490 352 0
485 359 0
469 374 0
457 384 1
559 315 0
546 326 0
537 336 0
531 347 0
527 358 0
525 367 0
526 370 0
532 373 0
544 370 0
568 357 0
586 342 0
594 335 0
598 332 0
600 329 0
605 327 0
608 327 0
608 345 0
609 356 0
610 360 0
620 362 0
625 361 1
676 322 0
676 328 0
675 341 0
671 365 0
665 392 0
662 406 0
659 414 0
658 419 0
657 421 0
655 397 0
657 376 0
662 360 0
682 323 0
691 319 0
697 316 0
704 318 0
708 322 0
709 329 0
707 338 0
698 350 0
685 360 0
675 363 1
741 328 0
745 331 0
754 325 0
766 306 0
776 284 0
781 269 0
783 258 0
783 253 0
781 249 0
775 254 0
763 273 0
750 296 0
741 325 0
738 344 0
741 359 0
743 365 0
752 364 0
769 353 0
786 338 0
791 330 0
795 327 0
799 325 0
798 338 0
798 347 0
798 353 0
808 351 0
822 341 0
840 327 0
849 321 0
851 319 0
856 319 0
857 323 0
856 330 0
854 338 0
853 342 0
854 346 0
877 341 0
896 334 0
903 331 0
910 332 0
914 334 0
919 341 0
922 345 0
927 350 0
934 353 0
941 354 0
953 349 0
971 333 0
982 321 0
984 314 0
982 313 0
977 317 0
969 328 0
964 343 0
971 351 0
990 355 0
1012 358 1
858 242 0
851 250 0
840 262 0
824 278 1
648 236 0
643 241 1
441 243 0
431 256 0
421 277 0
413 292 0
412 295 1
