colonels
375 335 0
365 340 0
356 347 0
348 361 0
344 374 0
342 387 0
345 398 0
353 405 0
367 407 0
382 407 0
398 407 1
470 363 0
467 363 0
460 363 0
442 367 0
430 373 0
420 381 0
417 388 0
417 395 0
425 401 0
437 402 0
455 398 0
468 386 0
472 379 0
472 372 0
471 365 0
469 359 0
468 357 0
473 358 0
483 357 0
506 347 0
527 333 0
538 322 0
549 306 0
553 291 0
554 280 0
554 277 0
553 273 0
544 279 0
531 297 0
525 314 0
520 338 0
520 357 0
524 373 0
530 381 0
535 385 1
592 356 0
591 360 0
587 366 0
585 373 0
584 379 0
585 383 0
591 385 0
599 380 0
612 364 0
622 347 0
620 340 0
615 337 0
604 341 0
590 351 0
586 354 0
585 359 1
655 336 0
655 339 0
655 343 0
653 353 0
653 363 0
653 369 0
654 373 0
657 372 0
666 367 0
677 362 0
683 359 0
686 358 0
695 357 0
701 361 0
707 368 0
714 374 0
722 376 0
733 375 0
746 368 0
756 356 0
762 346 0
764 340 0
762 337 0
756 341 0
748 353 0
742 369 0
743 376 0
744 379 0
755 379 0
779 364 0
798 340 0
811 313 0
815 290 0
817 275 0
817 272 0
811 279 0
795 320 0
789 349 0
789 363 0
794 378 0
800 387 0
808 400 1
854 350 0
851 353 0
845 357 0
841 366 0
843 370 0
847 375 0
852 382 0
853 387 0
852 393 0
848 395 1
