having
358 234 0
362 247 0
363 269 0
363 299 0
361 327 0
361 346 0
361 352 0
363 365 0
365 368 0
370 367 0
386 356 0
404 342 0
417 332 0
427 326 0
430 325 0
436 324 0
440 341 0
445 355 0
448 362 0
454 365 1
540 327 0
524 327 0
505 331 0
495 338 0
486 349 0
481 361 0
482 368 0
486 369 0
505 363 0
522 350 0
527 345 0
532 339 0
536 335 0
538 333 0
540 335 0
541 339 0
543 347 0
545 353 1
573 315 0
573 318 0
576 336 0
578 348 0
581 358 0
583 361 0
587 363 0
594 355 0
607 337 0
618 325 0
624 319 0
628 316 1
659 315 0
658 318 0
656 323 0
655 334 0
658 343 0
663 349 0
671 352 0
681 349 0
699 336 0
705 330 0
709 328 0
714 327 0
717 336 0
719 341 0
720 345 0
726 349 0
733 346 0
748 340 0
768 332 0
774 333 0
778 335 0
780 339 0
782 344 0
791 350 0
794 348 1
876 314 0
869 315 0
858 315 0
846 315 0
836 318 0
826 328 0
821 337 0
820 342 0
826 346 0
840 346 0
856 339 0
866 331 0
872 326 0
878 321 0
880 321 0
883 329 0
886 344 0
889 390 0
887 411 0
884 418 0
876 422 0
857 424 0
847 419 0
843 409 0
849 397 0
870 374 0
884 359 0
889 354 1
669 237 0
669 242 1
