kind
463 260 0
463 264 0
463 270 0
463 283 0
463 302 0
463 331 0
461 359 0
459 379 0
458 387 0
458 391 1
505 319 0
501 324 0
496 328 0
491 331 0
485 336 0
477 344 0
472 353 0
473 362 0
478 369 0
486 375 0
500 377 0
512 375 0
524 370 0
538 363 0
544 359 0
548 357 0
552 352 0
555 348 0
560 353 0
560 360 0
561 365 0
562 368 0
569 367 0
578 363 0
586 358 0
593 354 0
597 352 0
600 352 0
604 354 0
606 357 0
608 361 0
608 365 0
609 369 0
609 372 0
620 368 0
624 365 0
630 362 0
634 360 0
637 359 0
641 358 0
644 359 0
646 363 0
650 367 0
656 369 0
665 369 0
675 367 0
694 363 1
747 337 0
740 337 0
731 337 0
720 342 0
709 350 0
702 360 0
698 369 0
697 375 0
699 378 0
705 375 0
720 362 0
736 339 0
749 313 0
758 288 0
764 275 0
765 272 0
765 270 0
766 277 0
758 305 0
753 332 0
755 351 0
758 360 0
760 362 0
773 362 0
796 360 0
815 357 1
577 262 0
577 267 1
