with
427 305 0
425 312 0
424 319 0
422 336 0
420 358 0
421 369 0
422 375 0
425 379 0
429 381 0
432 382 0
441 375 0
451 363 0
458 355 0
461 352 0
465 354 0
469 362 0
474 368 0
480 372 0
490 374 0
501 370 0
506 367 0
510 359 0
513 352 0
514 345 0
514 342 0
515 338 0
522 333 0
528 331 0
536 330 0
542 329 0
546 329 0
549 329 0
553 329 0
553 335 0
553 343 0
554 354 0
557 362 0
570 366 0
581 364 0
598 360 1
620 233 0
619 243 0
618 259 0
619 284 0
619 304 0
619 327 0
618 332 0
617 353 0
616 363 0
616 366 0
615 360 0
612 351 0
611 345 0
610 340 0
616 333 0
625 329 0
641 323 0
664 313 0
674 304 0
682 293 0
686 281 0
689 263 0
690 253 0
690 249 0
681 278 0
677 296 0
675 314 0
674 334 0
676 343 0
679 346 0
682 346 0
690 343 0
698 342 0
704 342 0
709 347 0
713 352 0
715 355 0
719 357 0
723 357 1
566 252 0
564 259 0
562 264 1
