that
393 263 0
393 269 0
392 281 0
388 307 0
383 336 0
384 361 0
387 376 0
392 383 0
405 393 0
430 395 0
442 397 0
456 397 1
376 350 0
400 346 0
423 337 0
434 333 1
473 282 0
474 289 0
474 296 0
475 305 0
474 325 0
475 337 0
474 357 0
474 369 0
476 373 0
476 376 0
481 377 0
486 377 0
494 374 0
505 368 0
516 363 0
523 361 0
526 360 0
530 364 0
536 374 0
543 377 0
550 378 0
557 376 1
621 342 0
617 344 0
609 344 0
603 346 0
596 349 0
588 355 0
582 364 0
579 370 0
580 376 0
582 379 0
585 379 0
594 373 0
600 369 0
607 364 0
615 359 0
618 356 0
623 355 0
627 367 0
630 375 0
635 381 0
641 382 0
646 380 1
698 258 0
698 262 0
698 277 0
697 303 0
695 331 0
692 356 0
691 371 0
690 379 0
689 385 0
685 372 0
682 353 0
682 346 0
681 344 0
681 341 0
684 340 0
692 338 0
704 334 0
720 328 1
