mercer
283 292 0
283 295 0
283 302 0
282 312 0
281 336 0
281 348 0
282 358 0
283 363 0
285 366 0
292 347 0
302 331 0
309 324 0
314 320 0
320 319 0
323 321 0
326 326 0
328 333 0
330 337 0
335 342 0
339 340 0
351 335 0
364 327 0
372 323 0
375 322 0
379 324 0
383 330 0
389 337 0
399 342 0
416 346 0
439 347 0
454 342 0
464 334 0
470 325 0
472 316 0
468 310 0
464 305 0
458 305 0
453 308 0
449 315 0
445 325 0
446 335 0
452 341 0
460 343 0
473 342 0
483 342 0
489 343 0
493 342 0
502 344 0
509 347 0
513 350 0
518 352 0
521 353 0
520 339 0
520 328 0
522 320 0
524 317 0
528 314 0
534 313 1
635 298 0
632 300 0
620 303 0
598 313 0
587 322 0
583 331 0
582 340 0
584 347 0
597 354 0
629 358 0
659 355 0
686 345 0
705 332 0
713 325 0
715 319 0
714 316 0
711 316 0
703 317 0
694 324 0
682 336 0
678 344 0
680 350 0
689 354 0
720 355 0
745 353 0
758 352 0
765 352 0
772 354 0
776 356 0
779 357 0
781 358 0
784 355 0
786 344 0
787 333 0
790 322 0
793 314 0
797 307 0
803 303 0
806 301 1
