salt
417 317 0
406 325 0
395 334 0
393 338 0
393 341 0
399 348 0
408 358 0
418 369 0
423 375 0
423 379 0
421 385 0
416 389 0
408 390 0
400 388 1
505 343 0
497 341 0
489 339 0
480 339 0
470 342 0
461 349 0
457 357 0
456 367 0
459 373 0
467 376 0
479 373 0
494 364 0
502 358 0
506 355 0
509 352 0
512 364 0
519 369 0
533 368 0
556 358 0
578 339 0
594 316 0
604 293 0
606 276 0
606 265 0
602 260 0
596 259 0
585 266 0
561 296 0
550 323 0
546 349 0
551 368 0
562 375 0
580 373 0
607 358 0
629 335 0
645 308 0
660 279 0
664 268 0
666 263 0
664 308 0
658 349 0
656 362 0
656 370 0
656 374 0
656 365 0
654 354 0
653 351 0
659 347 0
666 345 1
