enough
365 376 0
369 378 0
377 377 0
387 374 0
399 366 0
412 353 0
418 344 0
421 338 0
420 335 0
417 333 0
408 334 0
403 338 0
398 349 0
392 369 0
392 378 0
395 387 0
399 391 0
407 392 0
417 388 0
431 379 0
443 371 0
448 365 0
453 359 0
455 356 0
459 355 0
462 358 0
465 370 0
467 379 0
469 384 0
472 387 0
489 378 0
505 370 0
512 369 0
516 369 0
519 370 0
521 373 0
524 379 0
526 383 1
572 349 0
570 353 0
565 363 0
566 371 0
569 375 0
575 377 0
583 374 0
592 366 0
597 354 0
597 348 0
594 344 0
587 343 0
583 342 0
580 341 0
578 342 0
583 343 0
592 343 0
603 343 0
613 341 0
619 340 0
623 339 0
627 340 0
627 343 0
631 359 0
633 365 0
637 368 0
644 367 0
659 357 0
672 348 0
679 348 0
680 352 0
682 356 0
684 360 0
693 361 1
746 333 0
743 337 0
736 338 0
729 340 0
721 344 0
716 350 0
715 356 0
717 359 0
722 359 0
733 349 0
741 340 0
744 336 0
746 334 0
751 336 0
754 344 0
756 354 0
759 367 0
761 384 0
763 410 0
761 427 0
757 439 0
751 446 0
743 448 0
735 445 0
727 437 0
726 430 0
729 421 0
739 405 0
755 382 0
770 359 0
785 339 0
794 324 0
800 309 0
810 268 0
810 262 0
804 277 0
797 296 0
792 318 0
792 336 0
795 348 0
796 358 0
797 363 0
799 367 0
801 368 0
811 365 0
822 362 0
832 359 0
837 359 0
844 364 0
847 367 0
851 369 0
853 370 1
