opportunity
173 295 0
165 295 0
157 296 0
146 301 0
133 312 0
126 325 0
126 336 0
132 342 0
144 343 0
165 334 0
178 322 0
182 313 0
183 306 0
181 295 0
179 291 0
178 289 0
182 293 0
188 295 0
198 297 0
205 298 0
210 298 0
213 299 0
217 301 0
220 307 0
223 321 0
224 353 0
224 381 0
223 398 0
221 404 0
220 408 0
216 403 0
203 365 0
203 334 0
210 321 0
225 306 0
246 296 0
253 301 0
260 306 0
262 313 0
260 322 0
253 330 0
247 334 1
285 319 0
287 329 0
290 353 0
292 379 0
290 396 0
289 408 0
288 412 0
287 414 0
285 404 0
286 369 0
293 315 0
298 299 0
301 297 0
315 292 0
329 296 0
336 302 0
337 313 0
331 329 0
315 349 0
305 354 0
298 352 1
401 295 0
388 299 0
374 305 0
362 314 0
358 323 0
358 332 0
360 338 0
363 338 0
378 337 0
396 329 0
402 323 0
403 314 0
402 303 0
399 295 0
398 291 0
397 288 0
407 293 0
419 296 0
428 297 0
436 298 0
440 301 0
444 308 0
446 315 0
447 321 0
447 325 0
447 327 0
451 315 0
451 311 0
453 307 0
462 303 0
475 299 0
490 293 0
507 286 1
513 170 0
515 180 0
515 202 0
514 232 0
512 264 0
512 298 0
514 313 0
514 323 0
514 328 0
514 332 0
510 324 0
508 319 0
508 316 0
517 311 0
528 308 0
541 302 0
550 297 0
557 292 0
560 290 0
563 290 0
566 303 0
569 315 0
575 324 0
582 328 0
591 327 0
604 320 0
616 310 0
623 300 0
626 297 0
630 301 0
638 308 0
649 309 0
663 305 0
670 301 0
675 298 0
678 297 0
680 296 0
683 299 0
685 302 0
688 307 0
691 309 0
694 310 0
699 309 0
707 305 0
714 298 0
721 293 0
724 292 0
726 291 0
728 295 0
733 302 0
736 306 0
742 309 0
747 310 0
752 310 0
764 303 0
775 295 0
778 292 0
780 291 0
783 299 0
784 305 0
786 311 0
791 313 0
794 314 1
842 179 0
844 183 0
844 205 0
843 227 0
843 238 0
839 289 0
837 317 0
838 323 0
839 327 0
837 314 0
834 305 0
832 299 0
832 295 0
835 292 0
842 288 0
855 284 0
875 281 0
885 280 0
891 281 0
897 282 0
899 287 0
900 299 0
903 306 0
909 309 0
917 308 0
925 307 0
930 304 0
940 295 0
946 291 0
950 288 0
952 296 0
954 312 0
953 347 0
948 373 0
944 384 0
935 392 0
927 395 0
920 392 0
918 385 0
926 370 0
963 332 0
979 316 0
985 310 1
785 204 0
783 216 1
