useless
301 339 0
301 347 0
299 357 0
298 372 0
299 381 0
300 385 0
306 389 0
321 381 0
337 368 0
345 361 0
350 357 0
353 354 0
356 358 0
358 369 0
360 376 0
364 382 0
376 387 1
431 328 0
431 332 0
428 336 0
428 339 0
432 344 0
438 350 0
445 359 0
450 367 0
451 373 0
449 378 0
443 381 0
438 380 0
435 380 1
478 355 0
482 358 0
485 359 0
490 358 0
494 356 0
498 354 0
497 349 0
491 345 0
486 347 0
480 349 0
474 357 0
472 367 0
473 375 0
478 380 0
487 383 0
501 382 0
528 369 0
548 353 0
563 334 0
572 317 0
575 298 0
576 286 0
574 278 0
573 275 0
566 275 0
558 280 0
545 298 0
538 319 0
535 342 0
536 357 0
542 365 0
553 368 0
593 358 0
608 350 0
616 343 0
619 335 0
618 330 0
617 327 0
610 331 0
599 340 0
589 357 0
587 369 0
590 373 0
597 374 0
607 372 0
625 369 1
669 327 0
668 330 0
664 334 0
662 337 0
663 341 0
667 345 0
671 348 0
677 356 0
679 362 0
678 368 0
673 375 0
664 382 0
654 384 0
650 384 1
736 322 0
728 329 0
719 334 0
713 340 0
710 344 0
711 347 0
713 350 0
717 357 0
719 365 0
717 372 0
712 379 0
709 382 1
