burgh
362 256 0
363 260 0
364 274 0
365 299 0
364 327 0
365 340 0
366 346 0
366 348 0
369 346 0
381 342 0
396 340 0
408 344 0
415 347 0
415 355 0
413 364 0
406 373 0
400 379 0
392 379 0
386 372 1
461 333 0
461 337 0
459 346 0
457 355 0
456 363 0
458 369 0
470 373 0
477 369 0
486 362 0
492 355 0
496 352 0
499 350 0
503 352 0
507 361 0
512 366 0
517 370 0
520 372 0
526 372 0
531 372 0
536 372 0
540 373 0
543 375 0
547 367 0
547 360 0
547 355 0
549 350 0
553 344 0
557 341 0
564 339 1
646 323 0
639 327 0
632 327 0
622 328 0
612 330 0
601 334 0
591 341 0
585 348 0
585 352 0
589 354 0
595 355 0
604 354 0
611 353 0
616 352 0
620 349 0
622 348 0
625 348 0
627 348 0
631 348 0
634 356 0
636 370 0
640 387 0
637 405 0
635 421 0
628 436 0
621 443 0
617 443 0
609 439 0
601 433 0
598 425 0
600 418 0
608 409 0
628 387 0
662 354 0
679 333 0
697 313 0
706 288 0
713 272 0
716 262 0
718 257 0
719 254 0
715 263 0
710 283 0
705 310 0
703 332 0
704 342 0
705 348 0
707 352 0
710 354 0
712 355 0
719 354 0
725 354 0
731 355 0
736 356 0
742 360 0
746 365 0
750 368 0
756 370 1
