intimate
312 290 0
312 293 0
312 298 0
311 306 0
310 320 0
309 336 0
310 352 0
313 361 0
319 363 0
328 358 0
346 342 0
359 330 0
365 324 0
369 322 0
373 322 0
374 330 0
376 339 0
376 341 0
380 343 0
388 337 0
400 329 0
407 324 0
411 322 0
415 320 0
418 323 0
420 327 0
422 331 0
426 334 0
434 333 0
447 331 0
467 325 1
503 215 0
504 223 0
504 240 0
501 269 0
498 298 0
497 319 0
497 327 0
497 330 0
497 334 0
493 329 0
493 324 0
499 318 0
506 314 0
514 310 0
520 309 0
523 308 0
528 307 0
531 309 0
534 311 0
537 318 0
541 327 0
544 335 0
549 340 0
556 341 0
565 337 0
579 326 0
592 317 0
598 312 0
601 311 0
605 310 0
607 312 0
610 318 0
611 324 0
612 328 0
613 331 0
612 334 0
616 335 0
623 330 0
631 325 0
636 322 0
640 322 0
642 326 0
645 330 0
650 332 0
658 329 0
669 324 0
677 320 0
680 319 0
684 317 0
688 318 0
691 320 0
693 325 1
768 310 0
760 308 0
752 308 0
742 311 0
734 316 0
727 324 0
723 329 0
724 333 0
738 327 0
748 321 0
754 316 0
757 315 0
760 318 0
762 324 0
766 331 0
771 334 1
812 234 0
812 243 0
810 257 0
807 284 0
805 310 0
806 326 0
806 334 0
806 337 0
805 327 0
805 320 0
805 317 0
807 313 0
813 313 0
820 313 0
831 313 0
840 312 0
847 309 0
851 308 0
856 304 0
856 301 0
850 302 0
843 307 0
838 314 0
836 324 0
840 336 0
854 345 0
875 350 0
896 354 1
343 214 0
343 223 0
343 231 1
553 213 0
553 217 0
551 223 1
