instructions
113 290 0
115 294 0
115 297 0
113 310 0
113 324 0
113 343 0
115 352 0
120 354 0
125 352 0
143 332 0
158 313 0
165 304 0
173 301 0
176 305 0
177 314 0
177 323 0
179 334 0
186 331 0
203 315 0
213 308 0
217 307 0
222 306 0
225 309 0
228 314 0
230 317 0
234 322 1
286 280 0
285 284 0
281 290 0
275 300 0
270 307 0
269 309 0
268 311 0
275 316 0
283 319 0
288 321 0
292 323 0
292 327 0
289 333 0
283 338 0
279 338 1
322 205 0
324 208 0
324 215 0
325 231 0
327 260 0
327 288 0
328 311 0
328 322 0
329 330 0
330 333 0
333 334 0
332 328 0
330 324 0
327 319 0
325 316 0
324 312 0
328 311 0
337 308 0
350 305 0
358 305 0
363 306 0
366 309 0
368 313 0
370 316 0
370 322 0
372 326 0
373 329 0
375 313 0
376 304 0
378 300 0
383 296 0
388 294 0
395 291 0
399 289 0
403 288 0
406 288 0
408 291 0
410 301 0
411 309 0
412 317 0
413 321 0
420 321 0
431 312 0
447 294 0
452 288 0
456 284 0
459 292 0
462 302 0
464 310 0
466 313 1
530 266 0
524 274 0
517 282 0
511 291 0
504 301 0
500 309 0
498 316 0
500 322 0
509 326 0
520 327 0
530 327 0
546 326 1
561 204 0
564 211 0
565 224 0
567 255 0
569 286 0
570 312 0
571 328 0
572 337 0
573 340 0
574 344 0
572 339 0
571 334 0
571 331 0
571 328 0
571 325 0
577 319 0
584 314 1
620 290 0
620 293 0
620 297 0
618 301 0
617 309 0
619 318 0
623 325 0
628 328 0
634 328 0
638 326 0
647 325 0
662 322 1
688 282 0
685 287 0
682 297 0
680 309 0
681 319 0
688 323 0
699 321 0
712 312 0
718 303 0
719 295 0
718 290 0
708 284 0
703 285 0
700 286 0
706 287 0
718 283 0
733 280 0
746 278 0
755 277 0
761 279 0
763 280 0
769 289 0
770 296 0
771 305 0
772 312 0
773 315 0
778 315 0
785 311 0
791 308 0
795 307 0
800 306 0
802 310 0
805 313 0
807 315 1
883 263 0
881 267 0
876 271 0
867 279 0
858 287 0
856 292 0
857 295 0
865 297 0
876 302 0
884 307 0
888 315 0
885 324 0
874 334 0
862 339 0
854 341 0
838 343 1
634 199 0
629 209 0
623 218 0
613 232 1
136 203 0
136 207 0
132 215 0
129 223 1
