some
443 303 0
436 311 0
429 320 0
424 329 0
423 336 0
431 346 0
457 362 0
464 366 0
466 370 0
451 381 0
433 391 0
424 394 0
421 395 1
498 340 0
498 344 0
496 350 0
496 359 0
498 368 0
504 374 0
512 376 0
520 374 0
525 371 0
542 351 0
545 335 0
542 329 0
536 329 0
528 332 0
518 335 0
512 337 1
568 315 0
570 322 0
570 328 0
570 338 0
570 351 0
569 359 0
569 363 0
569 367 0
574 364 0
580 359 0
593 351 0
599 348 0
603 349 0
605 353 0
616 352 0
631 347 0
651 340 0
659 338 0
665 339 0
673 349 0
676 354 0
679 359 0
684 361 0
691 361 0
702 355 0
720 339 0
732 326 0
736 321 0
738 319 0
734 321 0
729 326 0
717 342 0
714 353 0
713 360 0
718 366 0
733 367 0
752 367 0
769 366 1
