that
403 237 0
404 243 0
402 254 0
398 282 0
394 312 0
389 339 0
390 364 0
393 376 0
399 383 0
407 387 0
419 388 0
434 386 0
454 384 1
363 342 0
375 342 0
400 337 0
417 334 0
434 328 1
479 263 0
479 267 0
477 279 0
475 297 0
473 312 0
472 322 0
470 341 0
469 353 0
469 360 0
471 362 0
474 361 0
483 356 0
496 349 0
505 346 0
512 345 0
517 347 0
522 351 0
525 355 0
529 362 0
536 363 1
611 331 0
598 332 0
586 334 0
576 340 0
570 348 0
568 355 0
568 361 0
574 363 0
583 363 0
592 360 0
600 357 0
606 352 0
612 348 0
615 346 0
619 345 0
623 353 0
629 360 0
639 362 0
655 366 0
660 367 1
684 236 0
684 240 0
684 251 0
684 272 0
686 297 0
688 326 0
687 352 0
688 366 0
689 371 0
689 375 0
681 359 0
678 350 0
675 341 0
674 335 0
672 331 0
671 328 0
680 326 0
697 324 0
722 320 1
