this
453 270 0
456 285 0
454 314 0
451 343 0
445 369 0
447 382 0
449 389 0
459 395 0
476 395 0
506 386 0
522 378 0
538 368 1
421 352 0
430 355 0
448 352 0
476 343 0
492 336 0
506 329 1
516 278 0
519 282 0
519 289 0
520 299 0
519 315 0
519 339 0
517 365 0
516 378 0
516 384 0
518 388 0
526 386 0
539 378 0
551 373 0
554 372 0
558 369 0
561 369 0
567 377 0
570 380 0
576 382 0
583 378 0
599 365 0
605 360 0
608 359 0
609 363 0
610 370 0
612 375 0
626 381 0
635 380 0
652 377 1
683 329 0
679 332 0
671 341 0
669 343 0
670 346 0
676 350 0
684 357 0
688 367 0
687 373 0
682 379 0
675 381 1
632 290 0
629 298 0
627 301 1
