but
366 242 0
369 248 0
374 271 0
377 304 0
379 332 0
378 350 0
378 356 0
378 360 0
389 350 0
404 334 0
419 325 0
433 322 0
445 320 0
452 324 0
455 331 0
454 346 0
441 369 0
422 384 0
408 389 0
394 390 0
380 385 0
373 380 0
354 364 1
483 320 0
486 323 0
484 332 0
482 342 0
480 358 0
480 365 0
481 368 0
492 363 0
503 353 0
513 341 0
518 335 0
521 332 0
524 342 0
526 351 0
529 359 0
534 364 0
548 360 0
565 355 0
574 352 1
587 243 0
586 252 0
584 263 0
584 292 0
584 321 0
585 340 0
586 354 0
587 362 0
588 365 0
588 368 0
585 359 0
581 349 0
579 339 0
578 334 0
579 331 0
583 327 0
591 325 0
604 322 0
622 315 1
