1755
290 353 0
292 357 0
300 354 0
317 340 0
338 320 0
355 300 0
365 289 0
369 286 0
375 289 0
377 298 0
380 314 0
381 322 0
382 339 0
385 359 0
387 377 1
406 263 0
409 265 0
418 268 0
436 270 0
459 273 0
469 276 0
475 279 0
480 288 0
484 308 0
486 335 0
485 349 0
484 352 0
481 366 1
453 311 0
466 316 0
482 318 0
498 320 0
514 322 1
554 287 0
553 290 0
551 295 0
549 301 0
550 307 0
552 311 0
559 317 0
571 323 0
585 331 0
589 335 0
591 341 0
585 345 0
576 351 0
569 354 1
556 288 0
568 290 0
592 286 0
609 282 0
626 277 1
655 280 0
653 283 0
650 287 0
650 291 0
649 295 0
652 298 0
658 305 0
667 313 0
672 320 0
673 326 0
670 333 0
665 339 0
659 343 0
653 343 1
667 277 0
674 279 0
689 279 0
709 279 0
721 278 0
738 276 1
