fredericks
115 355 0
123 353 0
133 347 0
154 331 0
170 311 0
178 297 0
183 282 0
186 265 0
187 254 0
187 247 0
186 242 0
182 237 0
177 236 0
174 238 0
168 242 0
164 252 0
157 281 0
152 315 0
143 365 0
143 385 0
142 396 0
140 409 0
140 415 0
144 400 0
149 384 0
159 370 0
165 366 0
172 365 0
175 366 0
179 368 0
181 369 0
184 372 0
185 374 0
188 378 0
187 381 0
187 375 0
187 366 0
188 360 0
189 357 0
195 352 0
204 351 0
215 351 0
227 350 0
239 347 0
247 344 0
252 341 0
256 336 0
259 332 0
261 329 0
251 339 0
245 346 0
241 358 0
240 368 0
249 373 0
256 373 1
316 339 0
308 340 0
301 341 0
295 343 0
288 347 0
281 353 0
276 364 0
275 371 0
277 374 0
282 375 0
292 369 0
310 353 0
326 333 0
335 316 0
343 292 0
347 276 0
350 264 0
351 257 0
352 255 0
349 268 0
344 294 0
340 321 0
338 348 0
338 362 0
340 370 0
344 375 0
354 374 0
364 367 0
378 353 0
387 338 0
390 331 0
390 328 0
382 333 0
377 341 0
374 352 0
372 361 0
373 367 0
376 370 0
386 369 0
398 364 0
410 360 0
413 359 0
422 357 0
428 358 0
432 360 0
435 363 0
438 368 0
441 369 0
441 364 0
441 352 0
443 342 0
445 335 0
448 330 0
455 326 0
462 324 0
468 324 0
474 324 0
477 325 0
480 326 0
484 328 0
485 333 0
484 342 0
485 353 0
488 364 0
493 370 0
501 368 0
503 368 1
583 313 0
574 316 0
561 320 0
550 327 0
543 333 0
539 341 0
537 349 0
540 355 0
549 357 0
561 357 0
568 356 0
590 355 1
626 260 0
626 264 0
624 270 0
622 287 0
618 311 0
616 330 0
616 338 0
617 341 1
655 309 0
651 312 0
637 319 0
622 329 0
617 337 0
621 342 0
632 346 0
661 352 0
672 354 0
686 356 1
730 308 0
727 312 0
725 315 0
726 320 0
733 334 0
738 346 0
737 354 0
733 359 0
725 363 0
711 364 0
701 364 0
686 363 1
505 262 0
504 267 1
