settle
401 303 0
393 309 0
385 315 0
380 320 0
376 328 0
377 334 0
380 341 0
387 355 0
393 367 0
393 375 0
389 381 0
382 386 0
374 387 0
371 385 1
431 354 0
439 355 0
447 354 0
454 351 0
461 345 0
464 336 0
463 329 0
461 322 0
450 318 0
445 324 0
439 336 0
435 358 0
436 370 0
440 375 0
459 375 0
478 372 0
498 369 1
533 232 0
533 237 0
532 253 0
527 285 0
527 314 0
528 341 0
528 359 0
527 366 0
527 370 0
527 372 0
520 358 0
518 351 0
518 348 0
523 345 1
581 260 0
581 264 0
580 272 0
578 294 0
575 320 0
572 343 0
572 356 0
572 365 0
572 368 0
572 372 0
572 361 0
572 358 0
572 354 0
578 351 0
587 349 0
604 344 0
625 334 0
638 325 0
647 313 0
656 292 0
658 273 0
658 260 0
657 255 0
646 270 0
625 307 0
619 332 0
620 340 0
627 351 0
637 357 0
655 357 0
674 350 0
688 338 0
696 326 0
698 322 0
699 318 0
694 318 0
680 349 0
680 362 0
690 366 0
710 367 0
731 367 1
