act
458 328 0
452 328 0
442 328 0
432 330 0
421 336 0
409 349 0
403 366 0
406 379 0
408 384 0
417 385 0
430 379 0
444 370 0
455 359 0
463 351 0
469 345 0
471 354 0
474 369 0
478 377 0
485 382 0
497 382 0
517 381 0
520 381 1
574 327 0
562 330 0
546 339 0
533 351 0
527 362 0
526 372 0
530 378 0
540 380 0
565 374 0
575 371 0
589 366 1
620 254 0
620 258 0
618 264 0
616 276 0
616 293 0
617 318 0
616 343 0
618 366 0
619 374 0
619 377 0
619 380 0
616 373 0
612 360 0
611 353 0
610 350 0
610 348 0
622 346 0
642 345 0
662 342 1
