john
390 293 0
389 307 0
387 362 0
386 386 0
385 412 0
381 434 0
376 446 0
367 458 0
358 465 0
353 467 0
349 457 0
351 432 0
364 406 0
390 375 0
422 346 0
443 330 0
458 320 0
465 316 0
467 314 0
456 330 0
450 345 0
450 360 0
453 366 0
455 368 0
473 371 0
483 368 0
489 362 0
492 351 0
490 331 0
484 313 0
480 306 0
477 304 0
474 304 0
475 308 0
484 312 0
499 315 0
516 313 0
539 302 0
558 283 0
570 262 0
577 245 0
580 231 0
581 223 0
580 218 0
577 217 0
573 219 0
565 225 0
559 231 0
555 239 0
539 291 0
536 320 0
535 337 0
535 354 0
535 364 0
535 367 0
541 364 0
557 349 0
575 334 0
583 329 0
590 326 0
597 329 0
600 337 0
602 345 0
607 352 0
614 356 0
624 356 0
635 348 0
652 330 0
657 325 0
661 323 0
664 323 0
666 328 0
667 335 0
668 338 0
674 345 0
681 347 0
695 343 0
705 341 0
710 340 0
714 341 0
718 344 0
722 347 0
729 350 1
413 203 0
414 213 1
