shirley
385 340 0
379 346 0
374 353 0
368 362 0
365 372 0
372 380 0
381 385 0
391 390 0
394 393 0
397 396 0
396 402 0
391 405 0
380 409 0
373 410 1
433 265 0
434 276 0
436 298 0
436 327 0
435 359 0
435 378 0
436 393 0
438 401 0
438 404 0
445 399 0
450 392 0
454 387 0
465 378 0
468 377 0
472 378 0
475 388 0
479 394 0
484 395 0
492 394 0
507 385 0
516 377 0
523 371 0
526 368 0
530 368 0
531 373 0
531 379 0
532 385 0
537 390 0
543 389 0
552 385 0
563 381 0
573 378 0
578 377 0
584 381 0
586 385 0
588 389 0
591 394 0
592 396 0
597 394 0
599 388 0
602 381 0
602 377 0
604 372 0
610 367 0
616 364 1
667 366 0
670 367 0
679 348 0
682 336 0
684 324 0
684 309 0
681 298 0
679 294 0
677 290 0
669 299 0
660 317 0
652 342 0
649 365 0
649 379 0
655 387 0
667 392 0
680 390 0
695 382 0
707 372 0
711 368 0
713 366 0
714 360 0
704 369 0
700 376 0
697 384 0
697 391 0
700 395 0
705 396 0
711 395 0
722 388 0
736 372 0
741 366 0
744 362 0
748 362 0
750 369 0
751 376 0
751 379 0
755 384 0
760 385 0
768 380 0
779 373 0
783 371 0
789 367 0
792 368 0
795 373 0
797 384 0
796 409 0
787 431 0
776 446 0
767 452 0
761 455 0
766 436 0
801 391 0
813 377 0
818 370 1
536 295 0
537 298 1
