prevailed
194 288 0
194 291 0
194 308 0
194 338 0
194 364 0
194 378 0
192 390 0
192 397 0
192 400 0
192 385 0
192 339 0
198 309 0
209 288 0
218 280 0
230 278 0
240 282 0
249 291 0
253 303 0
253 316 0
246 327 0
243 329 0
228 331 0
215 332 0
199 331 1
285 292 0
285 295 0
285 299 0
283 308 0
280 319 0
278 328 0
277 335 0
276 338 0
279 323 0
284 309 0
289 299 0
294 294 0
301 293 0
310 293 0
313 293 0
337 294 0
357 292 0
363 290 0
367 287 0
367 284 0
366 279 0
357 278 0
351 283 0
342 294 0
337 305 0
335 317 0
335 325 0
337 328 0
346 330 0
360 327 0
382 321 1
407 282 0
407 286 0
407 290 0
408 297 0
410 304 0
411 309 0
413 313 0
414 315 0
417 315 0
424 306 0
433 294 0
445 277 1
512 288 0
509 288 0
500 286 0
489 288 0
475 293 0
470 300 0
466 307 0
467 313 0
472 316 0
478 317 0
484 316 0
491 312 0
498 304 0
503 297 0
506 294 0
508 292 0
511 297 0
514 307 0
516 312 0
520 317 0
526 316 0
534 314 0
545 308 0
553 300 0
557 296 0
560 296 0
562 305 0
564 311 0
571 316 0
582 317 0
601 314 0
625 301 0
638 287 0
647 266 0
651 249 0
651 237 0
650 227 0
645 227 0
639 235 0
624 261 0
614 286 0
610 305 0
611 316 0
617 324 0
628 327 0
649 321 0
667 310 0
673 306 0
675 300 0
679 292 0
678 288 0
676 288 0
671 291 0
667 298 0
664 304 0
665 310 0
669 314 0
677 315 0
687 315 0
706 313 1
770 292 0
761 293 0
750 291 0
740 292 0
734 293 0
726 296 0
720 300 0
719 307 0
724 310 0
732 310 0
743 306 0
755 290 0
764 266 0
769 246 0
772 232 0
774 224 0
772 240 0
767 266 0
766 288 0
768 300 0
773 310 0
785 314 0
795 316 0
812 318 1
556 218 0
556 222 0
556 228 1
