and
439 337 0
434 330 0
429 328 0
424 328 0
414 332 0
400 341 0
391 353 0
388 363 0
389 370 0
395 372 0
406 373 0
429 363 0
443 353 0
452 346 0
458 341 0
461 337 0
462 342 0
461 350 0
462 357 0
465 363 0
472 365 0
482 362 0
498 352 0
509 344 0
515 339 0
522 334 0
525 335 0
528 341 0
530 349 0
531 353 0
534 358 0
540 356 0
547 353 0
557 349 0
565 347 0
573 344 0
577 344 0
581 344 0
585 348 0
591 350 0
600 353 1
695 320 0
688 318 0
682 316 0
673 315 0
661 317 0
653 323 0
645 331 0
639 340 0
636 346 0
635 352 0
635 356 0
638 359 0
644 356 0
660 343 0
675 324 0
682 308 0
688 289 0
692 275 0
697 262 0
698 258 0
700 254 0
698 267 0
693 296 0
692 324 0
693 339 0
700 347 0
712 350 0
727 350 0
746 350 1
