letters
335 378 0
346 369 0
364 352 0
381 333 0
395 313 0
405 298 0
415 275 0
418 262 0
419 253 0
418 247 0
414 246 0
407 249 0
395 264 0
367 305 0
352 335 0
346 361 0
344 380 0
349 391 0
360 399 0
378 402 0
405 396 0
430 380 0
449 361 0
458 347 0
460 342 0
452 337 0
437 338 0
427 349 0
418 372 0
419 395 0
424 411 0
434 415 0
453 409 0
473 402 1
502 258 0
502 262 0
502 271 0
503 293 0
505 325 0
506 369 0
508 382 0
509 392 0
509 394 0
509 399 0
505 392 0
503 388 0
502 384 0
501 379 0
504 372 0
506 367 0
513 363 0
520 357 1
556 258 0
556 262 0
553 281 0
550 309 0
551 340 0
551 368 0
553 381 0
554 389 0
552 377 0
553 371 0
554 368 0
558 367 0
563 366 0
574 365 0
588 362 0
597 359 0
603 356 0
607 351 0
607 347 0
607 343 0
599 343 0
597 343 0
592 358 0
592 374 0
596 383 0
603 386 0
615 384 0
633 377 0
645 376 0
653 380 0
657 386 0
659 389 0
661 395 0
658 366 0
656 349 0
656 345 0
657 341 0
661 339 0
667 337 0
673 334 0
681 330 1
743 316 0
735 321 0
728 327 0
726 333 0
730 340 0
739 349 0
747 360 0
747 371 0
745 381 0
740 388 0
733 392 1
