which
367 316 0
369 321 0
369 326 0
371 339 0
373 355 0
375 364 0
377 369 0
383 369 0
390 367 0
402 358 0
408 354 0
413 353 0
417 356 0
421 363 0
427 369 0
431 372 0
436 372 0
440 371 0
443 367 0
447 357 0
449 349 0
451 343 0
452 338 0
454 336 0
458 334 0
463 334 0
469 332 0
473 331 0
476 332 0
480 332 0
482 332 0
485 332 0
489 332 0
492 331 0
499 326 0
506 321 0
517 306 0
524 290 0
527 276 0
527 267 0
526 263 0
524 259 0
521 261 0
515 267 0
510 279 0
504 297 0
500 310 0
499 324 0
499 341 0
499 350 0
506 355 0
511 354 0
518 350 0
523 348 0
528 347 0
532 345 0
534 346 0
538 348 0
541 350 0
544 352 0
554 352 0
559 348 0
567 338 0
575 331 0
578 328 0
582 332 0
584 337 0
587 340 0
590 343 0
594 344 1
657 310 0
651 313 0
645 317 0
634 327 0
629 336 0
628 343 0
630 349 0
637 352 0
651 350 0
677 338 0
693 322 0
703 308 0
706 292 0
708 279 0
709 272 0
707 279 0
707 307 0
707 326 0
709 333 0
712 336 0
719 336 0
729 334 0
739 334 0
746 338 0
751 343 0
762 351 0
764 352 1
607 247 0
607 253 1
