here
349 237 0
351 240 0
354 250 0
358 280 0
360 312 0
359 340 0
358 361 0
358 372 0
358 375 0
365 371 0
374 362 0
389 348 0
402 338 0
406 336 0
409 335 0
412 342 0
418 359 0
427 373 0
436 376 0
453 374 0
475 364 0
486 354 0
493 344 0
496 332 0
497 328 0
494 323 0
489 321 0
486 326 0
482 333 0
481 343 0
484 356 0
488 363 0
497 365 0
508 364 0
518 360 0
527 358 0
532 356 0
536 356 0
540 357 0
543 361 0
545 364 0
544 357 0
544 352 0
546 347 0
555 346 0
563 347 0
575 348 0
588 347 0
596 345 0
602 340 0
606 334 0
607 329 0
608 324 0
603 323 0
597 325 0
592 331 0
588 340 0
589 349 0
594 356 0
619 362 0
637 364 0
641 364 0
655 366 1
