peace
312 310 0
312 337 0
312 375 0
312 396 0
314 408 0
314 414 0
314 418 0
312 393 0
314 338 0
322 315 0
329 306 0
342 297 0
355 297 0
362 302 0
367 316 0
370 325 0
369 342 0
359 356 0
350 361 0
340 361 0
331 359 0
311 352 1
406 330 0
408 333 0
412 335 0
419 335 0
426 333 0
431 330 0
435 326 0
437 321 0
437 316 0
434 312 0
429 309 0
422 311 0
414 319 0
403 344 0
402 361 0
407 366 0
421 366 0
441 364 0
462 362 1
527 318 0
519 318 0
511 317 0
500 316 0
490 316 0
482 321 0
476 330 0
476 340 0
480 347 0
487 352 0
496 353 0
501 352 0
516 341 0
530 329 0
534 325 0
537 322 0
539 332 0
541 339 0
545 346 0
552 351 0
556 353 1
624 309 0
619 310 0
611 311 0
600 315 0
590 323 0
585 331 0
584 339 0
586 342 0
588 344 0
620 347 0
667 331 0
684 322 0
693 315 0
695 309 0
694 305 0
687 304 0
672 311 0
653 328 0
647 341 0
649 351 0
662 355 0
683 357 0
704 358 1
