much
304 328 0
304 337 0
304 345 0
304 352 0
304 358 0
305 368 0
306 372 0
307 376 0
312 370 0
318 361 0
326 351 0
331 345 0
336 343 0
341 343 0
345 348 0
350 354 0
355 364 0
359 368 0
369 364 0
380 355 0
393 344 0
400 340 0
403 339 0
406 340 0
408 344 0
411 350 0
413 357 0
415 362 0
423 365 0
433 362 0
442 356 0
450 349 0
453 347 0
458 343 0
460 342 0
462 345 0
463 348 0
464 356 0
470 363 0
475 365 0
483 363 0
495 355 0
508 344 0
517 336 0
520 334 0
523 333 0
526 342 0
527 349 0
529 354 0
534 357 1
596 316 0
595 319 0
581 341 0
576 353 0
576 361 0
579 364 0
586 365 0
603 357 0
626 337 0
643 315 0
655 289 0
661 265 0
662 253 0
662 250 0
655 259 0
648 273 0
645 282 0
641 312 0
642 337 0
644 348 0
645 353 0
645 356 0
650 353 0
671 347 0
684 348 0
694 352 0
703 360 0
710 366 0
718 370 0
723 371 1
