recruits
236 330 0
238 333 0
242 345 0
244 357 0
245 366 0
246 373 0
246 377 0
246 380 0
246 384 0
248 388 0
247 391 0
249 381 0
248 372 0
248 365 0
248 359 0
249 355 0
253 352 0
256 353 0
260 355 0
271 357 0
284 357 0
299 354 0
320 346 0
329 340 0
334 334 0
336 331 0
338 326 0
331 325 0
322 327 0
309 334 0
300 343 0
295 354 0
295 363 0
301 370 0
315 372 0
341 365 0
362 359 1
416 320 0
410 323 0
402 326 0
390 330 0
379 339 0
372 348 0
366 358 0
364 365 0
367 369 0
374 370 0
396 363 0
414 355 0
425 349 0
433 346 0
438 343 0
440 343 0
445 343 0
445 349 0
444 359 0
444 365 0
444 368 0
447 359 0
448 350 0
450 345 0
450 341 0
463 337 0
471 335 0
476 334 0
480 332 0
483 333 0
484 343 0
483 355 0
483 363 0
488 368 0
507 361 0
523 351 0
531 343 0
537 338 0
539 336 0
539 345 0
538 351 0
539 359 0
541 364 0
549 366 0
556 363 0
565 358 0
575 350 0
583 345 0
586 344 0
587 352 0
588 361 0
590 368 0
596 371 0
603 371 0
607 369 0
616 368 0
631 363 1
648 246 0
649 249 0
650 253 0
650 261 0
648 283 0
644 311 0
643 338 0
642 354 0
641 362 0
640 366 0
640 370 0
640 372 0
637 363 0
636 356 0
637 350 0
639 345 0
650 337 1
710 308 0
706 317 0
704 323 0
704 329 0
705 332 0
706 337 0
709 343 0
710 352 0
710 360 0
708 367 0
703 370 1
583 265 0
583 273 0
583 277 1
