could
361 321 0
358 323 0
347 328 0
338 337 0
333 347 0
330 358 0
332 368 0
338 376 0
349 378 0
376 371 0
385 369 0
398 365 1
441 330 0
437 333 0
429 335 0
422 338 0
413 344 0
406 354 0
404 364 0
404 368 0
410 371 0
431 356 0
445 339 0
449 333 0
451 329 0
446 331 0
441 336 0
449 333 0
461 327 0
472 323 0
480 321 0
485 320 0
488 320 0
492 320 0
495 321 0
497 326 0
498 331 0
499 337 0
500 345 0
502 353 0
504 362 0
509 363 0
515 361 0
523 357 0
530 352 0
537 348 0
542 345 0
545 344 0
548 343 0
550 348 0
553 354 0
558 358 0
568 356 0
588 346 0
609 328 0
625 308 0
638 288 0
641 274 0
642 266 0
641 263 0
631 271 0
628 275 0
616 295 0
610 323 0
610 336 0
614 343 0
625 349 0
639 351 0
646 352 0
661 354 1
707 330 0
710 334 0
707 332 0
699 333 0
687 338 0
673 345 0
664 353 0
662 358 0
661 362 0
666 362 0
678 355 0
703 315 0
717 289 0
720 280 0
722 274 0
723 271 0
722 279 0
718 297 0
714 323 0
713 337 0
719 352 0
730 358 0
748 360 0
759 360 0
775 358 1
