idemnity
221 308 0
223 312 0
223 323 0
223 336 0
224 349 0
225 361 0
227 369 0
230 376 0
235 381 0
244 382 0
253 382 0
269 382 1
340 318 0
336 319 0
326 319 0
318 321 0
310 327 0
299 340 0
290 358 0
287 369 0
287 376 0
289 379 0
292 378 0
301 366 0
317 341 0
331 321 0
339 306 0
347 282 0
353 263 0
355 257 0
356 253 0
358 247 0
360 244 0
362 250 0
360 272 0
356 301 0
353 328 0
351 351 0
352 361 0
354 365 0
359 369 0
367 364 0
380 355 0
392 342 0
402 330 0
407 320 0
409 316 0
410 311 0
397 325 0
390 340 0
388 347 0
388 354 0
395 358 0
404 355 0
418 344 0
430 331 0
434 328 0
437 325 0
441 326 0
445 336 0
447 344 0
448 350 0
449 353 0
452 356 0
458 349 0
468 339 0
475 334 0
479 332 0
481 331 0
483 333 0
486 337 0
488 338 0
493 337 0
506 331 0
514 331 0
518 333 0
521 336 0
525 341 0
527 344 1
567 310 0
571 313 0
571 318 0
571 326 0
570 330 0
570 340 0
570 344 0
570 346 0
574 341 0
579 334 0
583 330 0
587 328 0
589 328 0
592 329 0
594 337 0
597 343 0
601 346 0
607 344 0
619 337 0
631 327 0
639 320 0
643 316 0
646 314 0
649 323 0
652 329 0
654 335 0
659 338 1
706 238 0
708 242 0
707 248 0
708 259 0
709 288 0
708 316 0
707 339 0
707 346 0
707 349 0
702 341 0
698 335 0
696 332 0
695 328 0
700 327 0
708 325 0
716 323 0
724 321 0
729 320 0
732 319 0
737 319 0
738 328 0
740 335 0
745 336 0
751 334 0
760 328 0
767 323 0
772 320 0
775 318 0
782 329 0
785 352 0
784 383 0
765 417 0
755 426 0
753 427 0
750 419 0
752 406 0
775 375 0
788 361 0
795 350 1
662 238 0
662 243 1
243 237 0
241 243 1
