when
377 318 0
378 322 0
379 328 0
379 342 0
380 363 0
383 376 0
386 383 0
391 386 0
397 386 0
403 382 0
409 376 0
412 372 0
416 367 0
419 364 0
422 363 0
424 369 0
428 373 0
434 375 0
439 373 0
445 369 0
451 362 0
453 355 0
454 347 0
455 340 0
456 335 0
456 333 0
460 334 0
469 335 0
485 332 0
505 325 0
521 319 0
541 302 0
550 287 0
555 271 0
555 259 0
553 253 0
549 249 0
542 249 0
532 254 0
514 273 0
504 296 0
499 321 0
497 345 0
496 359 0
497 366 0
498 372 0
500 375 0
517 363 0
530 355 0
539 350 0
545 348 0
550 350 0
556 357 0
561 362 0
569 366 0
581 365 0
594 361 0
607 353 0
615 346 0
619 336 0
621 330 0
621 327 0
621 325 0
613 332 0
608 341 0
605 348 0
606 354 0
615 358 0
626 356 0
639 349 0
656 337 0
664 331 0
669 330 0
673 330 0
677 340 0
681 348 0
683 353 0
686 356 0
695 355 0
706 349 0
717 344 0
728 340 0
734 340 0
736 343 0
740 347 0
747 353 1
