not
458 322 0
458 325 0
457 333 0
456 347 0
456 359 0
457 365 0
457 369 0
458 373 0
459 375 0
475 359 0
484 350 0
490 347 0
492 354 0
495 359 0
502 364 0
513 366 0
524 366 0
546 366 1
575 327 0
572 328 0
567 332 0
558 338 0
551 346 0
546 357 0
545 361 0
546 364 0
552 366 0
563 363 0
572 359 0
577 352 0
579 345 0
580 338 0
580 336 0
591 336 0
600 333 0
604 331 1
649 240 0
649 247 0
647 261 0
637 290 0
629 317 0
621 342 0
618 362 0
617 372 0
617 375 0
617 380 0
616 369 0
615 361 0
615 353 0
616 346 0
621 341 0
628 339 0
642 335 0
657 332 0
672 327 1
