gw
552 335 0
548 333 0
538 329 0
529 328 0
522 330 0
515 333 0
512 342 0
512 353 0
514 361 0
517 362 0
529 362 0
546 356 0
555 348 0
560 344 0
563 341 0
566 345 0
568 354 0
571 378 0
575 405 0
575 430 0
574 445 0
570 454 0
564 458 0
555 460 0
549 456 0
545 450 0
543 442 0
545 431 0
551 415 0
562 394 0
573 379 0
583 365 0
591 355 0
595 348 0
601 339 0
603 334 0
605 331 0
606 345 0
608 359 0
609 367 0
612 372 0
618 373 0
626 367 0
634 358 0
639 352 0
642 349 0
646 346 0
649 348 0
650 352 0
654 360 0
659 366 0
663 368 0
668 366 0
674 360 0
680 354 0
684 348 0
687 346 0
690 349 0
693 350 0
697 353 0
699 355 0
702 355 1
