compts
376 285 0
370 285 0
359 288 0
337 299 0
317 313 0
306 326 0
303 336 0
306 344 0
317 350 0
351 347 0
374 343 0
387 340 1
454 300 0
449 304 0
440 308 0
431 316 0
424 324 0
420 331 0
421 336 0
427 339 0
436 339 0
447 335 0
455 329 0
458 323 0
458 315 0
456 306 0
454 300 0
452 297 0
457 300 0
473 299 0
495 296 0
503 295 0
505 296 0
511 298 0
513 303 0
516 307 0
520 312 0
523 317 0
525 320 0
527 324 0
531 332 0
533 337 0
536 341 0
538 344 0
543 332 0
549 321 0
557 315 0
562 312 0
570 313 0
572 316 0
573 319 0
574 324 0
576 333 0
581 334 0
591 328 0
600 323 0
610 318 0
617 316 0
621 316 0
624 316 0
626 318 0
630 322 0
636 329 1
692 310 0
692 319 0
692 332 0
692 362 0
690 383 0
690 391 0
690 397 0
690 400 0
685 380 0
682 335 0
684 311 0
692 303 0
709 290 0
721 288 0
730 290 0
733 296 0
731 303 0
725 315 0
709 329 0
701 332 0
698 330 1
761 212 0
761 221 0
758 258 0
757 316 0
753 329 0
753 336 0
753 341 0
753 344 0
753 326 0
754 317 0
755 309 0
756 304 0
762 299 0
770 296 0
780 294 0
797 290 0
800 289 1
858 280 0
853 283 0
837 291 0
821 298 0
815 302 0
805 308 0
804 312 0
815 320 0
821 324 0
825 327 0
824 332 0
817 336 1
