the
426 248 0
427 254 0
425 267 0
421 294 0
419 321 0
418 345 0
420 362 0
425 372 0
433 382 0
449 387 0
456 389 0
476 387 0
496 385 1
404 331 0
405 334 0
408 335 0
417 335 0
441 327 0
452 323 0
465 317 1
506 260 0
506 264 0
507 269 0
507 285 0
507 301 0
511 330 0
515 347 0
516 353 0
519 357 0
521 360 0
524 360 0
530 358 0
540 352 0
547 348 0
551 346 0
556 346 0
559 349 0
562 352 0
570 358 0
580 362 0
590 363 0
603 359 0
617 351 0
625 343 0
628 336 0
628 330 0
625 326 0
621 325 0
616 327 0
609 342 0
607 356 0
610 365 0
624 370 0
640 370 0
658 370 1
