sent
441 316 0
430 322 0
418 333 0
412 343 0
415 346 0
425 351 0
441 357 0
454 363 0
459 367 0
460 374 0
456 380 0
450 385 0
441 389 0
437 389 1
501 352 0
506 356 0
513 355 0
519 351 0
524 347 0
521 336 0
515 331 0
508 331 0
501 335 0
493 344 0
490 356 0
491 366 0
496 373 0
506 376 0
520 372 0
541 361 0
554 350 0
558 346 0
562 344 0
565 344 0
567 348 0
568 351 0
569 355 0
573 359 0
576 359 0
583 358 0
592 357 0
600 356 0
608 357 0
616 359 0
625 361 0
633 362 1
667 235 0
669 241 0
670 254 0
671 281 0
672 311 0
673 339 0
672 363 0
672 372 0
673 377 0
670 351 0
668 341 0
668 337 0
667 335 0
677 335 1
