was
375 295 0
377 298 0
378 303 0
378 317 0
378 338 0
380 347 0
381 351 0
390 350 0
407 338 0
419 329 0
422 327 0
425 325 0
427 330 0
431 337 0
437 341 0
446 342 0
457 340 0
465 337 0
468 333 0
471 327 0
472 322 0
472 317 0
472 314 0
472 311 0
475 311 0
482 310 0
502 306 0
519 305 0
529 305 0
538 304 0
544 303 0
549 302 0
543 301 0
533 305 0
522 312 0
511 322 0
509 329 0
509 334 0
513 337 0
520 334 0
529 327 0
537 321 0
540 319 0
544 315 0
546 314 0
550 322 0
552 327 0
558 331 0
565 332 0
570 331 1
625 272 0
618 279 0
610 286 0
602 294 0
599 297 0
598 302 0
607 307 0
622 315 0
636 322 0
643 328 0
645 333 0
642 336 0
630 340 0
616 344 0
594 348 1
