another
347 317 0
342 313 0
333 309 0
321 305 0
307 305 0
288 308 0
277 316 0
262 333 0
257 347 0
257 359 0
264 365 0
288 359 0
309 345 0
322 334 0
330 325 0
335 321 0
337 319 0
339 329 0
339 344 0
341 353 0
349 357 0
358 355 0
373 347 0
387 332 0
391 327 0
395 323 0
398 322 0
402 326 0
402 331 0
405 337 0
409 341 0
415 344 0
425 341 0
439 333 0
446 331 0
448 332 0
450 336 0
454 341 1
520 301 0
518 304 0
512 310 0
506 320 0
504 331 0
506 339 0
514 344 0
526 345 0
542 340 0
552 332 0
555 324 0
554 312 0
542 306 0
526 307 0
516 311 1
605 203 0
605 208 0
603 218 0
599 246 0
596 275 0
595 299 0
596 315 0
594 324 0
594 329 0
593 332 0
593 335 0
593 320 0
595 312 0
597 307 0
600 303 0
605 303 0
626 299 0
653 293 0
670 285 0
679 276 0
687 261 0
692 247 0
693 236 0
693 228 0
693 226 0
686 241 0
677 265 0
669 289 0
666 303 0
664 312 0
663 317 0
664 320 0
668 317 0
671 315 0
684 309 0
694 308 0
697 312 0
702 318 0
707 326 0
716 334 0
728 337 0
744 332 0
765 323 0
775 316 0
784 305 0
786 298 0
785 293 0
780 291 0
773 293 0
767 301 0
764 311 0
766 321 0
772 329 0
781 333 0
797 331 0
813 328 0
821 327 0
825 328 0
828 329 0
831 332 0
834 340 0
837 337 0
838 330 0
839 322 0
842 314 0
849 305 0
859 297 0
873 288 0
893 272 1
