orders
430 335 0
420 338 0
410 345 0
398 364 0
393 384 0
395 395 0
400 399 0
410 397 0
431 382 0
444 361 0
447 347 0
446 339 0
443 335 0
442 333 0
445 338 0
455 338 0
475 334 0
490 332 0
500 334 0
506 339 0
512 350 0
516 367 0
517 374 0
518 377 0
519 371 0
518 354 0
518 346 0
523 339 0
527 338 0
534 337 0
545 335 0
560 332 0
569 330 1
628 328 0
619 330 0
608 333 0
594 345 0
580 370 0
578 378 0
579 383 0
584 383 0
596 375 0
616 352 0
630 326 0
640 299 0
645 277 0
647 270 0
649 265 0
646 270 0
641 281 0
636 308 0
638 337 0
641 356 0
646 367 0
654 375 0
665 377 0
679 373 0
702 353 0
709 335 0
708 324 0
708 320 0
704 316 0
701 318 0
694 328 0
688 345 0
687 358 0
691 365 0
701 368 0
715 366 0
731 362 0
741 360 0
748 360 0
754 361 0
757 363 0
759 367 0
761 371 0
762 374 0
765 366 0
765 357 0
766 342 0
771 332 0
777 324 0
779 321 1
838 310 0
834 312 0
829 314 0
824 318 0
820 322 0
816 326 0
818 334 0
825 340 0
833 346 0
839 351 0
840 358 0
837 364 0
819 373 0
812 377 0
798 383 1
