our
459 338 0
462 336 0
461 332 0
453 327 0
443 324 0
430 324 0
414 332 0
399 348 0
391 365 0
391 374 0
396 380 0
408 383 0
425 379 0
439 369 0
444 365 0
445 362 0
446 345 0
446 336 0
446 331 0
456 333 0
471 329 0
492 322 0
500 320 0
506 320 0
514 326 0
515 334 0
516 347 0
516 364 0
517 373 0
522 376 0
536 373 0
547 366 0
557 356 0
564 348 0
566 345 0
571 340 0
576 347 0
576 353 0
578 360 0
580 364 0
590 367 0
605 364 0
624 360 0
637 358 0
644 358 0
647 358 0
653 360 0
655 365 0
656 371 0
656 375 0
657 378 0
656 380 0
658 368 0
659 353 0
661 343 0
663 337 0
668 333 0
678 327 0
685 322 0
698 313 1
