left
443 377 0
450 375 0
462 363 0
477 345 0
486 330 0
490 320 0
492 309 0
493 299 0
493 293 0
491 289 0
485 289 0
480 295 0
471 305 0
462 334 0
454 382 0
455 391 0
457 398 0
464 403 0
474 403 0
493 396 0
514 383 0
524 372 0
531 364 0
534 360 0
535 355 0
536 353 0
531 354 0
527 360 0
519 374 0
514 386 0
514 396 0
517 400 0
523 400 0
539 394 0
565 375 0
585 353 0
599 329 0
603 311 0
604 306 0
602 299 0
597 290 0
591 289 0
586 292 0
582 298 0
578 315 0
573 347 0
572 376 0
572 403 0
570 427 0
569 438 0
569 444 0
567 447 0
565 441 0
566 424 0
567 412 0
569 402 0
570 397 0
576 395 0
585 390 0
598 380 0
617 359 0
625 339 0
633 297 0
635 290 0
637 297 0
636 318 0
634 347 0
630 371 0
628 379 0
626 385 0
625 388 0
625 382 0
627 375 0
631 371 0
637 368 0
646 368 1
