would
406 312 0
409 312 0
409 320 0
411 339 0
414 374 0
417 397 0
421 406 0
425 408 0
431 405 0
444 390 0
452 380 0
454 377 0
456 374 0
459 377 0
461 381 0
465 387 0
472 393 0
481 390 0
499 372 0
504 358 0
504 347 0
503 339 0
502 334 0
503 331 0
503 328 0
507 326 0
513 327 0
520 327 0
536 326 0
551 324 0
556 323 0
560 322 0
563 322 0
562 327 0
557 335 0
553 346 0
552 360 0
553 367 0
556 370 0
562 368 0
569 363 0
571 358 0
572 352 0
569 342 0
567 335 0
567 332 0
571 329 0
581 329 0
590 326 0
596 325 0
599 326 0
604 330 0
606 335 0
608 341 0
611 351 0
614 358 0
618 363 0
623 364 0
628 363 0
633 360 0
637 355 0
640 352 0
644 348 0
647 349 0
648 352 0
651 356 0
658 358 0
667 355 0
683 341 0
701 319 0
713 295 0
717 271 0
715 255 0
711 247 0
706 243 0
702 244 0
697 252 0
689 278 0
686 306 0
685 333 0
686 349 0
689 356 0
691 359 0
697 362 1
798 322 0
794 322 0
786 322 0
776 324 0
761 330 0
749 339 0
741 348 0
739 356 0
741 362 0
744 364 0
748 364 0
756 357 0
772 337 0
786 314 0
792 299 0
794 290 0
801 263 0
803 254 0
804 252 0
803 264 0
800 285 0
794 315 0
793 344 0
795 361 0
800 365 0
811 367 0
832 367 1
