time
481 246 0
484 252 0
483 262 0
479 288 0
473 313 0
470 339 0
470 365 0
474 378 0
480 386 0
496 391 0
513 393 0
517 394 0
532 395 1
467 345 0
471 347 0
488 347 0
512 342 0
528 338 0
539 335 0
549 332 0
552 332 0
557 332 0
556 341 0
554 355 0
552 372 0
554 380 0
556 383 0
565 386 0
572 385 0
577 382 0
592 370 0
600 362 0
604 359 0
606 357 0
608 370 0
608 380 0
609 387 0
610 391 0
612 395 0
618 393 0
630 385 0
649 371 0
658 364 0
662 363 0
665 363 0
668 369 0
669 376 0
670 379 0
676 381 0
686 377 0
707 369 0
719 364 0
722 363 0
729 363 0
735 374 0
739 381 0
744 387 0
753 390 0
770 389 0
789 383 0
805 370 0
814 357 0
817 347 0
814 340 0
811 341 0
802 347 0
793 360 0
785 375 0
785 382 0
792 386 0
829 384 0
865 376 0
880 372 1
581 267 0
581 271 1
