ten
484 218 0
485 226 0
480 247 0
471 285 0
466 315 0
464 341 0
466 367 0
470 377 0
476 387 0
487 394 0
512 396 0
527 395 0
542 394 1
442 340 0
444 344 0
476 345 0
525 340 0
540 338 0
549 338 0
557 339 0
566 340 0
577 338 0
587 336 0
593 333 0
596 331 0
594 326 0
587 323 0
580 323 0
571 328 0
554 343 0
548 358 0
547 371 0
551 378 0
563 381 0
583 377 0
609 366 0
624 356 0
632 349 0
636 348 0
640 349 0
646 362 0
649 371 0
651 377 0
654 381 0
658 382 0
668 377 0
689 366 0
700 363 0
707 363 0
710 364 0
714 367 0
717 371 0
723 376 1
