before
352 263 0
353 271 0
352 295 0
349 325 0
345 351 0
344 364 0
344 369 0
344 373 0
355 367 0
373 359 0
396 352 0
411 352 0
419 353 0
423 355 0
424 362 0
419 370 0
394 390 0
371 397 0
363 397 1
436 382 0
450 381 0
463 376 0
470 371 0
472 365 0
472 358 0
469 353 0
463 350 0
456 350 0
448 353 0
440 366 0
436 376 0
437 384 0
442 390 0
451 393 0
458 394 0
478 388 0
531 360 0
562 326 0
573 311 0
583 286 0
588 269 0
588 262 0
585 259 0
582 261 0
575 267 0
564 282 0
551 302 0
544 322 0
539 349 0
536 377 0
534 402 0
533 419 0
533 431 0
533 436 0
533 438 0
533 427 0
533 411 0
533 396 0
536 385 0
542 374 0
545 371 0
569 362 0
592 354 0
605 351 0
612 348 0
619 347 0
622 345 0
611 354 0
603 366 0
599 378 0
600 384 0
604 387 0
612 386 0
626 380 0
633 372 0
638 359 0
638 348 0
637 340 0
636 338 0
633 338 0
629 343 0
633 345 0
646 347 0
671 350 0
685 351 0
690 352 0
694 354 0
697 361 0
698 369 0
699 374 0
700 378 0
702 381 0
704 374 0
705 369 0
707 364 0
711 360 0
717 357 0
724 357 0
735 358 0
748 358 0
765 357 0
778 354 0
785 349 0
789 342 0
789 334 0
787 330 0
776 328 0
763 336 0
756 346 0
754 358 0
760 367 0
774 374 0
812 373 0
830 372 0
841 371 1
