this
430 257 0
430 260 0
430 264 0
429 272 0
426 293 0
423 320 0
420 349 0
419 373 0
418 386 0
421 398 0
428 406 0
441 410 0
467 406 0
481 403 0
497 399 1
399 353 0
402 355 0
413 354 0
442 345 0
465 337 1
503 288 0
503 294 0
504 298 0
505 305 0
506 322 0
506 350 0
507 368 0
508 372 0
509 375 0
510 381 0
511 384 0
515 387 0
522 383 0
529 378 0
535 376 0
538 374 0
541 374 0
545 377 0
546 381 0
549 385 0
554 389 0
560 388 0
571 384 0
583 376 0
592 370 0
599 365 0
602 362 0
607 358 0
608 363 0
612 375 0
618 381 0
628 382 1
687 336 0
682 340 0
676 345 0
673 347 0
671 354 0
673 359 0
677 365 0
680 371 0
681 378 0
681 388 0
677 396 0
671 402 0
669 403 0
666 403 1
616 287 0
616 291 1
