5th
477 258 0
474 267 0
464 284 0
455 300 0
455 306 0
458 312 0
466 319 0
480 332 0
492 343 0
497 350 0
499 359 0
497 368 0
496 371 0
489 376 0
468 376 0
458 373 0
442 370 1
473 255 0
477 257 0
483 258 0
491 260 0
499 262 0
510 262 0
523 261 0
543 258 1
617 258 0
617 261 0
616 266 0
612 276 0
605 291 0
597 312 0
588 336 0
582 355 0
582 367 0
586 375 0
595 377 0
606 376 0
630 373 1
573 323 0
574 327 0
586 328 0
598 328 0
606 328 0
625 328 1
656 276 0
654 281 0
652 288 0
651 296 0
650 308 0
650 322 0
650 336 0
651 347 0
653 354 0
655 357 0
657 362 0
660 363 0
668 359 0
672 358 0
676 356 0
678 356 0
683 358 0
688 361 0
691 362 1
