shall
384 320 0
376 319 0
366 321 0
357 326 0
355 330 0
357 337 0
363 348 0
374 366 0
379 379 0
379 385 0
372 389 0
357 394 0
337 399 0
327 402 1
417 257 0
418 262 0
418 275 0
417 303 0
416 334 0
414 362 0
413 383 0
414 388 0
415 391 0
425 388 0
444 375 0
456 369 0
464 367 0
466 367 0
471 370 0
473 374 0
478 379 1
563 343 0
557 343 0
549 343 0
534 344 0
524 348 0
514 353 0
507 361 0
505 364 0
504 370 0
506 375 0
514 374 0
530 368 0
544 361 0
552 357 0
556 355 0
561 354 0
563 358 0
561 368 0
562 376 0
565 383 0
573 384 0
583 384 0
608 372 0
630 355 0
650 330 0
663 303 0
672 279 0
673 269 0
671 265 0
666 265 0
658 270 0
639 291 0
618 336 0
618 370 0
624 375 0
643 374 0
676 361 0
710 332 0
721 316 0
732 292 0
738 277 0
725 295 0
706 331 0
696 355 0
694 371 0
698 379 0
713 381 0
727 382 0
743 383 1
