governor
418 328 0
418 325 0
409 319 0
399 316 0
388 317 0
378 323 0
366 334 0
364 341 0
365 346 0
369 349 0
383 344 0
401 334 0
410 329 0
413 327 0
416 326 0
421 333 0
426 350 0
434 376 0
439 399 0
440 415 0
439 426 0
431 439 0
421 444 0
407 443 0
397 437 0
394 431 0
395 420 0
406 397 0
424 374 0
442 356 0
451 347 0
457 343 0
460 342 0
462 359 0
466 370 0
482 368 0
501 354 0
511 343 0
514 335 0
512 329 0
508 325 0
503 323 0
494 328 0
478 346 0
469 358 0
460 368 1
545 323 0
545 326 0
546 330 0
546 337 0
548 346 0
551 352 0
554 355 0
557 357 0
566 349 0
577 335 0
590 319 0
599 306 0
602 302 1
607 356 0
612 357 0
618 353 0
622 349 0
633 334 0
635 326 0
629 323 0
621 328 0
610 339 0
602 353 0
600 364 0
602 367 0
612 368 0
634 362 0
657 353 0
669 349 0
676 350 0
681 350 0
684 352 0
687 356 0
688 359 0
688 355 0
688 348 0
689 345 0
690 337 0
693 331 0
697 329 0
703 328 0
706 328 0
710 329 0
713 333 0
717 337 0
720 342 0
723 345 0
727 346 0
734 345 0
742 343 0
748 343 0
756 347 0
759 349 0
764 352 0
769 355 1
843 330 0
838 333 0
829 336 0
821 341 0
814 348 0
810 353 0
811 359 0
818 361 0
831 360 0
847 354 0
857 345 0
859 336 0
857 330 0
853 326 0
851 323 0
847 322 0
845 325 0
850 329 0
859 329 0
874 328 0
888 327 0
896 329 0
901 332 0
905 342 0
907 350 0
908 354 0
910 358 0
913 345 0
916 335 0
920 332 0
927 329 0
935 327 0
946 325 0
965 318 1
