service
455 320 0
451 323 0
446 325 0
442 329 0
439 336 0
438 338 0
438 343 0
442 352 0
448 361 0
452 368 0
454 374 0
455 380 0
455 386 0
445 394 0
437 394 0
434 393 0
431 392 1
492 365 0
496 366 0
502 365 0
508 361 0
515 356 0
520 350 0
520 344 0
510 339 0
506 341 0
502 346 0
497 354 0
495 366 0
496 375 0
499 380 0
507 384 0
518 385 0
530 382 0
541 379 0
550 376 0
554 375 0
557 374 0
560 375 0
562 377 0
565 381 0
566 384 0
570 386 0
568 376 0
567 351 0
567 338 0
569 334 0
578 334 0
584 334 0
589 335 0
592 336 0
594 336 0
597 337 0
600 339 0
602 345 0
605 353 0
609 365 0
612 373 0
617 378 0
622 377 0
629 372 0
636 360 0
640 351 0
646 341 0
653 329 0
660 316 1
687 325 0
687 328 0
687 334 0
685 344 0
684 353 0
684 361 0
686 367 0
688 370 0
691 372 0
694 373 1
766 324 0
762 324 0
759 324 0
753 327 0
747 331 0
739 339 0
733 348 0
730 356 0
730 364 0
732 369 0
738 373 0
746 375 0
762 372 0
800 357 0
812 351 0
819 347 0
824 344 0
828 340 0
828 336 0
826 332 0
819 332 0
811 334 0
803 342 0
798 353 0
797 363 0
801 371 0
811 376 0
831 377 0
855 372 0
864 369 0
878 365 1
703 242 0
701 251 0
700 255 1
