offer
430 312 0
421 312 0
412 313 0
399 318 0
385 328 0
376 342 0
373 358 0
374 368 0
380 374 0
391 374 0
426 351 0
432 340 0
434 330 0
434 322 0
433 318 0
432 315 0
438 318 0
457 315 0
482 306 0
503 288 0
521 263 0
529 235 0
533 219 0
533 215 0
522 236 0
507 269 0
498 303 0
494 329 0
488 357 0
485 379 0
484 388 0
483 394 0
481 396 0
476 389 0
476 375 0
478 364 0
482 357 0
489 352 0
502 346 0
529 335 0
552 323 0
571 306 0
576 300 0
583 284 0
590 247 0
594 232 0
589 240 0
579 270 0
573 299 0
566 329 0
559 358 0
552 377 0
547 390 0
545 394 0
546 376 0
548 370 0
551 365 0
558 361 0
569 356 0
587 347 0
600 341 0
611 334 0
617 327 0
620 324 0
619 320 0
612 325 0
609 338 0
609 347 0
615 353 0
625 355 0
636 354 0
648 353 0
653 352 0
658 353 0
661 355 0
664 356 0
666 356 0
668 351 0
671 339 0
672 328 0
675 322 0
678 319 0
684 316 1
