regiment
252 313 0
253 320 0
253 333 0
253 351 0
253 362 0
251 369 0
257 357 0
258 350 0
259 347 0
261 344 0
264 345 0
280 349 0
294 348 0
308 344 0
320 340 0
326 338 0
329 336 0
331 331 0
322 329 0
315 330 0
305 334 0
296 341 0
292 349 0
294 360 0
299 367 0
306 372 0
311 372 0
320 375 0
336 378 1
403 334 0
393 332 0
387 332 0
378 335 0
370 339 0
368 354 0
372 357 0
381 356 0
390 353 0
397 348 0
400 345 0
404 342 0
408 350 0
411 367 0
412 374 0
413 398 0
407 427 0
395 447 0
389 450 0
384 448 0
377 440 0
376 429 0
380 416 0
388 403 0
403 380 0
416 363 0
427 351 0
437 339 0
440 335 0
444 331 0
446 330 0
446 335 0
447 344 0
448 354 0
450 360 0
456 361 0
465 358 0
475 351 0
487 339 0
497 329 0
500 328 0
501 331 0
502 333 0
503 340 0
506 346 0
508 350 0
510 352 0
512 353 0
519 349 0
528 341 0
539 334 0
544 332 0
549 333 0
552 342 0
555 347 0
558 350 0
561 350 0
571 348 0
584 343 0
593 340 0
600 338 0
603 337 0
606 338 0
609 339 0
613 342 0
623 346 0
635 348 0
647 348 0
658 343 0
668 335 0
674 327 0
676 320 0
675 317 0
672 317 0
665 320 0
658 326 0
652 336 0
650 344 0
651 348 0
656 350 0
662 350 0
674 346 0
691 335 0
701 329 0
705 328 0
708 327 0
711 330 0
715 335 0
719 341 0
722 346 0
726 347 0
735 343 0
745 339 0
753 337 0
758 339 0
762 343 0
767 346 1
817 225 0
818 229 0
819 238 0
820 261 0
820 286 0
820 306 0
816 330 0
815 340 0
814 342 0
813 348 0
810 331 0
810 325 0
811 322 0
820 317 0
832 312 0
843 308 0
860 302 1
463 223 0
461 227 0
456 233 0
449 244 0
445 251 0
433 263 1
