letters
355 350 0
364 340 0
378 318 0
390 294 0
399 273 0
405 259 0
406 251 0
406 246 0
403 240 0
397 241 0
389 247 0
374 264 0
360 291 0
353 319 0
352 353 0
359 375 0
367 384 0
384 390 0
407 390 0
439 361 0
449 344 0
451 338 0
447 335 0
445 337 0
437 346 0
426 370 0
423 389 0
427 400 0
440 402 0
457 402 0
473 400 1
514 253 0
515 261 0
516 277 0
515 308 0
514 340 0
512 367 0
512 382 0
512 388 0
512 391 0
506 376 0
506 369 0
507 364 0
512 360 0
523 353 0
533 345 0
548 331 1
568 251 0
569 259 0
569 274 0
567 303 0
564 333 0
562 355 0
560 364 0
560 368 0
559 371 0
559 375 0
558 380 0
560 367 0
561 362 0
563 358 0
566 357 0
571 356 0
582 354 0
600 351 0
613 347 0
621 342 0
625 336 0
626 330 0
625 325 0
618 332 0
607 347 0
601 362 0
603 371 0
609 377 0
621 381 0
626 382 0
646 379 0
665 375 0
672 375 0
675 376 0
680 378 0
681 382 0
683 386 0
685 389 0
687 381 0
688 366 0
689 356 0
690 348 0
695 341 0
696 339 1
762 312 0
756 320 0
751 326 0
751 331 0
753 337 0
759 341 0
766 348 0
771 358 0
771 367 0
767 377 0
759 386 0
751 391 1
