except
384 354 0
384 358 0
387 359 0
395 360 0
404 356 0
418 349 0
428 340 0
430 332 0
429 328 0
426 326 0
419 328 0
396 343 0
380 366 0
379 376 0
381 383 0
388 387 0
404 389 0
425 386 0
440 384 0
444 383 1
509 322 0
508 326 0
501 336 0
484 356 0
467 374 0
460 380 1
471 338 0
473 342 0
477 349 0
486 363 0
498 373 0
513 384 1
579 324 0
573 329 0
562 336 0
549 347 0
543 358 0
540 368 0
543 374 0
558 379 0
580 376 0
596 366 0
604 359 0
608 353 0
608 349 0
609 344 0
606 344 0
599 349 0
592 360 0
590 369 0
590 372 0
598 379 0
607 380 0
621 377 0
629 372 0
634 368 0
639 366 0
642 364 0
645 366 0
648 373 0
650 385 0
653 408 0
653 417 0
652 421 0
650 416 0
643 385 0
641 358 0
643 345 0
649 339 0
659 335 0
666 337 0
672 343 0
674 353 0
671 363 0
667 369 0
662 374 1
706 262 0
708 265 0
708 297 0
709 348 0
708 366 0
708 374 0
708 377 0
708 380 0
704 372 0
703 367 0
701 362 0
703 360 0
709 355 0
717 352 0
728 346 0
747 333 1
