alexandria
156 335 0
153 336 0
150 334 0
134 328 0
125 329 0
116 336 0
110 344 0
107 356 0
107 365 0
111 372 0
117 376 0
126 377 0
134 374 0
144 368 0
150 363 0
152 360 0
156 356 0
160 361 0
164 367 0
171 371 0
185 369 0
208 358 0
224 343 0
239 323 0
248 304 0
255 283 0
256 272 0
252 265 0
246 262 0
236 264 0
221 274 0
203 293 0
195 311 0
191 330 0
192 357 0
198 372 0
206 379 0
218 383 0
234 383 0
245 380 0
258 369 0
268 357 0
273 335 0
273 329 0
266 335 0
263 342 0
261 352 0
261 361 0
263 368 0
269 373 0
281 376 0
290 376 0
307 376 1
367 338 0
364 342 0
350 357 0
329 377 0
321 383 0
309 392 1
317 336 0
321 340 0
326 350 0
334 361 0
345 370 0
359 382 1
443 348 0
429 346 0
417 346 0
408 347 0
398 354 0
392 362 0
390 370 0
390 376 0
393 380 0
397 382 0
403 382 0
409 380 0
417 374 0
425 367 0
430 362 0
432 359 0
436 355 0
441 357 0
443 361 0
446 365 0
449 367 0
454 367 0
459 365 0
462 364 0
469 359 0
475 354 0
479 352 0
484 351 0
487 354 0
489 358 0
492 363 0
495 365 0
502 364 0
509 362 0
516 361 0
519 360 0
523 359 0
526 361 0
535 364 0
537 365 1
620 343 0
609 341 0
595 341 0
584 344 0
574 352 0
567 362 0
564 372 0
565 377 0
570 380 0
580 379 0
597 368 0
618 347 0
627 325 0
636 305 0
642 289 0
644 281 0
645 279 0
646 276 0
646 280 0
644 287 0
642 300 0
641 306 0
638 328 0
638 353 0
641 363 0
645 366 0
653 364 0
663 359 0
673 352 0
678 349 0
683 347 0
686 347 0
689 349 0
693 352 0
693 356 0
693 360 0
693 364 0
693 367 0
696 358 0
697 351 0
700 345 0
702 340 0
706 338 0
710 336 0
715 337 0
719 337 0
727 337 0
730 337 0
733 337 0
734 345 0
733 352 0
735 361 0
737 365 0
744 367 0
751 366 0
757 365 1
821 335 0
816 335 0
811 335 0
803 336 0
795 340 0
789 346 0
785 354 0
784 361 0
784 364 0
787 365 0
797 362 0
804 356 0
811 351 0
816 347 0
819 345 0
822 346 0
824 350 0
827 356 0
830 361 0
833 364 0
841 363 1
743 258 0
742 262 0
739 271 1
