308
423 273 0
426 273 0
441 271 0
455 270 0
466 271 0
474 272 0
477 273 0
481 277 0
480 287 0
479 294 0
478 296 0
476 307 0
477 319 0
480 328 0
486 335 0
493 342 0
499 352 0
500 364 0
496 375 0
488 383 0
477 391 0
465 394 0
453 392 0
450 389 1
555 283 0
550 291 0
546 297 0
543 301 0
534 328 0
530 360 0
533 368 0
540 373 0
552 374 0
570 368 0
588 355 0
597 343 0
600 334 0
599 323 0
594 313 0
585 301 0
577 292 0
571 290 1
657 275 0
656 279 0
653 283 0
651 288 0
652 292 0
656 298 0
663 305 0
670 316 0
676 329 0
677 343 0
674 359 0
665 374 0
656 385 0
652 389 0
647 391 0
650 381 0
662 360 0
676 336 0
687 316 0
693 296 0
693 286 0
691 279 0
685 276 0
677 275 0
669 277 1
