use
440 321 0
442 325 0
442 338 0
442 360 0
443 374 0
445 382 0
447 386 0
451 387 0
457 385 0
467 378 0
479 368 0
486 362 0
491 357 0
495 353 0
498 354 0
501 364 0
504 372 0
509 378 0
517 380 0
526 378 1
560 330 0
558 335 0
553 340 0
552 343 0
554 347 0
558 350 0
564 354 0
570 361 0
573 368 0
574 373 0
573 376 0
569 380 0
563 383 0
559 384 1
590 367 0
600 365 0
608 363 0
616 359 0
623 352 0
628 346 0
631 342 0
632 336 0
627 333 0
622 332 0
615 336 0
607 343 0
603 352 0
601 362 0
603 369 0
611 374 0
632 375 0
652 374 0
657 373 1
