escort
372 362 0
383 365 0
394 364 0
407 360 0
426 347 0
433 338 0
436 334 0
435 328 0
430 325 0
423 326 0
410 333 0
395 349 0
388 363 0
388 371 0
393 379 0
404 383 0
426 384 0
435 384 0
448 384 1
492 326 0
487 330 0
481 335 0
480 338 0
482 341 0
487 343 0
499 348 0
509 356 0
511 363 0
510 369 0
506 375 0
499 380 0
490 383 0
473 388 1
578 333 0
568 340 0
557 345 0
545 354 0
538 361 0
532 368 0
531 375 0
534 380 0
540 383 0
559 383 0
568 382 0
583 380 1
625 350 0
616 350 0
609 351 0
602 357 0
597 362 0
596 366 0
598 376 0
608 381 0
621 382 0
629 377 0
635 372 0
637 364 0
636 357 0
635 354 0
632 350 0
627 347 0
624 346 0
631 348 0
645 347 0
667 343 0
675 343 0
680 346 0
687 360 0
690 369 0
692 372 0
694 377 0
694 374 0
692 363 0
693 359 0
693 357 0
697 356 0
709 353 0
729 342 0
739 336 0
751 328 1
762 253 0
762 257 0
762 268 0
762 287 0
762 317 0
763 345 0
766 370 0
765 382 0
766 393 0
766 398 0
761 378 0
759 374 0
758 371 0
762 367 0
771 365 0
780 362 0
796 355 1
