support
431 320 0
425 322 0
416 327 0
402 336 0
393 344 0
388 349 0
386 353 0
387 356 0
393 361 0
401 367 0
409 375 0
413 379 0
417 384 0
416 389 0
414 393 0
413 396 0
410 395 1
465 342 0
465 345 0
463 353 0
461 365 0
459 378 0
459 384 0
463 387 0
469 387 0
477 381 0
488 371 0
496 363 0
500 361 0
502 360 0
505 363 0
506 367 0
507 371 0
510 377 0
519 379 0
528 376 0
538 372 0
544 371 0
550 373 0
556 379 0
559 392 0
562 417 0
558 441 0
555 451 0
555 454 0
543 407 0
541 382 0
547 361 0
559 337 0
569 330 0
577 329 0
581 333 0
583 341 0
582 353 0
576 370 0
567 378 1
636 387 0
636 401 0
635 420 0
633 435 0
632 443 0
631 445 0
628 437 0
623 408 0
625 367 0
631 351 0
639 340 0
650 335 0
661 335 0
665 340 0
666 348 0
659 364 0
645 380 0
635 383 1
706 355 0
701 360 0
695 364 0
689 370 0
685 375 0
685 380 0
698 379 0
718 372 0
728 366 0
731 363 0
733 360 0
729 357 0
719 352 0
713 350 0
707 347 0
736 343 0
757 342 0
767 342 0
774 344 0
778 349 0
782 356 0
784 364 0
785 369 0
785 373 0
787 376 0
787 371 0
787 363 0
788 354 0
788 351 0
792 346 0
797 347 0
806 343 0
818 338 0
834 330 1
855 225 0
851 234 0
845 254 0
840 285 0
836 318 0
835 349 0
835 374 0
836 382 0
836 385 0
831 374 0
829 364 0
829 357 0
831 353 0
840 348 0
856 341 0
878 335 0
896 328 1
