stores
451 322 0
449 325 0
439 335 0
434 342 0
432 349 0
433 355 0
438 360 0
446 367 0
455 374 0
462 378 0
465 382 0
465 387 0
459 393 0
450 398 0
441 398 1
508 250 0
509 258 0
508 277 0
506 310 0
504 340 0
503 365 0
502 376 0
501 382 0
500 385 0
499 388 0
496 379 0
494 369 0
492 363 0
491 359 0
494 357 0
502 356 0
513 355 0
523 354 0
527 354 0
532 354 0
531 364 0
530 371 0
531 379 0
534 382 0
542 382 0
553 376 0
560 369 0
564 363 0
563 357 0
559 353 0
553 352 0
546 354 0
539 355 1
607 345 0
606 352 0
605 358 0
602 366 0
601 371 0
601 375 0
601 380 0
601 370 0
602 367 0
606 365 0
613 365 0
622 365 0
632 362 0
643 360 0
650 357 0
654 354 0
655 350 0
653 346 0
644 346 0
636 355 0
631 368 0
630 375 0
633 379 0
640 380 0
644 379 1
710 340 0
705 344 0
700 345 0
697 351 0
701 355 0
704 361 0
709 367 0
712 373 0
711 379 0
706 383 0
700 385 1
