winches
283 329 0
283 333 0
285 351 0
289 377 0
294 382 0
299 384 0
307 382 0
314 376 0
321 371 0
325 369 0
328 367 0
332 367 0
335 374 0
338 378 0
341 381 0
350 379 0
360 371 0
369 360 0
373 352 0
374 347 0
375 342 0
375 339 0
389 335 0
398 333 0
405 332 0
408 332 0
413 333 0
413 338 0
415 346 0
415 357 0
417 368 0
420 375 0
427 377 0
436 375 0
453 363 0
465 352 0
471 344 0
475 340 0
478 340 0
480 349 0
482 357 0
483 364 0
485 366 0
493 365 0
496 363 0
505 360 0
515 357 0
522 357 0
524 358 0
532 364 0
534 366 1
589 323 0
584 325 0
575 332 0
568 342 0
564 354 0
564 362 0
571 367 0
589 366 0
616 355 0
644 336 0
666 310 0
680 262 0
683 251 0
672 265 0
661 289 0
656 314 0
655 335 0
656 345 0
659 354 0
664 360 0
670 359 0
684 352 0
700 343 0
705 341 0
709 341 0
712 345 0
715 354 0
721 364 0
728 371 0
737 374 0
747 371 0
767 359 0
779 349 0
782 347 0
784 341 0
783 334 0
781 330 0
779 327 0
776 332 0
773 339 0
772 347 0
775 358 0
781 363 0
784 364 1
875 310 0
868 315 0
857 323 0
849 329 0
845 333 0
842 337 0
845 340 0
852 347 0
856 354 0
856 361 0
851 364 1
416 258 1
406 223 0
406 229 0
406 234 1
