doctor
440 342 0
435 342 0
426 342 0
412 348 0
397 361 0
389 374 0
385 384 0
385 391 0
387 394 0
397 394 0
415 379 0
433 357 0
446 335 0
454 323 0
460 306 0
464 293 0
465 288 0
465 285 0
459 309 0
452 336 0
449 361 0
448 375 0
450 384 0
456 388 0
463 391 1
540 352 0
530 352 0
523 354 0
516 360 0
512 364 0
509 375 0
512 382 0
518 385 0
526 386 0
535 384 0
543 378 0
546 370 0
547 362 0
544 354 0
540 347 0
537 344 0
546 348 0
565 347 0
587 344 0
597 343 0
602 344 0
606 344 0
601 347 0
596 348 0
594 350 0
586 357 0
583 366 0
583 373 0
589 377 0
606 376 0
628 372 0
650 367 1
660 273 0
660 277 0
659 294 0
659 316 0
659 342 0
659 364 0
659 371 0
660 374 0
660 376 0
651 360 0
649 355 0
650 352 0
665 351 0
679 350 0
689 349 0
695 347 0
698 348 0
702 349 0
699 352 0
696 359 0
696 366 0
699 373 0
707 377 0
719 379 0
730 376 0
738 371 0
740 366 0
739 360 0
734 353 0
727 346 0
721 345 1
783 341 0
783 345 0
783 349 0
780 358 0
778 366 0
776 370 0
775 375 0
774 364 0
775 356 0
779 348 0
786 343 0
805 336 0
817 332 0
831 326 1
