16th
367 390 0
378 389 0
403 367 0
439 329 0
456 309 0
467 295 0
471 291 0
473 289 0
475 294 0
476 310 0
473 345 0
472 378 0
472 389 0
472 392 1
540 285 0
532 302 0
522 330 0
515 356 0
513 371 0
515 377 0
522 380 0
533 378 0
548 372 0
560 365 0
566 360 0
568 354 0
566 346 0
560 341 0
552 340 0
545 343 0
537 349 0
534 352 1
652 273 0
648 284 0
642 299 0
629 328 0
620 352 0
617 364 0
618 374 0
622 380 0
629 386 0
640 385 0
645 385 0
660 381 1
622 342 0
625 345 0
631 345 0
638 342 1
707 293 0
708 297 0
708 300 0
703 314 0
695 337 0
691 354 0
691 365 0
692 371 0
693 374 0
697 376 0
705 374 0
717 369 0
726 368 0
732 369 0
735 372 0
737 375 0
741 381 0
747 382 1
