for
416 353 0
426 353 0
442 345 0
465 328 0
481 310 0
488 296 0
492 282 0
492 271 0
492 264 0
491 262 0
484 265 0
474 281 0
461 310 0
457 343 0
454 378 0
451 422 0
452 429 0
452 432 0
451 410 0
453 388 0
456 373 0
460 366 0
470 356 0
483 349 0
498 343 0
508 341 0
514 339 0
518 339 0
521 339 0
518 344 0
510 357 0
504 373 0
500 384 0
506 390 0
517 391 0
529 387 0
539 375 0
541 368 0
540 359 0
537 347 0
535 342 0
532 342 0
529 347 0
531 351 0
542 354 0
559 354 0
574 351 0
581 349 0
585 349 0
588 351 0
591 356 0
591 365 0
591 374 0
591 379 0
591 383 0
594 370 0
600 346 0
604 335 0
608 332 0
617 333 0
626 336 0
635 339 0
650 343 1
