bly
456 278 0
457 286 0
457 300 0
457 327 0
456 351 0
456 363 0
456 369 0
457 372 0
467 363 0
483 351 0
499 344 0
511 341 0
516 342 0
518 352 0
512 367 0
505 379 0
497 385 0
489 388 0
479 389 0
469 387 1
559 348 0
567 345 0
574 335 0
582 322 0
586 306 0
587 292 0
586 285 0
583 279 0
581 274 0
579 272 0
574 279 0
562 303 0
551 332 0
546 358 0
545 373 0
548 382 0
555 387 0
571 383 0
592 369 0
605 360 0
608 358 0
612 360 0
613 368 0
616 375 0
621 380 0
626 381 0
632 380 0
635 378 0
640 374 0
644 372 0
647 371 0
650 374 0
653 377 0
658 382 0
662 394 0
665 409 0
663 424 0
656 442 0
649 449 0
646 452 0
642 453 0
636 449 0
639 437 0
655 411 0
667 393 0
674 381 1
