vessel
376 313 0
376 317 0
377 331 0
379 348 0
384 361 0
388 367 0
393 368 0
399 365 0
406 355 0
413 342 0
420 329 0
426 320 1
462 341 0
465 342 0
469 335 0
470 328 0
470 325 0
466 319 0
458 317 0
451 317 0
444 322 0
439 330 0
436 339 0
437 347 0
442 353 0
447 355 1
516 303 0
511 307 0
505 312 0
502 317 0
502 321 0
507 324 0
513 327 0
519 331 0
523 335 0
526 339 0
527 344 0
525 348 0
519 352 1
572 310 0
570 313 0
564 318 0
560 321 0
557 325 0
557 328 0
564 333 0
568 338 0
571 341 0
570 347 0
569 354 0
565 358 0
562 360 1
609 332 0
612 335 0
614 329 0
613 325 0
611 322 0
608 325 0
604 333 0
602 343 0
604 352 0
612 356 0
630 354 0
650 340 0
668 321 0
678 302 0
683 281 0
685 269 0
684 262 0
679 268 0
662 295 0
653 323 0
649 348 0
651 362 0
661 368 0
679 370 0
684 371 0
698 371 1
