with
381 335 0
381 338 0
380 353 0
379 375 0
379 383 0
387 388 0
397 385 0
404 382 0
410 378 0
413 377 0
417 378 0
423 383 0
428 385 0
435 387 0
443 386 0
449 382 0
456 374 0
459 366 0
461 359 0
462 357 0
461 354 0
462 349 0
466 348 0
471 349 0
479 348 0
486 347 0
492 346 0
496 346 0
498 346 0
501 355 0
502 365 0
505 374 0
507 378 0
517 382 0
528 377 0
536 373 0
551 365 1
575 263 0
573 273 0
570 287 0
565 311 0
564 338 0
563 359 0
563 371 0
564 379 0
565 384 0
565 387 0
569 376 0
569 362 0
569 354 0
569 350 0
570 347 0
574 348 0
583 345 0
596 340 0
600 339 0
616 324 0
629 306 0
632 294 0
633 288 0
633 285 0
631 282 0
627 284 0
619 301 0
614 317 0
611 337 0
610 349 0
610 360 0
612 366 0
613 371 0
616 375 0
617 378 0
622 381 0
628 379 0
635 375 0
643 370 0
649 366 0
652 365 0
657 363 0
663 369 0
670 371 0
683 370 0
702 366 0
704 366 1
509 272 0
507 277 0
505 284 1
