yourself
270 316 0
272 329 0
281 349 0
288 352 0
297 350 0
312 342 0
322 335 0
328 331 0
331 328 0
335 329 0
338 338 0
342 358 0
345 380 0
347 403 0
344 420 0
340 432 0
329 446 0
320 451 0
313 449 0
306 437 0
306 421 0
316 402 0
333 378 0
354 360 0
368 348 0
372 345 0
376 343 0
373 349 0
371 358 0
372 366 0
376 373 0
387 373 0
400 367 0
413 359 0
419 351 0
421 344 0
419 337 0
411 331 0
402 326 0
395 325 0
391 325 0
389 325 0
397 324 0
420 320 0
435 318 0
443 317 0
449 316 0
452 316 0
457 324 0
459 335 0
459 345 0
465 355 0
473 359 0
479 358 0
487 356 0
495 349 0
502 339 0
505 336 0
508 334 0
509 338 0
511 344 0
514 352 0
520 357 0
526 358 0
537 357 0
550 355 0
561 354 0
568 353 0
571 353 0
574 353 0
578 356 0
580 353 0
583 337 0
585 327 0
587 321 0
588 317 0
589 315 0
592 313 0
600 310 0
606 308 1
656 300 0
647 305 0
640 308 0
634 312 0
628 317 0
626 323 0
627 327 0
634 333 0
641 340 0
645 345 0
647 349 0
647 353 0
646 356 1
673 332 0
680 332 0
691 332 0
704 329 0
712 325 0
718 322 0
721 318 0
721 313 0
717 311 0
710 308 0
699 309 0
689 314 0
685 317 0
681 325 0
684 341 0
696 353 0
709 355 0
734 350 0
758 334 0
779 312 0
791 290 0
798 266 0
802 253 0
803 250 0
790 262 0
776 288 0
769 315 0
766 338 0
768 346 0
776 352 0
792 352 0
814 341 0
836 323 0
852 298 0
864 273 0
870 258 0
871 256 0
870 253 0
863 260 0
854 275 0
846 303 0
841 330 0
840 353 0
840 368 0
840 380 0
840 388 0
840 394 0
840 397 0
842 392 0
844 374 0
846 367 0
851 361 0
858 358 0
870 353 0
884 345 0
890 341 1
