tents
435 270 0
438 275 0
437 291 0
434 320 0
430 349 0
428 373 0
430 385 0
434 400 0
440 407 0
450 411 0
459 413 0
475 416 1
420 370 0
423 373 0
437 378 0
452 380 0
473 378 0
499 372 0
513 369 0
521 368 0
531 366 0
538 364 0
542 362 0
545 362 0
542 359 0
535 360 0
526 363 0
521 369 0
518 374 0
517 380 0
518 385 0
520 389 0
523 395 0
527 395 0
534 392 0
542 390 0
549 388 0
555 387 0
561 386 0
565 385 0
571 382 0
577 377 0
581 374 0
584 371 0
587 380 0
588 391 0
588 396 0
595 394 0
605 390 0
616 384 0
624 379 0
628 378 0
630 379 0
633 383 0
637 388 0
643 388 1
700 260 0
698 266 0
695 282 0
693 291 0
690 317 0
688 366 0
687 384 0
687 387 0
687 391 0
684 383 0
681 376 0
679 369 0
678 363 0
679 360 0
681 357 0
688 355 0
700 352 0
711 347 0
727 338 1
773 335 0
760 342 0
750 346 0
746 349 0
751 354 0
757 361 0
763 368 0
764 375 0
762 382 0
755 389 0
746 393 0
743 394 1
