with
340 343 0
340 348 0
339 357 0
339 365 0
339 369 0
339 376 0
343 386 0
349 394 0
355 397 0
361 397 0
367 395 0
376 390 0
380 389 0
383 389 0
386 390 0
392 392 0
400 393 0
407 393 0
414 391 0
420 386 0
424 378 0
425 371 0
424 365 0
423 361 0
424 356 0
425 354 0
430 355 0
439 355 0
446 355 0
451 355 0
460 355 0
464 355 0
468 355 0
467 366 0
468 375 0
472 382 0
479 387 0
488 388 0
500 385 0
517 379 0
522 377 1
542 267 0
543 271 0
545 275 0
545 291 0
546 308 0
546 332 0
547 338 0
548 362 0
548 372 0
548 375 0
548 379 0
546 371 0
545 365 0
545 359 0
545 356 0
548 350 0
555 347 0
564 345 0
578 341 0
593 332 0
605 323 0
613 315 0
616 300 0
616 293 0
616 287 0
614 281 0
611 278 0
607 289 0
602 308 0
597 332 0
596 348 0
599 357 0
602 361 0
606 365 0
614 366 0
621 366 0
627 366 0
633 364 0
638 363 0
647 365 0
653 370 0
657 375 0
660 378 1
491 250 0
487 260 0
486 263 1
