with
464 312 0
464 315 0
461 332 0
459 348 0
460 359 0
462 366 0
467 369 0
475 366 0
488 358 0
503 347 0
508 344 0
512 344 0
516 347 0
520 352 0
526 356 0
533 356 0
539 354 0
543 351 0
549 343 0
551 341 0
556 336 0
560 333 0
565 329 0
568 328 0
574 326 0
580 325 0
589 323 0
592 323 0
596 325 0
598 335 0
600 345 0
603 353 0
613 355 1
658 247 0
657 254 0
656 259 0
654 269 0
653 286 0
652 314 0
654 335 0
655 347 0
655 356 0
655 360 0
655 362 0
654 355 0
651 339 0
651 334 0
651 331 0
658 332 0
667 329 0
681 323 0
692 315 0
705 302 0
710 291 0
713 282 0
712 274 0
711 269 0
710 266 0
707 268 0
706 278 0
706 292 0
705 313 0
705 334 0
707 340 0
711 346 0
714 349 0
724 349 0
727 348 0
731 346 0
737 344 0
740 344 0
744 348 0
748 354 1
593 247 0
592 252 1
