arrive
476 344 0
468 342 0
461 341 0
451 342 0
441 345 0
432 352 0
427 362 0
425 370 0
425 376 0
428 380 0
432 381 0
441 378 0
456 367 0
465 361 0
469 355 0
472 352 0
475 349 0
477 356 0
478 366 0
481 373 0
486 378 0
496 379 0
509 376 0
516 374 0
522 374 0
527 376 0
530 378 0
534 382 0
530 371 0
528 364 0
529 357 0
531 354 0
542 350 0
546 351 0
552 352 0
557 354 0
560 356 0
563 361 0
566 364 0
566 367 0
569 371 0
570 357 0
570 353 0
570 350 0
580 347 0
587 346 0
590 346 0
595 349 0
598 349 0
600 353 0
600 358 0
606 368 0
611 372 0
614 373 1
636 345 0
637 348 0
640 356 0
642 362 0
644 367 0
646 371 0
648 373 0
651 373 0
655 368 0
660 359 0
664 352 0
667 347 1
693 368 0
699 371 0
704 369 0
709 364 0
713 357 0
714 354 0
714 348 0
712 345 0
709 346 0
704 354 0
702 363 0
705 371 0
711 375 0
718 377 1
622 273 0
617 284 0
615 286 1
