and
472 297 0
467 298 0
463 297 0
456 294 0
448 294 0
439 297 0
429 304 0
418 316 0
409 330 0
406 341 0
407 348 0
417 349 0
430 340 0
443 328 0
454 318 0
460 313 0
466 309 0
467 314 0
468 320 0
469 323 0
470 328 0
477 331 0
485 329 0
496 324 0
503 320 0
507 318 0
510 317 0
512 317 0
516 320 0
520 325 0
523 329 0
531 327 0
543 323 0
552 320 0
561 319 0
565 319 0
569 322 0
573 327 0
579 331 0
582 332 1
661 312 0
657 311 0
650 310 0
642 310 0
631 311 0
621 317 0
617 324 0
616 332 0
619 339 0
625 342 0
636 340 0
661 321 0
676 298 0
685 274 0
691 253 0
694 247 0
695 244 0
690 269 0
685 297 0
683 320 0
683 328 0
686 335 0
690 340 1
