would
358 327 0
356 330 0
355 337 0
354 350 0
355 365 0
357 373 0
360 377 0
365 378 0
374 372 0
387 364 0
391 362 0
395 359 0
400 361 0
403 365 0
407 370 0
413 374 0
418 374 0
421 372 0
423 370 0
425 365 0
426 356 0
426 346 0
426 337 0
426 334 0
427 331 0
432 331 0
439 332 0
451 334 0
467 335 0
478 336 0
486 337 0
493 337 0
497 337 0
493 346 0
489 355 0
486 366 0
485 369 0
495 372 0
515 363 0
526 355 0
528 349 0
527 342 0
526 339 0
517 335 0
510 333 0
507 332 0
515 331 0
524 329 0
535 327 0
541 326 0
546 326 0
549 327 0
552 331 0
553 335 0
555 342 0
558 348 0
560 352 0
565 354 0
573 352 0
576 351 0
585 345 0
594 338 0
597 336 0
602 337 0
604 342 0
608 348 0
618 353 0
630 354 0
643 351 0
662 338 0
672 323 0
679 305 0
684 287 0
685 278 0
684 273 0
684 271 0
679 276 0
672 287 0
662 310 0
660 332 0
660 345 0
666 357 0
672 363 0
676 365 1
779 352 0
773 351 0
761 348 0
745 346 0
735 346 0
725 348 0
722 350 0
718 355 0
720 362 0
724 367 0
735 366 0
748 360 0
765 348 0
778 323 0
786 299 0
790 287 0
792 280 0
793 274 0
791 281 0
786 315 0
787 354 0
791 363 0
812 366 0
832 364 0
835 364 1
