proceeding
214 328 0
215 343 0
216 373 0
216 401 0
216 423 0
215 434 0
214 438 0
214 442 0
209 416 0
205 376 0
208 349 0
214 330 0
222 321 0
235 314 0
246 315 0
250 317 0
254 326 0
253 328 0
246 345 0
236 358 0
232 361 1
300 332 0
299 340 0
298 346 0
297 352 0
296 356 0
295 359 0
294 362 0
293 359 0
295 350 0
294 338 0
293 334 0
295 326 0
299 320 0
304 318 0
311 316 0
322 315 0
330 315 0
336 315 0
343 315 0
348 316 0
350 317 0
352 323 0
349 329 0
347 337 0
345 347 0
345 358 0
351 365 0
359 367 0
369 362 0
388 348 0
394 340 0
394 332 0
389 323 0
381 316 0
373 315 0
366 315 0
362 317 0
355 320 0
338 324 1
445 305 0
442 307 0
431 313 0
423 320 0
415 333 0
414 345 0
418 356 0
429 362 0
449 361 0
474 353 0
490 346 0
502 334 0
505 327 0
506 321 0
503 317 0
498 315 0
491 321 0
475 346 0
475 359 0
495 363 0
517 357 0
539 344 0
557 329 0
564 321 0
567 314 0
568 309 0
561 310 0
551 318 0
544 331 0
540 341 0
541 351 0
547 357 0
554 358 0
565 357 0
579 355 0
588 353 1
677 327 0
665 323 0
651 320 0
635 320 0
624 326 0
620 333 0
618 341 0
622 348 0
630 351 0
643 350 0
660 340 0
677 324 0
686 301 0
694 273 0
698 255 0
699 248 0
699 254 0
695 282 0
689 318 0
690 331 0
691 338 0
695 342 0
698 345 0
706 344 0
713 342 0
723 337 0
732 329 0
737 325 0
740 323 0
742 323 0
745 323 0
748 326 0
750 331 0
752 334 0
756 337 0
763 337 0
770 334 0
775 332 0
781 331 0
787 333 0
791 335 0
796 338 0
800 341 0
804 342 0
812 341 0
819 340 0
824 340 0
829 340 0
834 343 0
840 343 1
918 325 0
913 324 0
901 321 0
883 319 0
872 320 0
864 325 0
859 332 0
859 338 0
863 340 0
874 342 0
887 339 0
895 336 0
901 334 0
905 335 0
908 339 0
911 344 0
913 356 0
910 379 0
902 402 0
893 417 0
883 429 0
875 432 0
868 431 0
864 423 0
871 398 0
891 376 0
909 363 0
922 353 1
777 236 0
770 242 1
