think
353 305 0
349 333 0
344 363 0
342 388 0
342 403 0
344 412 0
353 415 0
372 412 0
389 408 0
406 403 1
335 373 0
342 377 0
360 372 0
382 366 0
386 365 1
413 312 0
414 315 0
415 328 0
415 344 0
414 364 0
414 373 0
414 381 0
413 392 0
413 398 0
415 402 0
421 399 0
426 396 0
429 395 0
432 394 0
434 395 0
437 396 0
441 398 0
445 402 0
452 400 0
459 398 0
466 394 0
473 388 0
479 382 0
482 378 0
486 375 0
488 377 0
492 382 0
494 384 0
497 386 0
502 388 0
505 389 0
514 387 0
518 387 0
522 387 0
524 387 0
527 388 0
530 389 0
539 391 0
544 392 0
554 389 0
569 385 0
577 383 0
581 383 0
583 384 0
587 386 0
593 389 0
596 389 1
630 298 0
630 302 0
630 309 0
631 333 0
630 359 0
628 376 0
625 390 0
623 398 1
675 363 0
669 366 0
659 370 0
649 375 0
646 377 0
642 382 0
649 385 0
673 393 0
695 400 1
522 293 0
518 302 0
516 306 1
