1755
361 387 0
368 383 0
387 362 0
420 322 0
436 300 0
447 286 0
453 281 0
455 282 0
457 290 0
460 316 0
462 359 0
465 374 0
466 377 1
494 287 0
503 291 0
512 293 0
530 296 0
540 299 0
547 305 0
552 317 0
558 341 0
558 362 0
558 373 0
556 380 1
536 344 0
541 347 0
554 345 0
570 342 0
584 338 1
643 298 0
640 301 0
633 305 0
627 309 0
623 313 0
621 315 0
630 318 0
645 325 0
660 333 0
666 339 0
669 347 0
668 356 0
661 366 0
653 370 0
644 372 1
656 298 0
661 302 0
672 302 0
681 300 0
697 296 1
761 297 0
754 303 0
744 311 0
735 319 0
733 322 0
730 326 0
733 328 0
741 331 0
756 336 0
768 342 0
775 347 0
776 354 0
766 363 0
753 371 0
745 372 1
751 291 0
760 293 0
773 292 0
790 290 0
799 289 1
