suits
480 333 0
477 337 0
465 347 0
455 357 0
449 364 0
449 368 0
451 371 0
457 374 0
468 379 0
478 383 0
482 387 0
485 394 0
486 399 0
485 404 0
478 407 0
473 407 1
523 340 0
524 344 0
524 354 0
523 366 0
523 375 0
524 382 0
527 385 0
530 385 0
536 381 0
544 373 0
549 368 0
553 363 0
556 362 0
558 365 0
558 369 0
558 376 0
561 384 0
565 385 0
572 385 0
583 380 0
593 372 0
601 366 0
604 364 0
609 362 0
611 365 0
615 372 0
620 376 0
625 379 1
670 260 0
670 265 0
670 278 0
669 311 0
672 367 0
671 374 0
670 378 0
669 382 0
666 383 0
664 378 0
662 370 0
661 366 0
660 361 0
662 359 0
665 355 0
673 351 0
679 348 1
724 338 0
721 341 0
722 343 0
726 352 0
726 361 0
724 370 0
720 379 0
715 385 0
711 388 1
595 265 0
596 273 1
