that
483 266 0
485 270 0
484 283 0
481 305 0
480 318 0
478 336 0
478 365 0
484 387 0
488 394 0
501 399 0
526 397 0
541 394 0
557 390 1
453 361 0
460 364 0
481 360 0
499 356 0
516 350 1
559 295 0
560 300 0
559 314 0
558 340 0
556 363 0
556 373 0
557 380 0
562 383 0
568 382 0
577 379 0
584 378 0
590 377 0
594 378 0
603 384 0
608 387 0
612 388 1
681 357 0
677 356 0
670 355 0
661 356 0
651 360 0
642 367 0
636 375 0
635 378 0
637 382 0
648 384 0
657 381 0
666 379 0
669 380 0
672 382 0
676 384 0
680 385 1
726 255 0
726 261 0
725 281 0
722 312 0
719 341 0
715 367 0
717 380 0
718 388 0
719 392 0
717 388 0
711 373 0
709 369 0
707 365 0
713 362 0
723 359 0
739 354 0
744 352 1
