which
310 345 0
310 351 0
310 358 0
310 367 0
312 380 0
318 393 0
323 399 0
328 398 0
336 396 0
343 393 0
349 390 0
357 391 0
361 394 0
365 397 0
369 399 0
375 400 0
380 399 0
384 397 0
386 395 0
388 386 0
390 371 0
391 362 0
392 359 0
393 356 0
396 358 0
400 359 0
404 361 0
408 359 0
413 358 0
419 357 0
423 356 0
427 355 0
430 355 0
432 355 0
435 355 0
438 355 0
441 353 0
447 346 0
454 337 0
459 329 0
464 318 0
466 293 0
464 285 0
463 280 0
459 279 0
455 280 0
453 285 0
449 299 0
443 323 0
441 348 0
439 367 0
438 374 0
438 380 0
440 383 0
444 382 0
451 378 0
457 376 0
463 377 0
466 379 0
470 382 0
474 383 0
479 381 0
486 377 0
494 371 0
499 367 0
504 365 0
508 364 0
511 371 0
512 375 0
513 378 0
518 379 0
524 378 0
528 376 1
577 338 0
573 340 0
566 343 0
557 348 0
547 358 0
542 366 0
540 374 0
542 377 0
561 377 0
589 365 0
606 350 0
613 336 0
617 322 0
618 307 0
617 300 0
614 317 0
613 337 0
612 354 0
615 366 0
617 373 0
621 377 0
626 376 0
631 375 0
635 375 0
639 377 0
647 382 0
653 385 0
656 387 1
517 265 0
516 269 0
514 277 1
