number
326 322 0
327 327 0
328 334 0
328 347 0
328 367 0
330 378 0
331 384 0
332 387 0
336 389 0
338 382 0
343 374 0
349 365 0
353 358 0
356 356 0
360 354 0
363 365 0
367 370 0
372 375 0
381 376 0
397 368 0
412 357 0
420 349 0
427 342 0
430 339 0
430 346 0
430 355 0
432 363 0
435 367 0
439 368 0
441 368 0
447 365 0
453 361 0
461 355 0
469 349 0
474 344 0
477 342 0
479 342 0
481 341 0
483 345 0
484 350 0
486 354 0
488 359 0
489 361 0
493 362 0
500 359 0
505 355 0
511 350 0
514 346 0
521 347 0
525 352 0
527 355 0
530 358 0
530 361 0
533 365 0
536 363 0
540 362 0
543 361 0
547 360 0
552 360 0
556 360 0
559 359 0
562 359 0
565 359 0
569 359 0
575 359 0
577 359 0
582 358 0
591 356 0
598 356 0
602 357 1
635 252 0
635 261 0
634 279 0
632 306 0
630 326 0
630 333 0
630 336 0
634 338 0
659 336 0
667 338 0
672 343 0
672 351 0
665 364 0
656 373 0
647 377 0
641 374 0
638 367 0
638 358 1
703 352 0
713 353 0
722 351 0
731 344 0
738 335 0
738 328 0
736 324 0
727 325 0
708 340 0
697 355 0
695 362 0
696 368 0
703 371 0
720 369 0
743 363 0
754 359 0
765 358 0
774 360 0
781 362 0
784 365 0
787 369 0
789 372 0
790 361 0
793 343 0
795 331 0
796 327 0
799 324 0
803 323 0
810 322 0
814 321 0
827 320 0
843 317 1
