shirts
436 348 0
429 352 0
420 360 0
411 368 0
408 374 0
410 379 0
414 384 0
422 393 0
430 403 0
433 408 0
434 414 0
432 420 0
427 428 0
421 434 0
413 436 1
474 273 0
475 276 0
476 305 0
477 355 0
476 379 0
475 403 0
475 414 0
475 417 0
477 422 0
484 415 0
490 407 0
499 398 0
507 392 0
512 389 0
514 388 0
516 396 0
516 404 0
518 408 0
526 414 0
533 412 0
541 405 0
547 399 0
549 396 0
553 392 0
555 395 0
558 399 0
561 402 0
571 411 0
579 412 0
589 410 0
599 407 0
607 404 0
611 404 0
614 408 0
614 415 0
615 417 0
616 421 0
619 415 0
619 406 0
619 398 0
619 395 0
621 392 0
632 386 0
639 380 1
661 280 0
661 283 0
662 296 0
662 324 0
660 354 0
657 382 0
656 405 0
656 414 0
656 418 0
656 421 0
652 411 0
652 407 0
656 399 0
661 395 0
671 390 0
677 388 0
681 386 0
698 378 1
740 363 0
731 369 0
722 375 0
715 379 0
710 384 0
710 387 0
720 394 0
733 403 0
738 407 0
741 412 0
740 415 0
733 419 0
722 424 0
704 430 1
567 273 0
565 282 0
563 286 1
