the
417 265 0
417 272 0
415 294 0
410 323 0
409 334 0
410 354 0
413 380 0
418 395 0
430 401 0
452 404 0
461 404 0
476 404 1
393 357 0
395 361 0
404 360 0
429 356 0
447 352 0
453 351 1
493 288 0
493 293 0
493 301 0
492 318 0
490 347 0
485 371 0
486 381 0
487 386 0
489 390 0
500 386 0
513 377 0
521 371 0
527 371 0
531 373 0
537 378 0
544 383 0
553 388 0
568 390 0
584 389 0
596 384 0
604 376 0
609 367 0
609 361 0
609 358 0
597 360 0
589 366 0
586 373 0
589 380 0
599 388 0
624 397 0
644 402 0
646 403 1
