with
380 332 0
380 338 0
380 346 0
380 359 0
383 368 0
387 373 0
395 374 0
401 372 0
408 368 0
416 364 0
422 363 0
427 364 0
431 367 0
435 369 0
440 370 0
443 369 0
446 368 0
450 365 0
453 364 0
454 357 0
454 350 0
454 346 0
454 342 0
455 340 0
465 339 0
473 337 0
479 335 0
482 333 0
485 333 0
487 333 0
491 333 0
492 339 0
492 345 0
493 352 0
496 358 0
500 361 0
503 361 0
516 358 0
536 354 1
567 256 0
567 260 0
567 266 0
567 277 0
566 293 0
566 317 0
566 331 0
567 343 0
567 352 0
567 358 0
568 364 0
562 358 0
560 353 0
559 351 0
565 349 0
580 341 0
595 330 0
602 321 0
610 309 0
615 295 0
616 287 0
616 281 0
616 277 0
615 274 0
614 288 0
611 311 0
610 331 0
610 342 0
610 349 0
610 352 0
614 353 0
617 355 0
629 355 0
635 354 0
640 354 0
644 354 0
647 355 1
506 271 0
506 275 1
