instructions
77 289 0
77 292 0
76 299 0
75 307 0
74 318 0
75 326 0
77 334 0
80 338 0
88 341 0
95 339 0
103 334 0
113 325 0
119 319 0
123 315 0
127 315 0
129 320 0
131 324 0
143 322 0
153 317 0
161 316 0
167 318 0
171 322 0
175 326 0
182 331 0
188 333 1
226 293 0
225 297 0
221 302 0
218 305 0
219 309 0
229 318 0
235 326 0
237 329 0
237 334 0
234 340 0
228 344 0
224 343 1
269 220 0
272 224 0
274 232 0
274 254 0
274 280 0
273 302 0
273 318 0
273 325 0
273 329 0
273 334 0
269 334 0
267 325 0
269 321 0
271 318 0
277 314 0
287 311 0
296 312 0
304 312 0
309 315 0
313 320 0
316 326 0
317 328 0
317 331 0
317 327 0
318 323 0
323 316 0
327 310 0
332 306 0
337 305 0
343 305 0
349 309 0
352 311 0
353 313 0
355 321 0
356 326 0
359 330 0
364 329 0
373 322 0
382 317 0
388 313 0
392 312 0
396 316 0
398 322 0
399 328 1
478 288 0
471 292 0
451 302 0
438 311 0
435 321 0
434 327 0
438 332 0
454 331 0
481 325 0
501 319 0
506 318 1
534 228 0
533 232 0
533 236 0
531 245 0
529 258 0
527 277 0
526 298 0
526 312 0
526 322 0
526 327 0
527 330 0
524 324 0
522 319 0
520 314 0
524 311 0
533 307 0
548 301 0
556 300 0
562 299 0
566 299 0
569 300 0
571 306 0
571 308 0
571 317 0
573 323 0
580 328 1
651 301 0
645 302 0
638 304 0
632 309 0
627 317 0
626 325 0
630 329 0
638 332 0
650 329 0
659 322 0
665 316 0
667 309 0
666 304 0
662 300 0
657 299 0
654 300 0
661 302 0
674 299 0
692 295 0
700 294 0
706 295 0
710 300 0
713 308 0
714 315 0
716 318 0
717 321 0
720 320 0
738 313 0
747 310 0
753 310 0
760 310 0
766 311 0
771 313 0
776 316 1
813 272 0
811 277 0
808 285 0
809 289 0
811 292 0
816 295 0
822 300 0
826 305 0
827 311 0
824 319 0
815 327 0
806 329 0
788 333 1
610 222 0
607 226 0
601 233 1
112 197 0
111 203 1
