pursuit
365 333 0
364 345 0
362 372 0
361 402 0
362 430 0
362 447 0
362 452 0
362 455 0
363 446 0
360 422 0
360 389 0
365 361 0
372 339 0
383 326 0
388 322 0
393 321 0
402 327 0
407 342 0
407 358 0
402 367 0
395 372 0
386 373 0
376 371 0
372 370 1
444 331 0
444 334 0
442 341 0
441 351 0
441 360 0
444 364 0
447 366 0
450 367 0
454 363 0
464 354 0
471 345 0
474 342 0
478 340 0
477 351 0
476 361 0
477 369 0
480 371 0
488 373 0
502 374 0
512 374 0
518 375 0
522 375 0
526 376 0
525 363 0
524 357 0
523 350 0
523 346 0
525 339 1
580 312 0
576 315 0
566 324 0
562 327 0
560 329 0
564 331 0
570 336 0
578 341 0
581 345 0
584 353 0
583 361 0
580 365 0
577 368 1
620 321 0
620 325 0
618 332 0
615 340 0
613 348 0
613 354 0
619 355 0
626 354 0
634 349 0
644 342 0
653 333 0
657 329 0
660 327 0
660 332 0
660 344 0
663 351 0
668 355 0
673 355 0
676 355 0
678 355 0
696 337 0
704 329 0
707 326 0
711 327 0
713 338 0
715 345 0
718 349 0
719 352 0
726 353 1
783 232 0
782 241 0
781 253 0
781 281 0
782 303 0
781 312 0
782 339 0
783 354 0
783 358 0
783 360 0
777 350 0
774 336 0
772 326 0
772 322 0
772 319 0
775 317 0
781 315 0
788 313 1
720 245 0
717 250 1
