vessel
415 342 0
413 346 0
413 355 0
415 370 0
416 381 0
418 388 0
419 391 0
424 397 0
427 398 0
435 390 0
452 370 0
468 344 0
477 329 0
480 323 1
489 379 0
492 380 0
504 366 0
510 356 0
512 346 0
511 340 0
507 338 0
501 338 0
492 345 0
484 359 0
478 374 0
479 381 0
484 387 0
493 391 0
501 394 0
517 397 1
581 330 0
576 333 0
562 340 0
551 346 0
546 350 0
545 354 0
555 357 0
574 362 0
586 367 0
590 370 0
591 376 0
586 380 0
578 386 0
569 391 0
560 395 1
632 340 0
625 346 0
616 353 0
613 357 0
611 360 0
617 362 0
624 364 0
630 368 0
634 371 0
635 376 0
635 380 0
634 385 1
665 366 0
669 366 0
683 362 0
691 359 0
693 358 0
696 355 0
695 351 0
693 348 0
686 347 0
678 349 0
670 356 0
667 366 0
667 374 0
671 380 0
681 384 0
698 385 0
723 376 0
743 359 0
757 334 0
767 307 0
773 283 0
775 275 0
774 271 0
761 287 0
743 320 0
731 349 0
732 366 0
739 377 0
753 385 0
766 386 0
783 390 0
800 393 1
