must
349 337 0
349 340 0
350 346 0
350 358 0
351 372 0
351 380 0
352 387 0
353 392 0
354 396 0
358 396 0
362 390 0
368 382 0
374 373 0
378 368 0
381 365 0
385 365 0
387 371 0
389 376 0
393 380 0
398 381 0
405 379 0
422 368 0
430 363 0
433 361 0
435 360 0
439 366 0
441 373 0
445 381 0
446 385 0
454 387 0
464 386 0
477 377 0
492 365 0
498 359 0
502 356 0
504 355 0
509 367 0
512 373 0
516 377 0
522 377 0
527 375 0
535 369 0
539 365 0
542 362 0
545 363 0
548 368 0
551 372 0
557 374 1
604 327 0
595 334 0
591 339 0
586 343 0
586 346 0
594 352 0
608 360 0
618 367 0
621 373 0
619 379 0
613 385 0
603 389 0
594 390 1
664 262 0
664 271 0
663 288 0
663 314 0
664 345 0
664 366 0
666 376 0
667 383 0
668 387 0
661 374 0
659 367 0
657 361 0
656 357 0
655 354 0
658 353 0
664 351 1
