proper
318 344 0
318 358 0
320 381 0
322 409 0
324 435 0
324 443 0
324 447 0
324 452 0
323 435 0
324 403 0
328 364 0
332 347 0
340 334 0
349 326 0
357 325 0
362 330 0
366 344 0
364 364 0
361 374 0
354 381 0
343 380 0
337 377 1
396 350 0
398 358 0
398 367 0
398 373 0
396 379 0
394 382 0
390 375 0
389 365 0
390 358 0
391 355 0
396 349 0
400 346 0
405 345 0
411 345 0
418 346 0
423 346 0
428 348 0
434 353 0
438 362 0
442 369 0
447 375 0
453 379 0
462 378 0
469 373 0
472 367 0
473 360 0
470 354 0
464 346 0
459 341 0
453 340 0
446 340 0
441 341 0
438 342 0
436 342 0
441 343 0
451 343 0
466 340 0
470 340 0
477 339 0
486 339 0
493 343 0
497 346 0
501 352 0
503 366 0
502 380 0
499 404 0
497 416 0
496 422 0
495 425 0
495 415 0
493 386 0
497 360 0
508 338 0
519 328 0
529 324 0
539 326 0
543 333 0
543 343 0
534 363 0
524 376 0
517 381 0
512 382 0
508 381 1
576 350 0
580 354 0
584 355 0
591 350 0
596 343 0
599 336 0
601 332 0
598 326 0
593 323 0
586 327 0
578 338 0
573 350 0
573 360 0
577 369 0
586 372 0
603 371 0
625 366 0
630 365 0
634 364 0
641 364 0
646 367 0
649 370 0
652 373 0
653 365 0
653 352 0
654 337 0
657 331 0
659 327 0
665 323 0
671 322 0
673 322 1
