shoes
443 332 0
433 339 0
424 347 0
418 357 0
416 362 0
416 367 0
424 373 0
435 381 0
449 390 0
454 399 0
455 405 0
455 409 0
452 415 0
443 413 0
441 413 1
473 277 0
475 282 0
476 292 0
477 315 0
479 342 0
479 367 0
480 376 0
481 382 0
486 385 0
495 382 0
507 379 0
514 379 0
519 382 0
522 388 0
526 395 0
534 400 0
540 401 1
587 359 0
581 364 0
574 369 0
569 373 0
567 380 0
567 385 0
570 392 0
580 396 0
588 396 0
595 394 0
599 392 0
600 388 0
599 383 0
594 376 0
591 371 0
587 367 0
587 365 0
597 368 0
612 371 0
630 373 0
655 375 0
665 376 0
675 377 0
684 375 0
689 372 0
690 367 0
688 363 0
684 357 0
678 356 0
672 356 0
666 360 0
662 367 0
662 374 0
664 381 0
670 387 0
681 390 0
697 389 0
709 387 0
727 382 1
767 340 0
752 347 0
737 356 0
731 362 0
730 367 0
734 371 0
741 376 0
751 381 0
758 384 0
760 386 0
762 391 0
757 395 0
747 401 0
738 406 0
722 412 1
