men
355 313 0
355 317 0
357 321 0
358 333 0
360 356 0
361 371 0
362 377 0
364 381 0
365 384 0
368 383 0
373 376 0
387 355 0
400 340 0
403 337 0
406 337 0
411 349 0
413 359 0
415 366 0
418 368 0
425 365 0
437 354 0
446 346 0
451 343 0
457 342 0
460 344 0
462 349 0
464 357 0
469 367 0
474 371 0
482 374 0
501 370 0
522 360 0
535 350 0
550 332 0
553 326 0
545 320 0
539 322 0
531 329 0
523 338 0
522 346 0
523 357 0
525 363 0
532 366 0
544 363 0
554 358 0
564 351 0
577 335 0
583 329 0
586 328 0
588 330 0
589 335 0
591 341 0
595 348 0
600 351 0
603 352 0
611 352 0
616 350 0
625 346 0
634 344 0
640 349 0
646 356 0
653 360 1
