among
437 342 0
429 342 0
423 341 0
414 341 0
403 342 0
395 346 0
388 357 0
379 375 0
377 387 0
378 394 0
381 398 0
386 399 0
396 397 0
406 392 0
413 387 0
420 378 0
424 372 0
427 367 0
429 364 0
432 368 0
432 374 0
433 378 0
437 381 0
443 382 0
448 381 0
457 373 0
462 368 0
465 365 0
469 362 0
472 361 0
476 367 0
477 372 0
480 378 0
483 385 0
484 389 0
492 385 0
503 374 0
513 369 0
518 366 0
522 366 0
525 369 0
528 374 0
535 375 0
542 372 0
549 368 0
553 367 0
557 367 0
560 369 0
564 373 0
569 377 1
625 358 0
622 361 0
619 367 0
620 370 0
622 374 0
631 376 0
652 371 0
658 365 0
657 358 0
651 351 0
644 347 0
636 347 0
630 351 1
687 339 0
689 343 0
689 350 0
689 359 0
689 366 0
694 370 0
701 367 0
712 362 0
721 358 0
726 358 0
730 359 0
733 364 0
738 368 1
799 344 0
795 344 0
792 345 0
785 349 0
777 355 0
771 362 0
770 366 0
769 370 0
772 373 0
781 370 0
791 364 0
798 360 0
801 358 0
805 355 0
810 366 0
813 380 0
813 405 0
809 423 0
805 437 0
797 445 0
787 450 0
774 448 0
765 444 0
761 438 0
765 431 0
788 410 0
830 379 0
843 368 1
