one
473 338 0
469 340 0
452 350 0
440 369 0
435 380 0
438 391 0
444 396 0
452 397 0
460 395 0
468 392 0
476 386 0
480 379 0
483 371 0
483 363 0
481 357 0
478 353 0
476 350 0
481 346 0
488 345 0
496 345 0
504 346 0
513 347 0
519 348 0
524 354 0
525 359 0
526 366 0
526 370 0
527 374 0
529 376 0
536 372 0
550 365 0
561 360 0
567 358 0
571 360 0
574 364 0
578 372 0
583 379 0
595 384 0
617 379 0
635 370 0
645 362 0
650 354 0
651 345 0
650 339 0
639 347 0
631 367 0
628 377 0
634 385 0
646 389 0
661 393 0
675 397 1
