and
452 318 0
447 319 0
434 319 0
411 321 0
398 326 0
390 337 0
384 351 0
381 363 0
383 372 0
386 376 0
396 378 0
410 372 0
429 358 0
440 347 0
445 341 0
447 337 0
451 334 0
453 333 0
455 342 0
456 349 0
457 357 0
461 363 0
468 364 0
476 361 0
484 354 0
492 347 0
495 344 0
497 343 0
500 345 0
503 350 0
512 353 0
520 352 0
527 350 0
534 348 0
539 348 0
543 350 0
549 353 0
555 354 0
564 354 0
571 353 0
588 351 1
645 324 0
641 323 0
634 320 0
625 320 0
611 324 0
598 334 0
592 344 0
593 351 0
610 351 0
628 339 0
643 321 0
654 299 0
661 277 0
664 265 0
666 260 0
666 258 0
662 273 0
655 305 0
652 332 0
653 346 0
659 356 0
672 360 0
683 363 0
708 367 1
