them
443 263 0
448 268 0
449 273 0
451 284 0
450 300 0
446 326 0
445 342 0
446 367 0
453 384 0
465 390 0
484 391 0
496 390 0
509 389 1
445 344 0
446 348 0
449 347 0
456 343 1
517 285 0
519 288 0
520 301 0
520 321 0
521 348 0
524 360 0
525 366 0
527 372 0
529 374 0
535 371 0
541 366 0
551 361 0
558 359 0
562 358 0
566 362 0
570 368 0
577 374 0
586 376 0
595 376 0
610 368 0
620 354 0
623 349 0
622 346 0
615 348 0
613 353 0
611 360 0
612 368 0
615 374 0
627 378 0
635 375 0
646 366 0
656 357 0
662 352 0
669 350 0
673 351 0
677 354 0
681 362 0
682 366 0
685 370 0
687 373 0
693 368 0
704 363 0
712 361 0
715 361 0
717 362 0
720 365 0
725 365 0
734 363 0
745 360 0
754 358 0
762 360 0
769 366 0
774 370 1
