directions
420 355 0
417 352 0
406 348 0
384 352 0
373 358 0
366 367 0
364 375 0
365 381 0
370 385 0
379 383 0
397 371 0
414 352 0
428 330 0
438 307 0
442 295 0
445 290 0
447 287 0
443 305 0
437 330 0
435 356 0
436 369 0
437 373 0
438 376 0
442 376 0
452 368 0
463 357 0
468 353 0
471 351 0
473 357 0
474 365 0
481 371 0
489 369 0
502 365 0
513 361 0
520 358 0
526 357 0
527 362 0
529 366 0
530 369 0
532 372 0
536 366 0
537 361 0
537 357 0
539 353 0
544 352 0
553 353 0
565 353 0
575 351 0
584 347 0
591 344 0
595 341 0
594 337 0
590 335 0
583 337 0
578 344 0
574 351 0
573 360 0
574 369 0
579 375 0
587 378 0
592 378 1
655 341 0
648 342 0
641 344 0
635 348 0
629 354 0
625 364 0
624 371 0
626 376 0
635 377 0
648 373 0
666 368 0
670 367 1
695 286 0
695 290 0
693 299 0
690 313 0
688 334 0
686 347 0
686 360 0
686 366 0
686 369 0
681 359 0
679 355 0
678 352 0
681 350 0
689 348 0
695 347 0
699 346 0
705 348 0
709 351 0
711 356 0
710 362 0
710 368 0
714 371 0
720 375 0
728 375 1
795 348 0
791 352 0
785 353 0
778 356 0
773 360 0
771 366 0
772 370 0
774 373 0
781 374 0
789 371 0
795 365 0
798 359 0
798 352 0
797 346 0
795 342 0
791 341 0
798 342 0
813 340 0
823 340 0
830 341 0
833 342 0
837 345 0
838 348 0
838 360 0
838 366 0
839 369 0
844 369 0
853 365 0
862 361 0
867 360 0
871 359 0
874 361 0
875 365 0
879 369 0
883 368 1
921 333 0
913 339 0
910 342 0
908 344 0
906 347 0
909 350 0
920 354 0
930 358 0
936 362 0
938 366 0
936 370 0
930 373 0
921 376 0
906 378 0
900 379 1
747 283 0
745 288 1
504 265 0
503 270 0
502 273 1
