you
415 313 0
415 317 0
411 333 0
412 351 0
417 360 0
427 361 0
448 349 0
468 333 0
479 324 0
482 321 0
486 316 0
488 315 0
490 324 0
491 343 0
492 365 0
492 381 0
489 398 0
485 422 0
477 443 0
471 453 0
466 454 0
460 452 0
455 431 0
464 406 0
481 384 0
503 365 0
522 351 0
531 346 0
535 344 0
538 343 0
536 348 0
530 358 0
526 367 0
524 376 0
526 382 0
532 382 0
544 377 0
559 367 0
568 359 0
569 351 0
567 343 0
562 336 0
553 332 0
547 331 0
544 332 0
552 336 0
572 335 0
585 332 0
592 331 0
595 330 0
600 329 0
603 332 0
604 341 0
604 352 0
605 362 0
607 370 0
611 374 0
618 375 0
629 369 0
649 355 0
658 348 0
663 345 0
666 346 0
669 356 0
673 363 0
679 366 1
