remain
316 315 0
316 319 0
317 335 0
317 361 0
318 368 0
321 348 0
322 339 0
324 335 0
326 332 0
329 333 0
334 334 0
346 332 0
358 328 0
364 324 0
370 322 0
373 320 0
377 317 0
378 313 0
377 311 0
373 311 0
363 317 0
357 323 0
356 335 0
359 349 0
367 358 0
374 360 0
386 356 0
397 349 0
403 346 0
406 343 0
409 342 0
412 340 0
415 342 0
419 346 0
421 350 0
424 353 0
426 354 0
432 350 0
440 342 0
445 339 0
447 338 0
451 338 0
455 341 0
458 344 0
462 345 0
466 345 0
473 343 0
478 340 0
483 338 0
486 338 0
488 338 0
491 339 0
495 341 0
503 345 1
593 324 0
587 325 0
567 327 0
549 330 0
542 333 0
536 337 0
533 344 0
532 350 0
534 356 0
540 359 0
550 359 0
562 355 0
577 348 0
591 336 0
597 331 0
600 328 0
603 338 0
603 344 0
605 347 0
609 348 0
617 346 0
625 341 0
629 338 0
635 332 0
642 327 0
645 326 0
647 324 0
650 333 0
652 339 0
654 342 0
658 342 0
666 341 0
678 337 0
689 331 0
696 330 0
700 331 0
704 334 0
707 336 0
715 342 0
723 343 0
733 342 0
745 341 0
755 341 0
764 342 0
769 343 0
775 345 0
783 347 0
785 347 0
792 350 0
797 353 1
659 233 0
659 237 1
