chest
424 354 0
415 350 0
406 350 0
398 354 0
386 367 0
379 383 0
379 391 0
384 398 0
396 401 0
421 397 0
437 391 0
452 380 0
488 339 0
501 314 0
505 296 0
505 285 0
503 278 0
501 276 0
498 282 0
482 311 0
472 347 0
470 369 0
473 378 0
476 383 0
483 386 0
493 384 0
508 377 0
517 375 0
522 377 0
528 382 0
535 388 0
545 393 0
555 394 0
571 390 0
582 383 0
588 375 0
591 369 0
591 366 0
590 357 0
586 355 0
582 354 0
577 362 0
574 374 0
573 383 0
578 388 0
587 391 0
596 393 0
614 395 1
663 337 0
651 344 0
641 349 0
632 355 0
630 359 0
631 363 0
635 367 0
643 372 0
649 375 0
653 380 0
648 388 0
635 396 0
620 404 0
615 407 1
691 266 0
693 272 0
693 287 0
693 315 0
693 343 0
693 366 0
692 377 0
692 384 0
692 387 0
692 390 0
692 376 0
695 371 0
700 368 0
712 363 0
719 361 0
733 353 1
