guard
445 357 0
442 356 0
436 356 0
422 356 0
413 359 0
406 367 0
404 374 0
407 377 0
412 378 0
420 375 0
433 368 0
440 363 0
444 361 0
446 360 0
450 369 0
453 387 0
455 417 0
457 443 0
456 454 0
456 456 0
443 476 0
433 486 0
430 486 0
427 482 0
426 470 0
432 445 0
444 420 0
454 407 0
464 396 0
474 383 0
481 374 0
486 369 0
488 364 0
491 362 0
493 370 0
494 377 0
498 382 0
504 385 0
511 386 0
518 384 0
525 379 0
529 376 0
536 378 0
542 384 0
548 387 1
618 347 0
611 347 0
603 349 0
593 354 0
581 364 0
576 372 0
573 379 0
575 383 0
578 384 0
582 383 0
590 379 0
595 374 0
599 371 0
607 362 0
612 359 0
614 366 0
616 374 0
619 380 0
631 386 0
644 386 0
657 384 0
667 383 0
673 383 0
677 383 0
681 385 0
681 379 0
679 371 0
678 365 0
677 359 0
678 353 0
681 349 0
688 346 0
690 345 1
785 358 0
773 358 0
756 357 0
741 361 0
728 368 0
720 378 0
718 384 0
720 388 0
722 391 0
734 388 0
750 377 0
768 354 0
778 329 0
788 308 0
791 301 0
792 299 0
792 306 0
788 341 0
785 374 0
788 382 0
794 387 0
797 390 1
