are
495 340 0
485 337 0
476 334 0
465 332 0
456 334 0
452 336 0
440 346 0
428 368 0
426 378 0
428 383 0
433 386 0
442 387 0
463 376 0
476 366 0
480 361 0
483 359 0
485 357 0
488 363 0
489 369 0
490 372 0
499 377 0
511 372 0
530 363 0
541 355 0
546 352 0
551 351 0
554 354 0
555 360 0
556 364 0
557 368 0
557 363 0
560 355 0
563 348 0
566 342 0
569 340 0
572 342 0
579 347 0
589 349 0
601 349 0
612 346 0
622 341 0
629 336 0
629 331 0
626 327 0
615 330 0
607 343 0
604 356 0
606 365 0
617 373 0
644 375 0
655 375 0
669 374 1
