them
456 275 0
456 279 0
456 288 0
454 306 0
448 334 0
446 359 0
447 373 0
451 383 0
461 392 0
473 396 0
486 396 0
501 394 0
509 393 1
444 357 0
451 358 0
470 352 0
486 346 0
502 339 1
518 295 0
518 300 0
519 306 0
521 322 0
523 349 0
522 370 0
524 378 0
526 384 0
527 387 0
535 385 0
543 383 0
546 382 0
549 382 0
553 384 0
558 385 0
564 386 0
578 385 0
594 382 0
607 373 0
617 364 0
621 357 0
623 354 0
622 350 0
617 351 0
607 362 0
603 369 0
604 375 0
607 379 0
614 380 0
624 377 0
635 369 0
644 362 0
651 357 0
654 354 0
659 354 0
662 357 0
665 363 0
667 368 0
673 372 0
681 370 0
693 365 0
703 364 0
710 366 0
713 369 0
718 375 0
730 381 0
739 380 0
747 379 0
760 380 0
768 382 0
778 385 0
786 388 0
801 392 1
