now
495 337 0
497 340 0
497 346 0
496 358 0
495 372 0
494 381 0
494 387 0
494 390 0
498 390 0
518 373 0
534 362 0
539 360 0
543 360 0
546 363 0
548 370 0
551 377 0
555 383 0
561 385 0
566 384 1
655 344 0
647 349 0
638 350 0
627 356 0
618 365 0
612 374 0
611 381 0
616 384 0
628 384 0
639 381 0
646 373 0
649 369 0
649 362 0
648 358 0
646 353 0
644 351 0
648 350 0
660 348 0
675 346 0
684 347 0
689 347 0
692 349 0
693 352 0
694 361 0
695 370 0
695 376 0
696 380 0
699 381 0
704 380 0
712 374 0
721 364 0
728 359 0
735 360 0
738 366 0
742 371 0
748 375 0
754 377 0
760 376 0
766 371 0
770 366 0
772 361 0
772 358 0
775 354 0
789 349 0
798 346 0
816 340 1
