desert
470 372 0
466 367 0
459 363 0
447 360 0
433 361 0
415 371 0
400 384 0
395 395 0
395 404 0
400 411 0
407 414 0
423 410 0
445 396 0
464 372 0
482 339 0
489 322 0
491 306 0
494 298 0
495 292 0
493 302 0
491 308 0
487 331 0
479 384 0
478 407 0
493 412 0
516 403 0
540 388 0
555 372 0
561 360 0
563 350 0
564 347 0
559 346 0
550 350 0
541 357 0
531 369 0
529 379 0
531 390 0
536 400 0
546 405 0
558 406 0
574 404 0
595 400 1
653 340 0
650 341 0
638 345 0
625 351 0
616 355 0
613 359 0
611 361 0
617 367 0
629 373 0
637 378 0
641 382 0
643 387 0
638 394 0
628 404 0
619 409 1
684 374 0
688 376 0
695 377 0
702 374 0
705 369 0
704 364 0
702 359 0
697 354 0
691 353 0
688 355 0
680 366 0
678 379 0
680 390 0
686 400 0
697 404 0
709 403 0
722 399 0
731 396 0
736 394 0
741 394 0
743 395 0
746 396 0
748 399 0
750 386 0
752 378 0
753 375 0
755 363 0
759 356 0
763 352 0
771 350 0
774 349 1
822 260 0
822 264 0
817 281 0
811 310 0
806 340 0
806 365 0
805 381 0
805 394 0
806 399 0
804 389 0
804 372 0
805 367 0
807 363 0
817 359 0
832 353 0
847 346 0
850 344 1
