from
420 362 0
427 362 0
444 353 0
465 338 0
481 324 0
489 310 0
491 298 0
491 291 0
488 283 0
485 278 0
481 278 0
477 287 0
467 314 0
462 354 0
460 398 0
460 407 0
460 412 0
460 416 0
460 418 0
461 409 0
469 394 0
485 375 0
499 367 0
510 365 0
517 366 0
522 371 0
524 380 0
526 387 0
527 392 0
528 394 0
525 379 0
524 371 0
527 364 0
531 358 0
538 355 0
551 353 0
570 348 0
580 346 0
584 346 0
586 346 0
589 347 0
589 350 0
586 357 0
585 367 0
587 375 0
592 382 0
600 386 0
611 383 0
620 376 0
623 370 0
621 363 0
617 356 0
610 351 0
603 348 0
600 347 0
598 346 0
611 348 0
649 337 0
661 333 0
666 332 0
670 334 0
671 340 0
675 350 0
677 361 0
679 368 0
681 372 0
688 370 0
695 364 0
702 357 0
708 355 0
711 354 0
715 359 0
718 365 0
719 368 0
726 368 0
734 367 0
743 365 0
751 363 0
757 364 0
765 369 0
775 377 0
790 381 0
801 382 0
818 382 1
