has
417 255 0
420 267 0
423 292 0
425 322 0
427 348 0
428 365 0
429 371 0
434 374 0
441 371 0
451 369 0
462 365 0
468 364 0
475 363 0
479 365 0
482 368 0
484 373 0
487 379 0
490 382 0
494 383 0
505 379 0
527 370 0
544 363 1
578 334 0
569 331 0
560 330 0
551 333 0
542 341 0
533 355 0
528 367 0
528 375 0
531 377 0
536 377 0
545 372 0
555 363 0
565 351 0
570 346 0
572 344 0
574 347 0
577 359 0
581 363 0
588 365 0
592 366 1
658 311 0
650 315 0
641 321 0
634 326 0
632 330 0
646 334 0
668 337 0
672 338 0
674 344 0
665 352 0
647 364 0
634 370 0
621 376 1
