the
481 262 0
481 267 0
479 280 0
472 308 0
464 343 0
463 354 0
462 359 0
467 374 0
476 384 0
490 389 0
499 392 0
515 396 1
451 337 0
459 341 0
473 340 0
498 336 0
518 332 1
541 290 0
542 293 0
540 329 0
537 350 0
535 360 0
535 368 0
535 374 0
535 377 0
536 381 0
544 377 0
552 371 0
559 366 0
563 364 0
566 363 0
568 363 0
571 364 0
575 366 0
580 371 0
588 374 0
604 373 0
627 366 0
640 356 0
645 351 0
648 345 0
647 340 0
642 338 0
637 341 0
630 346 0
624 355 0
622 365 0
627 372 0
641 375 0
655 377 0
671 378 1
