ter
483 242 0
485 245 0
486 252 0
486 266 0
482 294 0
481 322 0
481 347 0
481 367 0
484 379 0
492 387 0
505 392 0
520 398 0
526 400 1
458 357 0
473 362 0
496 363 0
520 359 0
540 352 0
549 348 0
557 346 0
560 344 0
566 342 0
570 340 0
572 339 0
572 336 0
569 334 0
563 334 0
560 337 0
558 341 0
556 347 0
556 361 0
559 371 0
563 376 0
580 376 0
601 369 0
611 364 0
615 363 0
618 362 0
624 367 0
625 372 0
627 376 0
628 379 0
629 381 0
630 375 0
629 368 0
630 360 0
632 353 0
633 350 0
640 343 0
646 340 1
