arrived
407 313 0
397 311 0
389 311 0
382 313 0
372 323 0
359 338 0
353 352 0
352 362 0
353 367 0
357 370 0
365 364 0
383 346 0
398 326 0
406 317 0
409 314 0
412 314 0
413 329 0
417 354 0
425 359 0
433 358 0
441 355 0
453 346 0
466 334 0
471 329 0
476 328 0
478 330 0
478 334 0
481 344 0
483 352 0
484 356 0
484 359 0
485 340 0
484 326 0
485 322 0
487 318 0
491 317 0
504 316 0
512 316 0
519 317 0
524 324 0
528 331 0
531 339 0
531 346 0
531 353 0
532 360 0
533 341 0
535 334 0
536 331 0
538 327 0
545 324 0
550 323 0
555 323 0
561 321 0
564 322 0
568 322 0
570 322 0
573 329 0
574 341 0
580 350 0
586 355 0
592 355 1
616 312 0
618 317 0
620 325 0
623 336 0
626 342 0
630 349 0
633 348 0
638 340 0
651 323 0
661 307 0
667 297 1
666 343 0
672 347 0
679 348 0
688 345 0
695 341 0
698 336 0
696 328 0
693 327 0
688 326 0
683 327 0
679 333 0
677 339 0
678 347 0
680 354 0
688 358 0
700 359 0
716 361 0
723 361 1
780 332 0
770 326 0
762 326 0
754 328 0
745 337 0
738 350 0
735 361 0
736 368 0
740 369 0
749 363 0
768 344 0
781 318 0
790 290 0
794 268 0
795 259 0
787 294 0
779 334 0
778 343 0
780 345 0
791 352 0
802 355 0
818 360 1
553 238 0
557 250 0
560 259 0
564 275 1
