them
466 276 0
468 283 0
469 296 0
470 322 0
472 352 0
474 373 0
478 384 0
482 392 0
492 396 0
513 397 0
536 397 1
456 342 0
461 346 0
470 349 0
506 343 0
526 339 0
531 338 1
533 290 0
535 300 0
539 322 0
543 347 0
545 365 0
546 377 0
548 384 0
549 387 0
560 380 0
577 366 0
584 361 0
588 360 0
591 361 0
593 367 0
597 377 0
601 385 0
604 390 0
607 391 0
621 387 0
643 371 0
653 362 0
655 357 0
656 354 0
654 350 0
652 348 0
647 355 0
643 364 0
641 376 0
642 383 0
644 388 0
646 389 0
651 388 0
664 379 0
675 368 0
681 362 0
684 360 0
687 359 0
690 367 0
691 373 0
692 376 0
693 379 0
700 378 0
706 373 0
711 372 0
713 371 0
718 376 0
727 378 0
741 371 0
755 364 0
762 361 0
768 361 0
773 363 0
777 365 0
783 369 0
785 371 1
