december
319 300 0
314 301 0
302 304 0
288 310 0
272 323 0
262 339 0
256 355 0
255 366 0
258 369 0
269 364 0
289 343 0
305 318 0
315 290 0
321 264 0
325 251 0
329 246 0
331 243 0
334 249 0
329 269 0
323 302 0
319 329 0
321 350 0
330 352 0
354 345 0
374 331 0
382 320 0
386 312 0
386 307 0
385 302 0
379 311 0
371 326 0
369 343 0
369 355 0
375 360 0
379 362 1
463 302 0
462 305 0
456 309 0
446 315 0
438 322 0
433 332 0
430 343 0
431 352 0
440 356 0
458 351 0
485 338 0
500 326 0
507 318 0
510 312 0
511 309 0
506 312 0
498 322 0
495 332 0
495 338 0
498 340 0
508 336 0
523 327 0
536 316 0
543 309 0
546 307 0
550 306 0
552 310 0
553 318 0
555 325 0
557 329 0
558 332 0
561 332 0
567 329 0
576 323 0
585 321 0
591 320 0
597 323 0
599 326 0
606 328 0
616 322 0
630 315 0
635 312 0
641 313 0
645 314 0
652 318 0
658 322 1
696 242 0
696 246 0
698 252 0
698 265 0
698 285 0
697 295 0
698 301 0
701 302 0
708 301 0
718 299 0
727 298 0
734 300 0
737 301 0
740 305 0
739 310 0
732 320 0
713 336 0
699 340 0
695 339 0
695 334 1
752 309 0
755 312 0
759 313 0
766 312 0
775 308 0
783 304 0
786 302 0
787 298 0
781 297 0
774 299 0
767 306 0
763 316 0
760 330 0
762 340 0
767 345 0
779 344 0
797 338 0
804 337 0
817 335 0
822 337 0
826 338 0
831 341 0
832 344 0
835 347 0
837 343 0
840 334 0
842 326 0
844 320 0
846 316 0
850 313 0
856 310 0
863 307 1
