you
480 316 0
482 319 0
483 329 0
484 341 0
488 349 0
495 350 0
505 344 0
521 334 0
528 329 0
532 327 0
535 326 0
537 326 0
541 337 0
542 354 0
540 379 0
537 403 0
528 420 0
519 432 0
509 440 0
503 441 0
499 434 0
499 420 0
509 394 0
520 380 0
541 363 0
563 345 0
568 341 0
571 340 0
574 340 0
576 343 0
576 347 0
575 351 0
575 358 0
576 362 0
580 366 0
585 364 0
592 360 0
598 353 0
599 347 0
597 341 0
594 336 0
592 333 0
591 330 0
595 332 0
610 329 0
631 323 0
637 321 0
641 320 0
643 320 0
647 333 0
648 343 0
650 350 0
653 353 0
660 353 0
670 348 0
676 344 0
681 340 0
683 338 0
687 338 0
689 343 0
694 349 0
707 355 0
728 364 1
