shirley
358 310 0
353 312 0
344 319 0
337 327 0
333 333 0
333 337 0
338 341 0
348 345 0
363 351 0
372 358 0
375 363 0
376 368 0
372 374 0
359 381 0
344 385 1
399 237 0
402 245 0
403 260 0
406 292 0
407 324 0
409 347 0
411 357 0
411 360 0
413 364 0
417 354 0
422 348 0
426 342 0
431 341 0
434 352 0
437 365 0
441 373 0
449 377 0
469 370 0
487 355 0
497 344 0
503 335 0
506 332 0
509 328 0
509 335 0
509 348 0
511 361 0
514 366 0
520 368 0
526 365 0
536 361 0
546 358 0
554 357 0
558 357 0
562 360 0
567 366 0
569 367 0
570 361 0
570 352 0
573 336 0
576 329 0
580 326 0
583 324 0
588 324 0
594 323 0
605 322 0
614 321 0
631 318 1
655 342 0
661 341 0
670 325 0
678 306 0
683 294 0
683 279 0
682 269 0
679 262 0
667 259 0
660 267 0
649 285 0
641 313 0
639 340 0
642 357 0
646 365 0
655 369 0
668 367 0
690 358 0
703 349 0
710 340 0
715 331 0
716 327 0
714 324 0
707 328 0
704 330 0
701 336 0
698 351 0
699 366 0
704 369 0
714 369 0
731 361 0
747 345 0
756 333 0
760 325 0
762 323 0
764 327 0
764 335 0
763 347 0
764 356 0
768 360 0
774 362 0
782 360 0
790 354 0
798 347 0
806 337 0
811 332 0
814 331 0
817 330 0
819 334 0
821 338 0
823 342 0
824 366 0
811 411 0
804 422 0
795 426 0
783 429 0
776 427 0
777 417 0
794 390 0
809 369 0
816 358 1
517 230 0
517 234 0
517 240 1
