careful
429 310 0
415 313 0
404 316 0
385 328 0
373 343 0
366 361 0
365 376 0
369 382 0
378 384 0
393 386 0
401 387 1
504 337 0
498 336 0
490 335 0
474 338 0
461 348 0
450 362 0
445 374 0
445 380 0
449 383 0
458 379 0
472 369 0
484 356 0
490 348 0
495 345 0
499 341 0
501 343 0
501 349 0
501 360 0
505 367 0
510 368 0
521 366 0
535 360 0
544 355 0
550 355 0
553 356 0
555 363 0
556 367 0
558 371 0
560 362 0
562 354 0
565 347 0
567 344 0
577 341 0
585 338 0
592 337 0
605 334 0
615 332 0
621 331 0
625 329 0
628 327 0
621 325 0
614 324 0
608 330 0
602 339 0
600 348 0
601 359 0
609 365 0
626 361 0
649 349 0
670 334 0
685 323 0
694 316 0
702 306 0
710 292 0
712 281 0
711 274 0
708 268 0
704 266 0
701 267 0
698 271 0
693 288 0
689 306 0
687 332 0
687 352 0
688 370 0
688 383 0
688 396 0
688 404 0
688 407 0
686 400 0
684 379 0
684 375 0
684 373 0
686 370 0
693 365 0
702 359 0
711 352 0
715 349 0
720 345 0
722 342 0
726 346 0
727 355 0
730 363 0
736 366 0
743 365 0
751 361 0
757 355 0
760 352 0
764 349 0
766 352 0
776 357 0
798 350 0
819 337 0
831 325 0
842 306 0
850 285 0
850 277 0
849 273 0
841 279 0
829 296 0
816 323 0
810 347 0
813 366 0
826 376 0
839 383 0
853 390 1
