honours
289 267 0
290 274 0
294 295 0
297 322 0
299 343 0
300 353 0
301 361 0
302 364 0
308 361 0
317 355 0
325 352 0
330 353 0
332 353 0
335 359 0
337 364 0
344 368 0
349 369 1
416 337 0
412 338 0
405 340 0
399 342 0
394 347 0
391 354 0
392 363 0
398 368 0
408 370 0
425 365 0
439 352 0
445 345 0
445 340 0
443 335 0
438 332 0
434 331 0
431 331 0
437 331 0
443 330 0
455 327 0
462 326 0
464 326 0
472 327 0
478 330 0
482 339 0
486 350 0
489 360 0
491 364 0
494 366 0
500 362 0
509 353 0
519 347 0
523 346 0
526 347 0
529 349 0
532 352 0
537 358 1
606 327 0
597 326 0
589 327 0
585 328 0
579 334 0
576 342 0
575 353 0
578 359 0
584 361 0
592 358 0
605 349 0
612 341 0
616 335 0
617 331 0
615 327 0
612 325 0
621 323 0
628 322 0
633 321 0
639 320 0
643 319 0
648 333 0
649 342 0
652 351 0
658 356 0
664 357 0
670 356 0
676 352 0
683 345 0
688 337 0
690 334 0
694 331 0
696 334 0
698 341 0
702 349 0
706 353 0
711 355 0
718 355 0
727 352 0
736 348 0
745 347 0
750 349 0
754 351 0
756 355 0
759 359 0
762 359 0
766 341 0
770 329 0
775 322 0
780 318 0
787 316 0
795 314 1
847 310 0
839 316 0
835 319 0
833 323 0
831 325 0
833 328 0
834 330 0
831 339 0
823 350 0
811 360 0
800 363 0
782 368 0
779 368 1
