wait
386 305 0
386 308 0
386 316 0
385 343 0
386 366 0
388 377 0
391 382 0
399 382 0
410 377 0
425 366 0
432 361 0
440 361 0
454 370 0
464 373 0
474 371 0
482 367 0
486 357 0
491 341 0
494 329 0
498 321 0
499 318 1
589 321 0
584 316 0
576 312 0
565 309 0
554 312 0
546 316 0
541 322 0
529 353 0
530 368 0
533 373 0
542 374 0
551 369 0
565 355 0
578 334 0
582 328 0
585 325 0
587 338 0
590 349 0
595 354 0
604 355 0
616 350 0
626 343 0
636 332 0
642 326 0
644 323 0
647 322 0
646 325 0
647 330 0
647 334 0
650 345 0
657 351 0
665 353 0
673 349 0
683 341 0
690 332 0
696 326 0
701 324 0
705 316 0
708 301 0
712 277 0
713 259 0
716 251 0
719 243 0
720 237 0
724 254 0
726 286 0
728 314 0
730 335 0
730 346 0
730 353 0
730 357 0
730 359 0
728 347 0
720 335 0
715 327 0
713 324 0
712 320 0
722 317 0
745 310 0
762 304 0
768 301 1
660 247 0
658 259 0
656 271 0
651 287 1
