mercer
354 303 0
354 307 0
354 314 0
354 326 0
353 343 0
353 359 0
353 366 0
355 371 0
355 373 0
360 368 0
369 355 0
378 344 0
387 335 0
392 332 0
395 332 0
397 338 0
400 344 0
404 349 0
407 352 0
416 348 0
430 343 0
437 341 0
441 340 0
448 348 0
452 354 0
460 358 0
476 358 0
497 349 0
515 338 0
521 331 0
526 321 0
528 312 0
529 307 0
525 306 0
521 307 0
514 316 0
508 330 0
505 343 0
505 348 0
508 351 0
516 353 0
537 344 0
552 336 0
557 333 0
561 334 0
565 338 0
567 344 0
568 350 0
569 354 0
572 355 0
574 346 0
577 332 0
580 326 0
584 321 0
587 318 0
591 317 0
598 315 1
670 303 0
664 308 0
654 311 0
646 316 0
638 325 0
635 335 0
636 345 0
641 353 0
659 356 0
690 352 0
713 343 0
729 332 0
735 327 0
737 324 0
735 320 0
727 320 0
720 321 0
714 326 0
709 333 0
710 340 0
715 345 0
727 346 0
744 343 0
754 342 0
761 342 0
763 342 0
767 345 0
771 348 0
774 350 0
776 351 0
779 345 0
781 336 0
782 332 0
787 328 0
794 325 0
800 323 1
