have
343 227 0
346 230 0
348 241 0
349 265 0
347 295 0
345 322 0
344 339 0
344 347 0
344 352 0
347 355 0
357 348 0
380 333 0
394 327 0
400 324 0
404 325 0
408 336 0
412 348 0
419 352 0
430 352 0
454 351 1
498 311 0
493 311 0
487 310 0
481 311 0
474 312 0
465 316 0
458 324 0
454 330 0
455 336 0
458 338 0
465 337 0
474 331 0
481 327 0
484 325 0
489 322 0
492 330 0
498 338 0
504 342 1
541 297 0
541 300 0
542 305 0
544 313 0
546 324 0
548 333 0
549 336 0
552 340 0
555 338 0
561 333 0
569 324 0
576 315 0
578 312 1
618 322 0
622 323 0
626 322 0
629 319 0
630 312 0
629 305 0
625 300 0
621 296 0
617 296 0
613 299 0
609 308 0
604 324 0
606 338 0
616 345 0
628 351 0
643 358 1
