greater
435 350 0
438 347 0
434 343 0
426 340 0
418 337 0
411 338 0
406 344 0
404 355 0
405 364 0
406 366 0
411 367 0
426 354 0
442 337 0
448 330 0
450 329 0
452 334 0
452 350 0
453 377 0
454 400 0
453 426 0
452 447 0
449 460 0
441 473 0
434 480 0
430 481 0
426 463 0
429 435 0
439 410 0
452 390 0
467 372 0
480 362 0
483 361 0
487 360 0
488 364 0
489 371 0
490 377 0
491 380 0
494 376 0
496 366 0
498 357 0
503 351 0
507 347 0
515 349 0
526 350 0
542 352 0
557 353 0
564 352 0
570 349 0
573 345 0
573 339 0
572 334 0
570 331 0
563 332 0
556 337 0
553 344 0
553 356 0
556 364 0
562 369 0
566 369 1
647 350 0
644 350 0
639 348 0
632 347 0
621 348 0
611 353 0
599 365 0
590 377 0
590 380 0
594 381 0
603 377 0
622 363 0
630 357 0
635 355 0
638 355 0
640 358 0
642 363 0
644 367 0
645 369 0
652 372 1
680 245 0
680 249 0
681 259 0
683 283 0
684 309 0
684 334 0
684 347 0
684 355 0
684 358 0
683 354 0
683 349 0
683 344 0
686 339 0
704 339 0
718 341 0
723 340 0
727 339 0
729 334 0
726 330 0
722 332 0
719 335 0
717 341 0
718 350 0
725 359 0
736 365 0
745 366 0
755 365 0
765 364 0
770 363 0
774 364 0
777 366 0
781 367 0
784 368 0
786 356 0
786 350 0
787 339 0
791 331 0
796 327 0
804 324 0
818 319 0
839 311 1
