balance
320 240 0
321 253 0
322 278 0
323 307 0
323 331 0
323 338 0
329 333 0
337 327 0
347 322 0
362 320 0
379 324 0
391 330 0
397 337 0
399 345 0
394 359 0
384 373 0
378 379 0
372 383 0
362 383 0
358 380 1
472 334 0
465 330 0
455 326 0
443 326 0
430 332 0
420 344 0
414 359 0
416 366 0
422 369 0
433 367 0
443 362 0
449 357 0
454 351 0
456 349 0
460 354 0
465 362 0
472 366 0
485 364 0
508 351 0
527 333 0
544 311 0
556 284 0
558 262 0
558 254 0
553 251 0
546 256 0
530 276 0
515 299 0
508 323 0
509 336 0
518 348 0
527 354 0
543 364 1
626 316 0
622 316 0
617 316 0
609 317 0
601 319 0
591 329 0
582 340 0
579 348 0
579 355 0
584 358 0
591 358 0
601 353 0
616 339 0
623 329 0
627 325 0
629 322 0
633 326 0
634 333 0
637 339 0
645 345 0
658 341 0
675 330 0
689 320 0
695 315 0
700 314 0
703 316 0
706 321 0
710 333 0
714 341 0
723 347 0
732 342 0
746 333 0
758 324 0
765 322 0
768 320 0
773 320 0
776 325 0
781 332 0
787 337 0
790 339 1
860 293 0
852 297 0
843 302 0
833 311 0
821 326 0
818 338 0
820 345 0
825 351 0
841 353 0
872 347 0
894 334 0
907 323 0
911 317 0
912 312 0
913 309 0
908 310 0
897 319 0
888 334 0
885 345 0
892 352 0
915 355 0
927 356 0
939 357 0
946 357 1
