from
468 375 0
477 372 0
498 353 0
520 331 0
534 307 0
537 295 0
537 280 0
536 273 0
532 269 0
527 270 0
519 276 0
508 292 0
499 327 0
494 379 0
493 406 0
493 433 0
494 440 0
496 415 0
499 395 0
505 385 0
513 379 0
526 377 0
540 380 0
546 385 0
551 397 0
551 402 0
549 405 0
545 399 0
544 388 0
547 378 0
553 371 0
562 366 0
576 363 0
592 361 0
607 359 0
616 359 0
620 359 0
616 360 0
607 370 0
603 379 0
603 388 0
606 395 0
613 398 0
622 397 0
630 390 0
635 382 0
635 370 0
633 361 0
630 355 0
628 354 0
630 359 0
639 360 0
652 358 0
666 354 0
672 352 0
678 352 0
681 353 0
683 358 0
685 372 0
687 381 0
689 385 0
690 388 0
694 388 0
705 380 0
723 366 0
734 357 0
740 355 0
744 356 0
747 359 0
750 364 0
753 369 0
755 373 0
763 373 0
771 369 0
780 364 0
787 362 0
791 362 0
793 362 0
798 371 0
804 378 0
816 385 0
827 389 0
843 395 1
