engage
395 389 0
401 391 0
413 388 0
430 381 0
446 370 0
452 361 0
454 354 0
454 349 0
454 346 0
450 345 0
442 352 0
431 367 0
424 383 0
422 390 0
423 398 0
435 397 0
459 385 0
475 372 0
482 365 0
485 360 0
489 357 0
491 362 0
493 371 0
495 378 0
499 383 0
505 384 0
514 381 0
528 371 0
537 366 0
542 364 0
548 367 0
551 371 0
552 373 1
621 343 0
614 343 0
606 346 0
593 352 0
583 361 0
578 367 0
577 372 0
587 372 0
597 365 0
607 360 0
613 356 0
617 354 0
625 364 0
628 381 0
628 410 0
625 439 0
617 455 0
610 465 0
602 468 0
591 467 0
586 466 0
583 459 0
586 435 0
592 415 0
598 395 1
697 340 0
692 341 0
684 344 0
667 357 0
655 369 0
653 375 0
656 379 0
663 381 0
676 377 0
689 367 0
695 363 0
699 358 0
703 354 0
704 363 0
706 372 0
710 378 0
718 382 1
807 338 0
799 339 0
788 340 0
777 345 0
766 349 0
762 352 0
759 356 0
759 360 0
763 362 0
769 365 0
776 368 0
783 374 0
785 377 0
789 386 0
795 423 0
792 444 0
788 453 0
777 463 0
768 466 0
758 467 0
752 465 0
750 459 0
754 450 0
767 434 0
806 395 0
822 377 0
834 363 0
839 354 0
842 346 0
843 339 0
841 336 0
837 337 0
831 347 0
828 358 0
829 369 0
837 376 1
