impatiently
160 309 0
160 312 0
161 318 0
161 328 0
162 339 0
166 350 0
171 355 0
176 355 0
185 351 0
198 341 0
207 332 0
210 328 0
215 323 0
218 322 0
220 319 0
222 315 0
225 310 0
228 317 0
230 329 0
232 340 0
234 344 0
235 346 0
238 344 0
243 339 0
249 334 0
254 329 0
263 324 0
267 326 0
270 329 0
273 331 0
275 334 0
279 335 0
286 333 0
295 327 0
299 326 0
301 326 0
304 329 0
308 331 0
311 333 1
339 336 0
340 344 0
343 359 0
346 374 0
347 386 0
347 394 0
346 397 0
339 350 0
338 326 0
344 306 0
355 287 0
363 285 0
367 285 0
372 293 0
372 308 0
368 324 0
364 333 0
359 336 0
356 338 1
432 308 0
424 309 0
418 307 0
412 306 0
406 307 0
400 312 0
395 324 0
392 335 0
393 342 0
398 344 0
403 342 0
419 328 0
430 316 0
436 309 0
439 318 0
441 331 0
444 335 0
446 337 1
466 225 0
467 230 0
469 246 0
472 277 0
474 303 0
474 324 0
474 333 0
474 337 0
474 341 0
471 333 0
470 326 0
469 319 0
472 314 0
477 309 0
483 307 0
489 305 0
497 304 0
504 303 0
510 303 0
513 303 0
517 303 0
519 305 0
520 309 0
522 317 0
524 323 0
528 327 0
536 327 0
546 324 0
559 316 0
574 307 0
583 298 0
587 294 0
589 288 0
587 286 0
582 288 0
574 299 0
569 315 0
569 327 0
572 333 0
581 333 0
594 327 0
606 319 0
615 312 0
621 308 0
624 307 0
625 312 0
624 319 0
624 326 0
624 329 0
625 331 0
628 329 0
633 326 0
641 322 0
649 321 0
654 322 0
658 325 0
664 331 0
667 335 1
694 230 0
694 243 0
694 262 0
693 291 0
693 318 0
693 329 0
693 334 0
693 337 0
691 326 0
691 322 0
692 318 0
697 313 0
703 312 0
711 311 0
715 310 0
723 307 0
746 292 0
760 275 0
763 265 0
764 255 0
764 250 0
762 246 0
758 247 0
751 253 0
740 266 0
733 291 0
732 308 0
736 331 0
741 338 0
748 339 0
762 334 0
776 325 0
786 319 0
790 316 0
794 313 0
796 313 0
796 318 0
796 327 0
798 335 0
800 337 0
809 335 0
817 329 0
824 323 0
828 320 0
832 319 0
836 319 0
839 327 0
842 346 0
842 371 0
839 389 0
826 406 0
809 415 0
800 416 0
795 410 0
799 394 0
825 359 0
850 329 0
856 320 1
156 217 0
159 227 1
506 213 0
512 222 0
515 226 1
