your
453 323 0
451 338 0
449 354 0
449 367 0
450 369 0
459 368 0
473 358 0
488 346 0
495 340 0
501 337 0
505 335 0
508 335 0
511 340 0
513 356 0
514 384 0
511 409 0
504 427 0
495 440 0
481 448 0
469 448 0
461 443 0
459 435 0
464 420 0
468 413 0
486 391 0
527 356 0
544 344 0
550 341 0
555 339 0
557 339 0
559 342 0
559 346 0
562 360 0
564 365 0
570 367 0
575 367 0
579 364 0
582 356 0
581 348 0
577 340 0
573 334 0
568 332 0
566 333 0
573 335 0
585 333 0
599 329 0
610 326 0
615 326 0
619 328 0
619 333 0
620 340 0
621 350 0
625 360 0
629 365 0
636 365 0
648 361 0
662 352 0
670 346 0
674 343 0
678 340 0
682 350 0
683 357 0
685 361 0
687 363 0
694 361 0
703 359 0
711 358 0
716 358 0
722 362 0
724 365 0
726 368 0
731 361 0
733 353 0
737 347 0
739 344 0
744 340 0
752 337 1
