settle
473 288 0
469 290 0
460 295 0
447 304 0
442 310 0
440 316 0
442 321 0
446 327 0
450 335 0
454 343 0
454 351 0
452 360 0
448 367 0
444 371 0
439 374 0
436 374 1
494 335 0
498 335 0
501 335 0
504 335 0
507 333 0
509 329 0
509 323 0
508 320 0
504 314 0
497 313 0
492 316 0
485 324 0
482 336 0
484 351 0
493 361 0
507 364 0
521 365 0
536 366 1
576 240 0
576 245 0
577 255 0
578 282 0
576 309 0
574 332 0
573 342 0
572 348 0
571 353 0
571 355 0
568 356 0
568 349 0
571 341 0
577 331 0
591 321 0
606 310 0
611 306 1
630 254 0
630 264 0
628 278 0
624 305 0
620 330 0
618 338 0
618 343 0
618 346 0
617 339 0
615 332 0
615 330 0
621 330 0
629 330 0
644 328 0
661 323 0
674 316 0
681 311 0
687 301 0
691 285 0
694 271 0
694 264 0
693 261 0
688 263 0
678 274 0
666 294 0
658 322 0
659 337 0
666 348 0
678 353 0
702 349 0
721 338 0
726 331 0
729 327 0
730 323 0
725 323 0
721 329 0
715 340 0
716 349 0
723 356 0
743 361 0
767 364 0
769 365 1
