wanting
309 295 0
309 298 0
307 303 0
306 310 0
306 323 0
306 337 0
306 346 0
306 352 0
309 355 0
313 355 0
319 352 0
326 347 0
330 347 0
333 348 0
347 353 0
359 353 0
374 345 0
385 333 0
392 323 0
393 317 0
393 313 0
391 309 0
390 306 0
395 306 0
406 304 0
419 300 0
438 293 1
476 299 0
468 301 0
462 300 0
455 301 0
448 304 0
441 310 0
434 319 0
432 330 0
433 336 0
437 337 0
442 337 0
447 333 0
454 328 0
458 325 0
463 320 0
466 319 0
468 317 0
471 319 0
473 325 0
477 331 0
485 329 0
497 321 0
506 312 0
512 308 0
517 306 0
520 304 0
520 310 0
522 319 0
524 323 0
528 325 0
536 321 0
546 317 0
555 315 0
560 315 0
563 317 0
567 323 0
575 329 0
578 332 1
609 212 0
611 225 0
613 253 0
614 280 0
615 304 0
615 318 0
615 325 0
615 328 0
608 317 0
604 310 0
603 308 0
605 305 0
614 304 0
622 303 0
628 301 0
635 300 0
640 300 0
642 310 0
646 318 0
654 322 0
662 321 0
672 316 0
680 311 0
686 307 0
691 305 0
693 304 0
699 310 0
702 316 0
709 317 0
718 315 0
731 310 0
741 306 0
747 304 0
751 305 0
754 308 0
760 316 0
762 318 1
840 287 0
830 287 0
820 289 0
808 295 0
796 303 0
792 308 0
792 312 0
801 313 0
814 308 0
824 300 0
830 295 0
833 291 0
836 292 0
839 299 0
841 311 0
845 334 0
848 354 0
849 375 0
846 389 0
829 405 0
816 408 0
808 402 0
805 391 0
812 373 0
833 347 0
846 332 0
850 328 1
658 222 0
657 227 0
657 230 1
