with
440 322 0
441 336 0
440 359 0
440 377 0
444 384 0
445 387 0
463 384 0
478 375 0
485 369 0
490 366 0
494 363 0
497 363 0
501 365 0
508 367 0
516 369 0
523 368 0
531 365 0
536 362 0
539 357 0
540 352 0
539 344 0
539 339 0
537 334 0
537 331 0
541 329 0
548 327 0
557 325 0
567 323 0
576 321 0
580 320 0
583 320 0
583 326 0
581 336 0
579 348 0
581 364 0
586 372 0
593 374 0
603 372 0
622 368 0
626 367 1
653 245 0
653 257 0
655 281 0
655 309 0
656 334 0
656 352 0
656 363 0
656 368 0
656 371 0
651 357 0
650 353 0
649 350 0
652 349 0
659 346 0
668 341 0
690 327 0
706 315 0
715 303 0
723 289 0
725 275 0
726 265 0
726 262 0
725 259 0
723 265 0
716 285 0
709 314 0
707 334 0
709 345 0
713 351 0
717 353 0
724 352 0
735 349 0
739 347 0
745 349 0
752 354 0
759 359 0
767 363 0
777 363 0
786 363 0
802 362 1
596 238 0
595 243 0
594 245 1
