honour
398 233 0
400 237 0
400 248 0
399 275 0
395 301 0
390 326 0
386 346 0
387 355 0
390 358 0
394 359 0
401 355 0
415 346 0
428 338 0
436 336 0
441 336 0
446 339 0
453 348 0
466 357 0
479 365 0
485 369 1
533 311 0
521 318 0
511 326 0
506 335 0
503 345 0
507 353 0
515 356 0
522 355 0
527 351 0
530 343 0
530 333 0
528 324 0
525 321 0
538 319 0
557 315 0
569 312 0
576 310 0
579 309 0
584 310 0
585 315 0
586 326 0
588 335 0
590 341 0
593 345 0
597 345 0
602 343 0
612 336 0
619 331 0
623 330 0
628 329 0
630 336 0
633 340 0
636 343 1
723 298 0
712 300 0
701 303 0
690 306 0
681 312 0
674 321 0
669 331 0
669 335 0
671 338 0
679 337 0
691 331 0
698 325 0
702 320 0
704 315 0
706 312 0
707 309 0
718 309 0
727 308 0
732 307 0
739 305 0
746 302 0
750 302 0
751 305 0
750 312 0
750 324 0
753 333 0
758 337 0
768 335 0
781 329 0
791 323 0
798 319 0
802 315 0
807 312 0
809 311 0
809 317 0
810 324 0
812 329 0
820 330 0
832 327 0
846 321 0
860 316 0
866 315 0
875 315 0
879 317 0
881 324 0
881 332 0
881 337 0
881 341 0
884 332 0
890 322 0
899 308 0
914 293 0
927 282 0
936 273 1
