letters
359 367 0
368 360 0
383 337 0
395 313 0
404 290 0
406 273 0
404 260 0
403 252 0
398 247 0
392 247 0
385 253 0
375 266 0
368 281 0
348 354 0
347 387 0
353 399 0
364 404 0
390 402 0
415 392 0
435 375 0
446 361 0
449 353 0
450 347 0
449 345 0
446 347 0
435 361 0
424 382 0
423 393 0
427 401 0
439 403 0
450 403 0
467 402 1
510 263 0
510 273 0
510 290 0
510 308 0
510 336 0
508 362 0
507 375 0
506 381 0
505 385 0
504 388 0
501 386 0
499 378 0
496 366 0
495 357 0
496 354 0
496 352 0
501 350 0
511 345 0
526 337 0
534 333 0
547 325 1
567 250 0
569 259 0
569 280 0
569 307 0
568 335 0
566 356 0
565 366 0
564 369 0
563 374 0
560 376 0
556 367 0
554 364 0
553 362 0
555 359 0
560 358 0
572 356 0
593 352 0
612 346 0
620 340 0
625 335 0
626 332 0
623 327 0
618 331 0
610 339 0
606 350 0
604 361 0
608 368 0
617 370 0
626 368 0
638 364 0
648 362 0
654 362 0
658 362 0
663 364 0
666 366 0
668 367 0
670 358 0
671 345 0
672 335 0
673 331 0
674 328 1
737 305 0
728 312 0
723 318 0
723 324 0
725 330 0
730 336 0
734 342 0
736 350 0
733 361 0
725 370 0
713 380 0
707 385 0
692 395 1
