5th
480 263 0
479 267 0
476 274 0
468 293 0
463 305 0
465 312 0
469 318 0
479 325 0
493 337 0
503 345 0
508 352 0
510 358 0
508 362 0
502 366 0
486 370 0
471 374 0
461 375 0
439 377 1
468 277 0
477 277 0
505 272 0
524 266 0
543 260 1
626 275 0
626 279 0
622 287 0
613 312 0
603 344 0
602 356 0
604 363 0
610 368 0
628 368 0
640 368 0
654 368 1
590 319 0
605 323 0
616 323 0
633 323 1
687 272 0
687 275 0
684 287 0
678 307 0
675 325 0
674 334 0
674 340 0
674 344 0
683 342 0
694 337 0
703 335 0
709 336 0
712 340 0
716 347 0
721 358 0
731 365 0
752 367 0
769 367 0
786 366 1
