dispatch
362 353 0
359 349 0
353 347 0
344 346 0
334 349 0
325 355 0
318 364 0
313 376 0
312 387 0
315 394 0
320 396 0
327 394 0
340 385 0
355 366 0
367 340 0
375 318 0
378 305 0
382 296 0
387 278 0
389 271 0
389 273 0
385 297 0
378 348 0
376 368 0
376 379 0
377 386 0
382 389 0
390 389 0
399 382 0
409 370 0
420 356 0
424 352 0
426 349 0
425 359 0
424 372 0
424 380 0
427 386 0
435 387 0
439 387 1
511 332 0
510 335 0
505 337 0
499 341 0
494 345 0
492 348 0
495 352 0
503 355 0
507 365 0
505 372 0
498 380 0
489 386 0
482 385 1
547 382 0
549 390 0
549 403 0
550 421 0
548 433 0
546 438 0
544 442 0
540 425 0
537 388 0
538 358 0
546 341 0
555 333 0
563 331 0
570 333 0
573 338 0
574 349 0
569 366 0
564 378 0
557 385 0
553 387 1
635 355 0
625 355 0
615 355 0
605 355 0
596 363 0
592 370 0
593 376 0
595 380 0
599 382 0
606 382 0
616 376 0
624 369 0
627 367 0
633 364 0
635 370 0
636 377 0
637 380 0
638 383 0
648 381 0
658 375 0
673 365 1
673 261 0
673 265 0
675 277 0
676 294 0
676 320 0
677 346 0
676 366 0
676 374 0
676 379 0
676 382 0
674 373 0
671 366 0
670 363 0
670 358 0
673 355 0
679 351 1
733 352 0
727 350 0
721 351 0
715 355 0
708 365 0
705 373 0
707 379 0
713 383 0
725 380 0
758 357 0
781 329 0
789 313 0
793 297 0
796 283 0
795 281 0
793 285 0
776 334 0
769 363 0
770 372 0
773 376 0
778 378 0
787 375 0
801 368 0
810 365 0
816 367 0
822 369 0
826 374 0
829 376 1
430 262 0
432 266 0
434 269 1
