aquaint
364 308 0
360 306 0
347 304 0
329 310 0
318 318 0
311 330 0
306 347 0
307 355 0
313 358 0
325 355 0
348 341 0
365 328 0
371 320 0
374 317 0
378 312 0
378 335 0
381 349 0
387 356 0
390 358 1
478 300 0
474 300 0
468 299 0
457 300 0
438 304 0
428 309 0
418 319 0
412 329 0
412 336 0
422 336 0
434 330 0
443 323 0
449 320 0
453 318 0
457 317 0
460 318 0
461 349 0
460 385 0
461 398 0
463 404 0
467 405 1
509 298 0
509 302 0
509 306 0
509 318 0
509 328 0
512 335 0
516 337 0
521 334 0
528 328 0
533 319 0
537 313 0
541 309 0
543 318 0
547 332 0
553 340 0
558 343 1
639 308 0
630 306 0
622 306 0
612 309 0
603 314 0
597 323 0
594 333 0
595 339 0
598 343 0
603 342 0
612 338 0
620 331 0
624 327 0
628 322 0
631 318 0
634 315 0
639 316 0
640 322 0
642 330 0
645 337 0
650 339 0
656 339 0
664 335 0
672 327 0
678 320 0
680 315 0
683 312 0
686 311 0
685 317 0
687 324 0
692 332 0
698 335 0
705 335 0
722 323 0
737 310 0
740 307 0
743 306 0
746 316 0
750 325 0
753 330 0
759 331 0
770 328 0
783 322 0
792 318 0
797 317 0
805 321 0
809 325 0
814 330 1
858 207 0
858 216 0
859 229 0
861 260 0
863 287 0
864 312 0
865 327 0
865 337 0
865 340 0
865 345 0
864 339 0
859 330 0
856 324 0
854 320 0
855 316 0
860 312 0
869 308 0
891 300 0
912 291 1
689 208 0
689 218 0
689 225 1
