general
453 326 0
447 323 0
437 321 0
425 321 0
422 322 0
411 329 0
403 342 0
404 347 0
409 348 0
420 345 0
435 338 0
442 334 0
448 330 0
452 328 0
454 327 0
456 334 0
457 363 0
461 400 0
462 421 0
462 439 0
461 449 0
456 457 0
449 461 0
441 462 0
434 459 0
431 452 0
431 441 0
438 424 0
451 406 0
458 398 0
472 385 0
493 362 0
508 344 0
512 335 0
513 331 0
514 326 0
512 324 0
508 324 0
505 326 0
501 334 0
497 349 0
497 359 0
501 366 0
506 368 0
514 364 0
523 356 0
529 348 0
537 341 0
541 338 0
545 337 0
548 339 0
549 343 0
552 347 0
553 351 0
561 352 0
572 347 0
580 345 0
586 343 0
591 343 0
595 346 0
600 348 0
609 350 0
622 352 0
632 351 0
641 348 0
649 343 0
655 335 0
657 329 0
656 326 0
652 322 0
646 322 0
642 323 0
640 329 0
640 336 0
642 347 0
645 355 0
654 357 0
663 356 0
668 353 0
685 348 0
697 348 0
704 350 0
708 354 0
711 357 0
713 359 0
714 361 0
715 352 0
715 340 0
717 333 0
720 328 0
725 324 0
730 321 0
733 320 1
821 336 0
815 331 0
806 326 0
792 321 0
781 319 0
773 320 0
765 325 0
758 337 0
756 347 0
758 354 0
764 358 0
772 359 0
783 356 0
793 349 0
803 339 0
809 333 0
812 330 0
812 336 0
812 343 0
814 352 0
819 356 0
825 357 0
837 351 0
857 335 0
873 314 0
886 271 0
887 260 0
887 255 0
885 252 0
873 262 0
856 284 0
843 316 0
838 345 0
841 361 0
860 365 0
901 358 0
924 354 0
926 353 1
