any
489 292 0
485 292 0
476 292 0
472 293 0
449 308 0
422 334 0
415 347 0
414 355 0
415 358 0
417 362 0
426 359 0
439 347 0
449 336 0
457 329 0
462 326 0
465 324 0
468 323 0
470 324 0
470 331 0
471 338 0
473 345 0
477 349 0
480 352 0
489 348 0
501 337 0
514 328 0
519 323 0
522 322 0
525 322 0
524 326 0
524 330 0
526 333 0
535 330 0
544 326 0
552 323 0
556 321 0
561 320 0
563 320 0
566 325 0
568 330 0
573 334 0
580 334 0
589 331 0
599 325 0
605 321 0
609 319 0
611 318 0
615 322 0
617 327 0
627 327 0
638 323 0
647 318 0
655 314 0
658 312 0
661 311 0
666 318 0
669 335 0
667 364 0
664 383 0
657 398 0
645 408 0
629 415 0
622 416 0
618 412 0
616 404 0
630 378 0
655 344 0
662 333 1
