williamsburgh
114 299 0
113 303 0
110 315 0
108 339 0
109 355 0
110 361 0
114 362 0
120 357 0
128 347 0
136 338 0
140 335 0
143 335 0
147 338 0
158 344 0
166 343 0
172 340 0
176 336 0
179 333 0
180 328 0
180 325 0
180 321 0
180 318 0
184 315 0
187 312 0
192 310 0
198 306 0
203 302 0
207 301 0
211 301 0
213 301 0
216 303 0
219 305 0
221 308 0
221 312 0
222 322 0
224 333 0
229 342 0
237 346 0
251 343 0
272 330 0
289 311 0
296 297 0
302 276 0
306 257 0
307 248 0
307 242 0
306 239 0
301 241 0
291 262 0
282 289 0
282 317 0
287 335 0
293 342 0
299 344 0
303 343 0
329 331 0
354 307 0
361 295 0
364 280 0
363 267 0
362 261 0
359 259 0
352 267 0
347 283 0
343 306 0
345 320 0
349 330 0
356 335 0
365 337 0
375 333 0
385 327 0
392 319 0
396 315 0
398 313 0
400 315 0
403 321 0
408 331 0
413 339 1
406 244 1
495 305 0
490 303 0
483 303 0
473 307 0
461 316 0
453 328 0
453 334 0
463 335 0
473 331 0
480 326 0
487 320 0
493 314 0
496 317 0
497 326 0
499 332 0
507 333 0
513 331 0
525 321 0
535 310 0
540 305 0
543 301 0
545 303 0
546 307 0
547 311 0
547 314 0
549 318 0
554 320 0
557 319 0
560 316 0
564 312 0
570 307 0
573 304 0
581 303 0
584 304 0
593 315 0
597 321 0
605 321 0
618 316 0
629 309 0
632 307 0
637 305 0
643 309 0
647 317 0
653 320 1
710 273 0
707 277 0
700 284 0
696 291 0
695 297 0
696 301 0
702 305 0
707 309 0
712 313 0
714 317 0
711 324 0
705 331 1
747 222 0
748 240 0
748 269 0
747 291 0
746 303 0
746 308 0
748 311 0
752 311 0
759 308 0
769 307 0
780 308 0
790 310 0
795 316 0
796 324 0
790 335 0
776 349 0
764 356 0
755 357 0
751 357 1
824 309 0
822 318 0
820 330 0
820 337 0
822 342 0
829 341 0
839 335 0
850 324 0
858 316 0
863 312 0
866 310 0
866 317 0
866 328 0
868 337 0
872 341 0
880 343 0
890 342 0
900 342 0
908 342 0
913 342 0
917 342 0
919 342 0
919 336 0
919 329 0
919 325 0
921 321 0
927 315 1
982 312 0
975 313 0
969 315 0
962 317 0
958 322 0
957 326 0
958 329 0
961 329 0
968 327 0
975 322 0
980 320 0
983 319 0
987 318 0
990 325 0
991 337 0
993 363 0
992 382 0
988 395 0
977 411 0
968 419 0
959 421 0
953 417 0
949 410 0
949 397 0
958 374 0
973 349 0
989 325 0
1006 299 0
1018 272 0
1026 251 0
1029 237 0
1031 230 0
1030 226 0
1030 223 0
1028 245 0
1018 297 0
1019 310 0
1021 316 0
1028 317 0
1040 316 0
1054 314 0
1061 313 0
1067 315 0
1072 318 0
1078 323 0
1085 329 0
1095 332 0
1107 334 0
1115 335 1
198 226 0
201 230 1
386 237 0
393 247 1
