who
382 317 0
381 326 0
380 345 0
380 359 0
380 371 0
381 378 0
385 381 0
390 380 0
398 376 0
406 371 0
413 368 0
418 367 0
424 368 0
430 369 0
437 371 0
443 374 0
446 374 0
450 375 0
453 374 0
457 366 0
460 359 0
462 352 0
464 349 0
466 346 0
468 345 0
472 343 0
478 341 1
533 257 0
530 257 0
526 258 0
525 261 0
523 266 0
522 274 0
521 291 0
519 319 0
518 341 0
517 358 0
516 366 0
516 371 0
520 374 0
525 372 0
535 366 0
542 361 0
546 358 0
550 357 0
552 362 0
559 366 0
562 367 1
635 324 0
630 328 0
621 333 0
609 343 0
603 352 0
598 362 0
603 370 0
620 368 0
639 360 0
641 354 0
643 346 0
644 341 0
643 335 0
641 334 0
652 333 0
671 331 0
692 327 1
