with
356 318 0
359 324 0
361 333 0
365 351 0
370 365 0
371 368 0
380 370 0
395 361 0
409 349 0
417 343 0
424 341 0
428 342 0
432 345 0
438 353 0
442 357 0
446 360 0
448 360 0
452 358 0
454 355 0
455 351 0
457 346 0
458 339 0
459 334 0
459 331 0
461 329 0
464 328 0
470 326 0
480 322 0
490 318 0
499 316 0
506 315 0
508 315 0
511 317 0
512 321 0
512 328 0
514 336 0
517 344 0
523 348 0
532 348 0
546 342 0
567 332 1
585 233 0
585 237 0
586 241 0
586 252 0
585 274 0
582 303 0
578 331 0
575 356 0
575 363 0
575 367 0
573 350 0
572 343 0
573 338 0
573 335 0
582 334 0
592 331 0
612 325 0
630 316 0
642 306 0
655 288 0
659 270 0
655 252 0
653 250 0
649 253 0
639 268 0
628 292 0
626 311 0
626 326 0
629 333 0
634 336 0
644 337 0
652 337 0
658 337 0
663 337 0
668 339 0
674 342 0
678 346 0
681 348 0
688 350 1
510 254 0
510 258 0
509 262 1
