informing
247 320 0
249 323 0
249 327 0
250 337 0
251 354 0
252 364 0
256 371 0
261 372 0
267 370 0
278 364 0
290 357 0
298 352 0
305 349 0
312 347 0
317 351 0
324 354 0
327 355 0
331 353 0
336 348 0
340 344 0
343 343 0
346 344 0
349 347 0
353 349 0
357 352 0
363 354 0
371 354 0
382 349 0
401 334 0
414 319 0
425 295 0
429 276 0
430 265 0
430 259 0
430 255 0
423 261 0
416 275 0
409 306 0
409 336 0
407 363 0
408 379 0
409 389 0
409 395 0
408 399 0
406 389 0
410 379 0
418 368 0
433 353 0
445 345 0
454 339 0
461 335 0
463 334 0
458 342 0
457 345 0
457 356 0
463 363 0
470 364 0
478 361 0
484 354 0
486 351 0
488 344 0
487 339 0
483 335 0
478 333 0
474 332 0
487 332 0
504 328 0
513 325 0
518 325 0
522 328 0
526 334 0
529 342 0
531 350 0
531 354 0
533 358 0
537 335 0
539 328 0
542 325 0
547 324 0
553 323 0
559 322 0
564 322 0
568 322 0
571 324 0
574 326 0
576 332 0
577 338 0
578 342 0
579 344 0
580 346 0
584 346 0
591 340 0
596 337 0
599 335 0
604 335 0
608 340 0
611 342 0
619 339 0
627 334 0
633 331 0
637 330 0
641 332 0
643 339 0
646 343 0
654 345 0
662 342 0
670 335 0
677 329 0
680 326 0
684 321 0
686 321 0
689 330 0
693 335 0
700 337 0
708 334 0
721 327 0
729 321 0
731 319 0
733 317 0
738 316 0
742 322 0
746 327 0
749 329 0
753 330 0
764 326 0
779 323 0
790 320 0
799 321 0
807 324 0
813 328 0
816 331 0
821 334 1
880 306 0
870 309 0
862 313 0
854 319 0
849 325 0
847 329 0
858 327 0
867 322 0
873 317 0
877 316 0
880 316 0
882 316 0
886 325 0
890 337 0
893 358 0
895 379 0
891 399 0
885 415 0
876 421 0
867 425 0
859 423 0
853 416 0
853 406 0
867 380 0
881 360 0
892 343 1
684 243 0
687 257 0
687 270 0
687 288 1
250 272 0
250 277 1
