was
412 296 0
412 299 0
408 324 0
406 347 0
406 359 0
410 366 0
414 369 0
423 365 0
435 359 0
445 353 0
450 351 0
453 352 0
457 356 0
465 361 0
475 364 0
491 361 0
502 355 0
508 349 0
511 342 0
511 335 0
511 332 0
510 326 0
510 324 1
572 329 0
575 329 0
570 328 0
563 328 0
552 330 0
542 334 0
534 341 0
533 348 0
533 351 0
536 355 0
549 352 0
562 344 0
571 335 0
576 332 0
579 330 0
586 351 0
594 358 0
597 360 1
683 292 0
667 297 0
653 304 0
647 308 0
646 312 0
655 318 0
663 323 0
667 326 0
667 334 0
662 341 0
645 353 0
638 358 0
626 366 1
