bearer
421 239 0
424 247 0
425 263 0
425 293 0
424 316 0
425 329 0
425 335 0
430 334 0
449 325 0
474 321 0
484 323 0
487 330 0
484 344 0
470 365 0
461 374 0
451 377 0
443 378 0
436 377 1
512 338 0
514 341 0
518 341 0
527 336 0
534 328 0
536 321 0
535 317 0
533 315 0
531 314 0
524 319 0
517 331 0
512 347 0
514 360 0
520 367 0
532 370 0
551 369 0
572 367 1
649 315 0
642 316 0
635 317 0
615 327 0
595 343 0
588 354 0
589 362 0
592 365 0
601 365 0
616 359 0
625 351 0
631 344 0
635 338 0
638 334 0
642 331 0
643 342 0
645 354 0
646 361 0
657 364 0
672 360 0
687 351 0
698 343 0
703 340 0
708 338 0
710 345 0
710 352 0
711 356 0
711 359 0
712 353 0
712 342 0
712 334 0
712 331 0
716 327 0
721 329 0
731 331 0
744 333 0
759 331 0
771 327 0
776 324 0
779 319 0
780 314 0
777 309 0
773 306 0
766 308 0
759 315 0
753 325 0
749 335 0
750 355 0
758 362 0
769 364 0
782 361 0
794 358 0
801 356 0
806 355 0
813 356 0
817 359 0
820 361 0
823 351 0
825 343 0
828 337 0
831 333 0
835 328 1
