cumberland
249 318 0
245 320 0
233 324 0
225 328 0
213 338 0
203 351 0
199 363 0
201 372 0
208 380 0
218 384 0
237 379 0
258 367 0
271 356 0
276 350 0
280 346 0
281 355 0
281 367 0
282 372 0
286 375 0
290 374 0
299 367 0
309 356 0
320 344 0
327 337 0
329 334 0
332 334 0
330 340 0
330 349 0
331 360 0
333 365 0
336 369 0
343 365 0
352 358 0
362 349 0
366 345 0
371 342 0
373 342 0
376 347 0
378 354 0
382 357 0
389 356 0
399 351 0
408 345 0
414 342 0
419 340 0
423 339 0
426 344 0
428 350 0
429 354 0
430 356 0
439 352 0
446 347 0
455 342 0
462 340 0
466 341 0
471 343 0
475 348 0
480 353 0
485 356 1
520 250 0
520 258 0
519 275 0
518 301 0
516 324 0
515 329 0
515 334 0
515 337 0
529 334 0
544 333 0
553 333 0
560 336 0
563 340 0
564 346 0
563 355 0
558 365 0
551 367 0
548 366 1
573 342 0
583 347 0
592 347 0
604 344 0
617 336 0
623 330 0
627 325 0
627 321 0
624 319 0
619 317 0
612 319 0
606 325 0
600 334 0
599 342 0
600 349 0
601 352 0
609 355 0
619 355 0
631 353 0
644 349 0
653 348 0
658 349 0
662 350 0
665 352 0
668 354 0
669 348 0
672 341 0
675 334 0
680 329 0
685 323 0
689 320 1
715 243 0
719 246 0
719 251 0
715 280 0
711 314 0
710 328 0
713 339 0
717 347 0
724 352 1
834 328 0
825 324 0
814 319 0
800 315 0
790 314 0
780 314 0
772 318 0
764 325 0
757 335 0
758 344 0
759 348 0
772 351 0
795 344 0
811 333 0
818 325 0
822 319 0
825 315 0
825 325 0
824 336 0
825 346 0
828 352 0
832 353 0
840 350 0
855 341 0
866 332 0
872 327 0
876 325 0
878 324 0
880 327 0
882 333 0
884 337 0
887 342 0
890 345 0
894 347 0
906 344 0
925 338 0
934 337 0
937 337 0
941 337 0
945 341 0
951 345 0
957 347 1
1036 320 0
1026 318 0
1016 317 0
1005 318 0
995 325 0
985 337 0
983 346 0
984 352 0
990 352 0
1008 340 0
1027 323 0
1035 306 0
1042 284 0
1046 273 0
1048 267 0
1049 263 0
1044 284 0
1039 313 0
1037 333 0
1039 345 0
1045 354 0
1056 357 0
1079 366 1
