shoes
345 304 0
330 317 0
325 322 0
321 329 0
320 339 0
325 349 0
335 362 0
346 374 0
351 380 0
354 385 0
352 393 0
346 400 0
332 406 0
323 406 0
320 405 1
396 254 0
396 270 0
392 295 0
388 322 0
385 350 0
383 370 0
383 376 0
383 379 0
384 382 0
385 384 0
391 382 0
400 376 0
415 367 0
427 363 0
434 363 0
440 366 0
446 372 0
451 378 0
459 383 0
464 385 1
520 342 0
516 345 0
505 350 0
499 355 0
495 363 0
492 373 0
492 381 0
499 387 0
512 388 0
523 387 0
531 382 0
535 375 0
536 368 0
536 360 0
534 353 0
530 347 0
528 344 0
535 346 0
541 347 0
548 350 0
556 351 0
564 352 0
572 352 0
579 352 0
586 351 0
594 349 0
600 347 0
603 345 0
607 336 0
608 330 0
605 327 0
602 328 0
599 332 0
593 343 0
587 363 0
586 374 0
589 381 0
597 386 0
606 388 0
629 392 1
663 313 0
655 320 0
649 325 0
646 331 0
647 338 0
652 344 0
664 352 0
680 361 0
695 368 0
698 370 0
698 376 0
686 383 0
675 390 0
660 398 1
