recruiting
264 359 0
268 362 0
271 371 0
274 385 0
277 400 0
278 406 0
282 409 0
286 386 0
288 372 0
290 369 0
291 367 0
296 371 0
303 374 0
320 377 0
338 377 0
354 371 0
363 365 0
367 360 0
370 354 0
368 350 0
363 347 0
356 347 0
348 353 0
339 365 0
332 379 0
330 391 0
333 399 0
342 402 0
366 403 0
391 403 1
458 339 0
455 342 0
447 343 0
439 346 0
430 352 0
420 362 0
412 374 0
411 383 0
413 391 0
420 394 0
436 393 0
452 387 0
471 376 0
480 372 0
483 371 0
486 373 0
487 377 0
488 384 0
488 388 0
486 380 0
486 371 0
486 367 0
487 364 0
487 361 0
491 360 0
500 360 0
509 360 0
516 361 0
519 361 0
522 361 0
524 362 0
527 369 0
528 379 0
530 387 0
533 391 0
540 392 0
550 387 0
559 380 0
569 370 0
573 365 0
577 362 0
580 373 0
582 381 0
587 387 0
591 389 0
597 389 0
604 385 0
613 375 0
622 364 0
624 359 0
628 354 0
630 351 0
633 362 0
634 371 0
637 380 0
642 386 0
645 389 1
692 251 0
694 260 0
695 273 0
697 298 0
698 317 0
699 342 0
701 364 0
702 378 0
704 387 0
705 390 0
698 378 0
695 372 0
693 368 0
692 366 0
693 363 0
699 358 0
708 356 0
715 355 0
721 355 0
727 356 0
733 359 0
736 364 0
738 371 0
739 376 0
740 380 0
742 382 0
745 382 0
751 381 0
759 373 0
768 367 0
772 364 0
776 363 0
780 363 0
782 365 0
784 369 0
787 374 0
789 377 0
794 382 0
804 380 0
815 377 0
822 375 0
826 374 0
828 374 0
831 376 0
835 378 1
920 362 0
912 358 0
904 356 0
896 355 0
886 358 0
876 365 0
870 372 0
869 378 0
870 381 0
879 382 0
891 377 0
907 365 0
914 360 0
917 359 0
921 360 0
923 366 0
929 383 0
935 416 0
936 442 0
934 456 0
927 470 0
919 477 0
905 474 0
892 464 0
889 453 0
895 439 0
923 411 0
955 389 0
968 379 0
970 378 1
769 274 0
766 278 0
762 282 1
642 263 0
643 268 1
