for
387 363 0
400 349 0
416 330 0
432 308 0
447 285 0
455 269 0
457 260 0
457 253 0
455 248 0
453 246 0
445 242 0
437 245 0
426 255 0
413 279 0
408 308 0
406 330 0
406 341 0
408 398 0
413 427 0
415 435 0
416 439 0
417 441 0
416 427 0
410 409 0
407 393 0
407 383 0
408 373 0
412 367 0
421 359 0
441 350 0
465 342 0
485 338 0
500 335 0
507 333 0
513 332 0
516 332 0
501 339 0
490 350 0
485 358 0
484 365 0
488 373 0
497 376 0
511 374 0
518 369 0
524 363 0
526 355 0
525 347 0
521 341 0
519 337 0
514 334 0
532 336 0
552 338 0
562 341 0
569 344 0
573 348 0
578 357 0
580 366 0
582 373 0
583 376 0
583 379 0
582 371 0
581 367 0
580 353 0
583 341 0
590 336 0
599 333 1
