done
452 366 0
439 366 0
420 367 0
400 373 0
390 380 0
382 393 0
378 405 0
380 413 0
387 414 0
406 408 0
442 387 0
461 366 0
477 340 0
487 311 0
492 288 0
494 274 0
495 269 0
496 265 0
495 262 0
491 276 0
482 318 0
475 377 0
480 390 0
486 397 0
497 400 0
516 400 0
531 397 0
545 394 0
551 392 1
585 358 0
574 363 0
563 369 0
552 377 0
543 386 0
540 397 0
540 405 0
545 408 0
556 405 0
572 397 0
582 388 0
586 381 0
587 377 0
586 372 0
580 362 0
572 355 0
569 356 0
564 356 0
575 360 0
589 358 0
610 353 0
621 352 0
627 352 0
633 358 0
633 364 0
633 372 0
634 379 0
636 384 0
638 386 0
645 385 0
656 379 0
666 373 0
672 371 0
676 371 0
679 371 0
682 375 0
696 386 0
724 392 0
746 390 0
760 385 0
776 373 0
783 363 0
784 356 0
783 353 0
771 350 0
756 358 0
740 375 0
733 387 0
731 397 0
736 406 0
757 408 0
804 401 0
824 398 1
