men
387 331 0
387 334 0
389 343 0
390 356 0
391 369 0
392 375 0
394 378 0
399 372 0
403 366 0
407 363 0
410 357 0
416 353 0
420 352 0
423 352 0
426 354 0
430 356 0
433 359 0
438 362 0
442 361 0
448 358 0
452 355 0
456 354 0
459 354 0
463 354 0
470 356 0
476 358 0
484 357 0
496 356 0
512 349 0
526 334 0
531 329 0
533 325 0
528 323 0
522 327 0
516 334 0
511 343 0
507 355 0
506 364 0
509 370 0
516 369 0
527 363 0
547 348 0
558 337 0
564 331 0
566 331 0
570 340 0
572 347 0
574 351 0
581 354 0
585 354 0
592 350 0
609 342 0
619 339 0
622 339 0
626 342 0
630 346 0
635 350 0
641 352 1
