those
422 252 0
422 256 0
422 261 0
419 272 0
414 290 0
407 318 0
403 346 0
400 371 0
400 380 0
402 391 0
410 403 0
424 408 0
445 407 0
460 405 0
467 404 1
394 354 0
417 354 0
451 343 0
468 338 1
488 281 0
488 286 0
488 298 0
486 328 0
488 355 0
490 371 0
491 382 0
493 387 0
492 391 0
497 392 0
508 383 0
517 376 0
522 372 0
526 368 0
529 366 0
532 375 0
537 385 0
546 394 0
550 396 1
617 350 0
602 356 0
589 366 0
585 372 0
585 378 0
602 383 0
624 376 0
636 368 0
642 361 0
641 354 0
636 349 0
625 348 0
602 352 0
591 358 0
588 361 0
586 364 1
700 336 0
694 340 0
683 346 0
678 352 0
677 358 0
678 362 0
679 366 0
680 369 0
681 371 0
680 374 1
705 373 0
708 375 0
712 376 0
718 376 0
725 374 0
732 370 0
736 365 0
740 358 0
741 351 0
740 345 0
736 342 0
717 355 0
706 368 0
706 375 0
710 381 0
730 384 0
772 381 0
792 379 1
