can
514 313 0
510 313 0
503 315 0
486 322 0
465 337 0
454 351 0
449 365 0
450 376 0
456 383 0
470 387 0
495 384 0
512 381 0
522 379 1
607 330 0
602 330 0
591 329 0
577 328 0
561 330 0
550 334 0
541 341 0
534 352 0
529 367 0
531 375 0
545 379 0
563 372 0
578 362 0
585 355 0
592 348 0
595 344 0
599 342 0
598 347 0
600 356 0
604 363 0
610 366 0
620 364 0
630 358 0
638 352 0
645 346 0
650 343 0
654 342 0
656 345 0
658 349 0
661 356 0
663 361 0
669 365 0
676 362 0
691 354 0
704 345 0
711 342 0
717 341 0
723 343 0
727 346 0
731 350 0
737 356 0
744 359 0
749 360 1
