now
483 330 0
483 334 0
483 345 0
482 358 0
482 367 0
482 373 0
483 377 0
486 378 0
490 376 0
500 368 0
512 358 0
520 352 0
525 352 0
529 354 0
533 361 0
539 369 0
545 376 0
552 378 0
557 377 1
632 327 0
630 330 0
620 333 0
610 337 0
606 338 0
600 342 0
591 355 0
586 369 0
588 371 0
597 376 0
612 372 0
633 360 0
640 352 0
644 345 0
645 338 0
645 334 0
644 331 0
640 328 0
644 328 0
651 328 0
662 327 0
668 325 0
672 325 0
675 327 0
678 328 0
681 332 0
682 336 0
685 348 0
688 360 0
691 365 0
696 365 0
705 361 0
713 354 0
721 347 0
726 343 0
730 341 0
735 343 0
737 347 0
741 352 0
745 355 0
750 360 0
755 359 0
759 358 0
762 356 0
765 349 0
767 341 0
768 337 0
772 332 0
775 332 0
781 333 0
788 332 1
