fort
467 360 0
471 360 0
477 359 0
493 350 0
513 330 0
527 310 0
533 295 0
533 281 0
532 271 0
530 267 0
525 271 0
516 291 0
507 322 0
497 386 0
495 428 0
494 437 0
493 445 0
491 451 0
489 455 0
487 459 0
489 437 0
489 411 0
491 396 0
492 390 0
501 381 0
515 371 0
530 364 0
545 360 0
555 359 0
561 358 0
565 358 0
569 358 0
561 369 0
549 386 0
549 403 0
552 408 0
558 411 0
566 407 0
577 398 0
583 387 0
583 376 0
579 366 0
576 359 0
572 358 0
571 365 0
576 370 0
582 371 0
593 368 0
609 363 0
619 361 0
626 362 0
630 363 0
635 370 0
637 380 0
637 387 0
637 394 0
638 383 0
640 375 0
644 368 0
645 366 0
653 362 0
660 362 0
669 361 1
703 271 0
705 274 0
705 283 0
705 303 0
704 331 0
701 369 0
697 407 0
697 412 0
694 398 0
691 388 0
691 380 0
692 376 0
699 372 0
707 369 0
720 367 0
736 363 0
741 361 1
