glad
458 338 0
461 338 0
459 334 0
449 329 0
439 327 0
429 329 0
421 335 0
418 344 0
421 353 0
429 358 0
441 360 0
454 356 0
463 351 0
468 348 0
472 345 0
475 344 0
476 348 0
477 373 0
474 441 0
469 462 0
464 474 0
456 483 0
447 488 0
440 488 0
436 482 0
436 465 0
445 437 0
461 410 0
482 385 0
512 349 0
529 327 0
542 303 0
551 277 0
555 259 0
556 254 0
556 249 0
541 265 0
518 303 0
511 325 0
505 350 0
507 369 0
508 372 0
516 375 0
542 370 0
570 358 0
577 355 0
597 341 0
605 336 0
607 335 0
602 334 0
591 335 0
577 340 0
567 347 0
564 352 0
563 358 0
565 361 0
571 360 0
581 357 0
593 349 0
599 346 0
603 344 0
606 344 0
610 347 0
613 351 1
710 330 0
701 329 0
693 328 0
684 329 0
674 334 0
667 341 0
663 348 0
663 354 0
667 356 0
674 354 0
686 347 0
704 327 0
715 309 0
724 280 0
729 258 0
731 249 0
731 246 0
729 255 0
721 281 0
716 305 0
712 330 0
715 345 0
721 353 1
