conceive
363 353 0
363 350 0
359 348 0
354 349 0
344 354 0
331 369 0
323 380 0
321 392 0
322 402 0
329 408 0
335 409 1
396 372 0
394 376 0
389 384 0
387 392 0
390 400 0
395 403 0
402 401 0
417 394 0
434 381 0
439 373 0
439 367 0
436 360 0
431 356 0
423 355 0
413 357 0
406 361 0
404 364 1
457 350 0
457 357 0
457 362 0
458 370 0
459 376 0
459 380 0
459 385 0
461 387 0
466 387 0
473 382 0
482 375 0
489 372 0
495 372 0
500 375 0
502 379 0
505 384 0
508 388 0
511 392 1
567 350 0
557 354 0
550 356 0
545 359 0
542 361 0
536 368 0
535 375 0
535 382 0
538 388 0
547 393 0
560 393 0
578 387 0
597 376 0
613 363 0
618 357 0
621 352 0
622 347 0
618 343 0
612 343 0
606 345 0
604 351 0
602 360 0
601 372 0
603 379 0
611 384 0
620 382 0
630 376 0
643 367 0
652 361 0
656 357 0
660 352 0
663 349 0
665 349 0
668 350 0
670 353 0
669 361 0
670 367 0
678 373 0
687 369 0
699 362 0
710 351 0
713 349 0
717 345 1
723 337 0
723 341 0
723 344 0
723 351 0
724 360 0
726 366 0
728 370 0
740 360 0
753 344 0
763 330 0
765 327 1
779 353 0
780 356 0
786 353 0
789 349 0
791 346 0
792 343 0
792 340 0
787 338 0
781 339 0
776 345 0
771 354 0
769 365 0
770 371 0
775 374 0
780 378 1
673 245 0
672 250 0
670 253 1
