were
315 298 0
316 302 0
317 312 0
317 328 0
317 345 0
318 360 0
319 367 0
321 371 0
323 373 0
327 372 0
336 366 0
346 359 0
353 353 0
360 350 0
364 349 0
367 351 0
370 354 0
371 356 0
379 362 0
387 363 0
397 360 0
406 353 0
408 351 0
410 347 0
413 341 0
415 337 0
417 334 0
420 334 0
424 335 0
433 336 0
449 336 0
471 333 0
482 330 0
490 326 0
494 323 0
497 318 0
497 313 0
492 309 0
483 308 0
475 310 0
468 315 0
463 322 0
462 334 0
466 344 0
476 353 0
488 356 0
505 355 0
517 350 0
521 348 0
524 346 0
527 345 0
532 346 0
534 349 0
535 353 0
536 358 0
537 361 0
538 364 0
541 363 0
542 349 0
543 336 0
545 329 0
546 327 0
550 326 0
555 329 0
566 332 0
583 333 0
595 330 0
609 324 0
614 321 0
617 316 0
615 310 0
612 306 0
600 310 0
584 327 0
578 341 0
578 351 0
588 361 0
617 365 0
639 366 0
652 366 1
