my
418 339 0
420 343 0
423 350 0
426 364 0
429 376 0
430 380 0
431 384 0
433 387 0
436 387 0
444 377 0
454 363 0
463 355 0
471 353 0
478 355 0
481 358 0
485 362 0
487 365 0
491 369 0
493 370 0
505 363 0
510 360 0
513 358 0
517 357 0
520 358 0
523 361 0
529 369 0
537 372 0
546 372 0
553 370 0
562 364 0
569 360 0
573 358 0
576 357 0
578 356 0
581 355 0
587 361 0
591 363 0
597 365 0
607 362 0
616 358 0
624 353 0
628 350 0
632 349 0
639 358 0
643 368 0
645 378 0
649 431 0
642 463 0
630 476 0
620 482 0
612 481 0
604 475 0
608 456 0
634 408 0
660 375 0
668 364 1
