one
482 328 0
486 328 0
481 323 0
474 320 0
462 319 0
450 323 0
442 331 0
436 345 0
437 359 0
442 366 0
451 370 0
463 368 0
476 362 0
482 355 0
485 349 0
484 338 0
481 330 0
480 327 0
478 324 0
495 322 0
509 320 0
524 317 0
531 317 0
537 320 0
543 332 0
546 339 0
548 344 0
550 348 0
553 350 0
566 349 0
577 345 0
587 342 0
593 342 0
596 343 0
603 351 0
614 359 0
636 364 0
671 357 0
689 349 0
698 339 0
702 329 0
704 325 0
703 321 0
696 322 0
682 330 0
665 345 0
658 355 0
658 363 0
665 368 0
700 367 0
725 365 0
737 364 1
