duration
264 337 0
261 336 0
254 335 0
243 335 0
226 337 0
208 347 0
192 361 0
186 373 0
184 383 0
188 390 0
198 394 0
215 389 0
240 371 0
259 349 0
271 327 0
280 299 0
285 271 0
286 255 0
287 252 0
288 248 0
281 268 0
273 327 0
271 368 0
274 375 0
277 380 0
282 385 0
290 386 0
300 380 0
313 364 0
322 352 0
328 342 0
331 337 0
334 335 0
332 348 0
334 360 0
337 369 0
341 375 0
349 377 0
358 372 0
368 365 0
377 358 0
382 353 0
386 351 0
388 352 0
390 357 0
395 364 0
401 369 0
411 371 0
425 372 0
435 372 0
441 372 0
444 374 0
447 375 0
450 376 0
450 367 0
451 359 0
452 351 0
456 345 0
463 340 1
555 333 0
550 334 0
545 334 0
537 335 0
528 337 0
519 342 0
512 349 0
508 355 0
508 363 0
513 366 0
521 366 0
533 362 0
542 356 0
550 351 0
554 349 0
556 348 0
559 350 0
561 355 0
568 360 1
610 257 0
610 261 0
610 265 0
610 275 0
612 287 0
614 308 0
619 336 0
621 353 0
622 361 0
623 367 0
623 370 0
616 365 0
607 353 0
600 344 0
596 340 0
594 338 0
619 334 0
636 331 0
656 328 0
665 327 0
670 327 0
673 327 0
676 329 0
674 335 0
674 341 0
674 344 0
674 350 0
677 353 0
683 355 1
766 325 0
762 325 0
741 328 0
726 334 0
720 340 0
718 346 0
719 352 0
723 357 0
731 359 0
743 358 0
754 353 0
766 345 0
773 339 0
777 335 0
779 333 0
775 332 0
772 332 0
773 328 0
781 327 0
789 326 0
808 326 0
819 326 0
824 328 0
826 328 0
829 331 0
829 335 0
829 341 0
829 345 0
830 349 0
831 352 0
838 353 0
846 349 0
859 343 0
870 339 0
879 337 0
884 337 0
887 341 0
890 346 0
894 352 0
900 358 0
912 360 0
933 358 0
956 356 1
702 255 0
696 263 0
694 266 1
