officers
355 327 0
349 329 0
335 338 0
319 355 0
310 374 0
308 383 0
311 390 0
319 392 0
331 387 0
348 373 0
356 365 0
360 355 0
361 348 0
362 344 0
362 341 0
368 342 0
386 342 0
432 327 0
449 314 0
458 302 0
463 285 0
463 268 0
462 255 0
462 252 0
460 249 0
457 251 0
450 259 0
440 281 0
434 312 0
430 345 0
428 380 0
427 397 0
426 412 0
426 418 0
425 422 0
419 403 0
416 392 0
416 387 0
443 369 0
466 353 0
487 336 0
503 319 0
509 302 0
513 281 0
515 273 0
515 268 0
516 266 0
512 265 0
507 269 0
502 277 0
492 302 0
489 332 0
489 364 0
487 391 0
484 405 0
483 419 0
482 422 0
479 409 0
478 399 0
478 392 0
479 384 0
481 382 0
491 372 0
512 360 0
522 354 0
528 351 0
532 349 0
535 349 0
538 350 0
540 360 0
544 368 0
550 374 0
560 375 0
569 375 0
586 372 1
649 335 0
629 347 0
614 358 0
611 365 0
611 372 0
613 375 0
627 380 0
652 378 0
676 368 0
691 359 0
699 350 0
702 341 0
702 334 0
699 332 0
696 333 0
691 339 0
689 347 0
686 359 0
688 367 0
696 371 0
710 374 0
731 374 0
740 374 0
746 375 0
750 376 0
753 378 0
757 381 0
759 382 0
759 377 0
761 371 0
762 366 0
766 360 0
769 353 1
850 323 0
846 326 0
841 327 0
836 332 0
829 340 0
829 345 0
831 352 0
834 359 0
837 365 0
838 369 0
836 374 0
833 379 0
823 385 0
815 389 0
798 395 1
581 227 0
578 240 0
575 248 0
568 265 1
