will
432 354 0
431 362 0
430 374 0
433 388 0
437 395 0
442 396 0
449 394 0
457 387 0
464 381 0
468 379 0
471 378 0
473 382 0
478 386 0
482 389 0
490 390 0
498 387 0
504 383 0
507 376 0
507 369 0
507 363 0
507 359 0
509 356 0
517 357 0
522 357 0
530 356 0
537 355 0
541 354 0
545 354 0
548 354 0
550 364 0
552 372 0
556 378 0
562 380 0
573 375 0
594 358 0
621 324 0
644 285 0
645 275 0
644 270 0
643 266 0
630 279 0
621 298 0
613 329 0
611 354 0
617 371 0
623 376 0
631 377 0
643 372 0
658 354 0
673 329 0
680 304 0
684 290 0
686 287 0
687 284 0
672 309 0
668 335 0
670 360 0
681 377 0
689 389 0
695 396 1
581 253 0
578 261 0
574 267 1
