any
444 355 0
443 350 0
437 343 0
430 339 0
420 338 0
403 343 0
385 359 0
374 375 0
373 382 0
375 389 0
379 394 0
389 396 0
400 396 0
414 389 0
432 375 0
442 366 0
448 358 0
450 355 0
452 350 0
455 358 0
455 369 0
456 381 0
459 389 0
467 392 0
477 391 0
488 386 0
503 373 0
509 367 0
512 364 0
515 362 0
519 362 0
521 367 0
522 375 0
524 380 0
527 385 0
530 384 0
540 375 0
557 362 0
565 358 0
568 357 0
570 359 0
571 362 0
574 369 0
577 373 0
584 378 0
593 379 0
604 375 0
616 368 0
622 364 0
627 358 0
632 356 0
635 354 0
637 358 0
639 363 0
640 367 0
644 372 0
654 373 0
665 369 0
675 364 0
683 360 0
687 357 0
693 352 0
696 353 0
704 372 0
708 397 0
710 419 0
708 435 0
702 447 0
694 456 0
684 459 0
672 454 0
665 444 0
669 431 0
688 405 0
726 380 0
743 370 0
749 365 1
