you
466 336 0
465 343 0
464 353 0
465 362 0
467 365 0
477 363 0
497 350 0
510 339 0
516 334 0
520 331 0
522 331 0
525 333 0
527 343 0
528 352 0
529 361 0
522 412 0
509 444 0
502 455 0
493 462 0
478 468 0
470 466 0
466 456 0
470 434 0
485 412 0
506 391 0
531 372 0
556 355 0
579 340 0
592 332 0
596 330 0
593 337 0
583 349 0
577 359 0
576 368 0
577 375 0
596 376 0
615 367 0
625 355 0
628 342 0
629 334 0
628 330 0
624 326 0
622 325 0
633 321 0
645 318 0
655 318 0
664 318 0
670 319 0
672 321 0
673 324 0
673 333 0
673 341 0
674 349 0
676 354 0
679 358 0
688 354 0
702 349 0
706 347 0
711 346 0
713 349 0
718 355 0
725 359 1
