give
500 323 0
496 323 0
488 323 0
479 325 0
471 330 0
466 337 0
462 348 0
462 357 0
466 360 0
472 360 0
483 353 0
492 345 0
496 339 0
498 336 0
502 332 0
504 341 0
507 352 0
511 372 0
514 387 0
514 402 0
510 432 0
503 453 0
501 457 0
493 459 0
485 453 0
477 441 0
475 432 0
476 421 0
484 408 0
493 391 0
503 377 0
515 363 0
523 351 0
525 348 0
529 343 0
531 340 0
533 337 0
534 334 0
537 330 0
540 328 0
541 333 0
543 345 0
547 353 0
553 356 0
558 357 1
587 320 0
591 324 0
592 331 0
593 340 0
595 348 0
597 353 0
599 357 0
609 344 0
620 327 0
626 315 1
654 317 0
655 320 0
661 321 0
666 320 0
670 317 0
671 314 0
670 310 0
667 307 0
658 303 0
654 306 0
650 312 0
648 322 0
647 336 0
653 344 0
673 348 0
701 355 1
582 223 0
581 227 0
577 232 0
574 234 0
568 242 1
