our
468 315 0
457 315 0
448 316 0
432 322 0
414 338 0
405 354 0
403 370 0
407 378 0
416 381 0
430 377 0
446 369 0
454 361 0
458 355 0
459 351 0
458 346 0
457 342 0
455 338 0
464 333 0
472 330 0
477 328 0
481 327 0
483 327 0
486 327 0
489 332 0
488 341 0
489 350 0
491 359 0
497 366 0
507 368 0
519 365 0
535 357 0
551 343 0
558 334 0
563 328 0
563 341 0
562 355 0
563 366 0
567 371 0
577 372 0
586 368 0
598 364 0
607 360 0
615 357 0
618 357 0
620 358 0
625 363 0
628 368 0
628 372 0
631 366 0
630 342 0
630 329 0
634 325 0
638 322 0
644 321 0
649 321 1
