would
287 327 0
287 330 0
288 342 0
291 360 0
295 374 0
299 380 0
305 382 0
314 377 0
323 370 0
329 366 0
335 364 0
337 366 0
343 369 0
352 370 0
366 367 0
376 362 0
380 361 0
385 357 0
389 353 0
390 349 0
389 344 0
388 338 0
387 334 0
400 333 0
418 333 0
438 334 0
445 335 0
451 337 0
457 337 0
449 339 0
437 348 0
429 358 0
434 372 0
441 374 0
455 373 0
472 361 0
479 350 0
481 343 0
477 336 0
474 332 0
469 327 0
467 326 0
479 327 0
492 323 0
504 320 0
511 319 0
516 320 0
519 324 0
522 332 0
525 343 0
528 352 0
530 358 0
539 360 0
548 355 0
556 348 0
560 345 0
564 343 0
569 345 0
576 353 0
586 361 0
609 364 0
632 359 0
653 347 0
674 328 0
686 303 0
694 277 0
697 259 0
696 252 0
687 256 0
668 271 0
657 294 0
652 313 0
653 332 0
660 347 0
672 356 0
685 364 0
690 368 1
785 340 0
779 340 0
771 340 0
760 341 0
751 346 0
740 355 0
735 362 0
736 367 0
740 368 0
747 365 0
762 356 0
781 333 0
796 308 0
805 280 0
810 257 0
813 248 0
810 257 0
802 290 0
794 321 0
793 348 0
793 356 0
798 364 0
800 367 1
