from
398 342 0
402 344 0
425 309 0
436 281 0
439 265 0
439 255 0
438 248 0
437 243 0
432 245 0
423 258 0
409 280 0
400 306 0
394 340 0
392 377 0
394 402 0
397 418 0
400 428 0
401 432 0
403 435 0
404 421 0
405 399 0
408 380 0
413 371 0
419 365 0
422 362 0
430 358 0
445 356 0
455 357 0
460 360 0
463 366 0
464 373 0
465 378 0
465 380 0
466 367 0
465 357 0
467 349 0
471 343 0
478 339 0
487 338 0
501 338 0
514 338 0
523 338 0
529 338 0
533 338 0
537 338 0
536 343 0
534 353 0
534 364 0
536 368 0
541 371 0
548 370 0
550 368 0
553 362 0
550 355 0
546 349 0
543 346 0
549 344 0
559 342 0
584 334 0
593 331 0
597 332 0
603 338 0
605 343 0
608 350 0
610 356 0
612 362 0
615 362 0
622 358 0
630 354 0
636 350 0
642 349 0
646 350 0
649 351 0
651 352 0
654 356 0
658 359 0
664 360 0
673 359 0
687 353 0
699 348 0
706 346 0
712 346 0
715 347 0
717 352 0
722 356 1
