ons
453 319 0
444 320 0
434 324 0
420 335 0
410 348 0
409 357 0
413 365 0
422 369 0
438 370 0
449 366 0
458 361 0
461 355 0
461 347 0
455 336 0
452 331 0
449 326 0
456 325 0
466 324 0
477 322 0
485 322 0
493 323 0
498 326 0
502 331 0
505 336 0
508 342 0
509 346 0
513 350 0
519 351 0
527 349 0
544 341 0
554 336 0
557 336 0
560 339 0
565 343 0
571 348 0
580 355 0
583 357 0
587 358 1
682 294 0
664 304 0
652 311 0
644 318 0
640 324 0
641 328 0
645 333 0
652 339 0
657 343 0
661 347 0
656 353 0
648 358 0
638 362 0
617 370 1
