being
348 246 0
348 259 0
347 290 0
345 339 0
344 360 0
344 369 0
345 374 0
350 372 0
361 360 0
375 352 0
389 348 0
404 347 0
410 350 0
411 359 0
404 376 0
392 392 0
385 398 0
359 409 0
344 406 0
326 404 1
453 355 0
454 359 0
457 360 0
460 358 0
464 347 0
462 341 0
459 337 0
455 337 0
449 342 0
437 361 0
432 375 0
433 381 0
447 384 0
470 379 0
494 365 0
506 353 0
513 345 0
517 341 0
521 339 0
524 349 0
526 357 0
528 366 0
530 373 0
532 377 0
536 381 0
543 379 0
551 374 0
560 368 0
568 361 0
573 359 0
577 357 0
579 359 0
580 368 0
582 373 0
584 376 0
594 375 0
610 370 0
621 367 0
628 366 0
631 366 0
636 367 0
638 369 0
642 372 0
648 374 1
736 340 0
732 340 0
724 341 0
712 347 0
704 353 0
700 360 0
698 369 0
703 371 0
710 370 0
720 366 0
728 361 0
734 358 0
739 355 0
742 354 0
744 354 0
746 359 0
748 374 0
747 406 0
745 434 0
737 453 0
729 465 0
720 469 0
710 468 0
705 462 0
708 448 0
726 422 0
742 403 0
751 392 1
555 239 0
550 244 0
544 254 1
