might
308 320 0
310 323 0
311 329 0
310 348 0
309 373 0
307 386 0
307 394 0
307 397 0
307 401 0
311 395 0
324 368 0
334 348 0
343 339 0
350 336 0
357 338 0
362 345 0
364 355 0
365 367 0
365 374 0
372 372 0
384 362 0
391 357 0
397 355 0
401 356 0
404 359 0
406 365 0
408 373 0
411 379 0
417 382 0
427 382 0
440 375 0
455 365 0
465 358 0
468 354 0
470 354 0
473 352 0
476 355 0
478 361 0
482 367 0
485 371 0
490 374 1
576 337 0
566 339 0
554 346 0
546 354 0
540 362 0
540 366 0
540 370 0
546 368 0
555 364 0
563 357 0
571 350 0
575 347 0
577 346 0
580 348 0
584 371 0
582 427 0
580 448 0
576 459 0
570 468 0
563 472 0
556 470 0
552 461 0
557 442 0
570 415 0
590 391 0
615 362 0
643 328 0
655 308 0
665 281 0
667 257 0
666 246 0
666 244 0
663 244 0
656 260 0
644 290 0
638 320 0
635 345 0
636 358 0
639 365 0
642 368 0
650 366 0
657 364 0
663 363 0
669 364 0
672 367 0
682 377 0
689 379 0
698 376 0
710 364 0
721 340 0
729 308 0
739 264 0
742 250 0
742 248 0
744 260 0
741 294 0
738 324 0
735 350 0
735 368 0
735 375 0
735 378 0
732 361 0
733 353 0
736 346 0
739 343 0
746 339 1
475 272 0
475 277 1
