orders
418 302 0
411 303 0
402 304 0
385 311 0
371 321 0
361 336 0
357 344 0
359 354 0
370 363 0
390 364 0
411 352 0
418 343 0
422 331 0
424 316 0
424 309 0
424 305 0
430 311 0
442 313 0
456 314 0
468 315 0
478 317 0
483 317 0
487 321 0
492 328 0
495 334 0
497 338 0
500 343 0
501 345 0
504 348 0
504 353 0
504 355 0
502 345 0
501 336 0
501 329 0
501 324 0
503 321 0
514 317 0
528 309 0
542 301 0
549 297 1
636 317 0
629 315 0
624 313 0
613 310 0
602 308 0
593 310 0
586 315 0
578 322 0
572 334 0
570 342 0
573 348 0
581 352 0
594 352 0
611 343 0
632 324 0
646 302 0
657 275 0
663 255 0
665 246 0
667 236 0
668 233 0
665 245 0
659 269 0
655 295 0
653 312 0
654 325 0
659 335 0
665 341 0
677 345 0
692 339 0
711 325 0
720 313 0
725 299 0
726 291 0
719 292 0
711 299 0
701 315 0
696 331 0
697 336 0
703 343 0
718 346 0
736 345 0
742 344 0
751 344 0
762 344 0
769 344 0
773 346 0
776 348 0
775 339 0
774 332 0
774 328 0
775 323 0
782 317 0
789 312 1
865 286 0
856 290 0
844 295 0
835 298 0
829 304 0
840 312 0
847 318 0
849 324 0
847 328 0
843 334 0
830 342 0
828 344 0
813 350 1
