below
281 245 0
281 253 0
280 265 0
277 290 0
275 308 0
275 319 0
276 326 0
276 329 0
278 333 0
286 327 0
304 319 0
323 316 0
333 316 0
344 320 0
348 326 0
348 335 0
341 353 0
327 372 0
320 381 0
317 381 0
306 380 0
300 376 1
377 349 0
380 352 0
387 350 0
395 344 0
403 338 0
408 332 0
410 329 0
411 323 0
410 320 0
406 320 0
393 333 0
390 337 0
387 345 0
389 358 0
396 362 0
407 362 0
431 348 0
452 330 0
469 305 0
480 278 0
481 260 0
480 252 0
479 248 0
476 248 0
471 253 0
457 277 0
446 301 0
440 325 0
440 341 0
445 352 0
454 358 0
467 360 0
483 360 0
493 360 1
541 320 0
531 330 0
524 341 0
523 348 0
525 354 0
528 356 0
534 355 0
541 351 0
547 343 0
550 335 0
548 326 0
543 319 0
538 316 0
534 315 0
529 315 0
527 317 0
529 320 0
546 320 0
564 318 0
577 315 0
586 314 0
589 313 0
594 313 0
594 325 0
594 333 0
597 341 0
602 345 0
608 348 0
616 348 0
623 345 0
630 342 0
634 340 0
636 339 0
641 344 0
644 348 0
651 350 0
660 351 0
668 348 0
672 344 0
676 339 0
677 333 0
677 328 0
676 325 0
682 323 1
