there
395 237 0
396 244 0
396 255 0
392 281 0
389 306 0
389 329 0
392 347 0
397 362 0
406 371 0
417 377 0
433 379 0
445 376 1
376 330 0
376 334 0
404 326 0
420 322 0
436 317 1
475 250 0
473 254 0
470 264 0
468 277 0
466 294 0
466 318 0
466 336 0
468 348 0
470 358 0
474 362 0
476 364 0
484 359 0
494 353 0
502 349 0
504 347 0
507 347 0
513 350 0
520 356 0
533 362 0
549 365 0
564 360 0
578 351 0
587 339 0
589 332 0
588 326 0
585 322 0
582 321 0
576 326 0
570 337 0
568 350 0
568 359 0
570 365 0
578 365 0
589 361 0
600 354 0
610 350 0
618 350 0
624 353 0
629 357 0
633 362 0
635 366 0
639 362 0
641 351 0
642 342 0
643 339 0
648 338 0
656 338 0
668 338 0
681 335 0
693 329 0
697 327 0
700 323 0
698 320 0
695 317 0
689 319 0
683 328 0
679 345 0
679 364 0
686 374 0
700 378 0
724 374 0
743 370 1
