suffer
386 317 0
375 319 0
361 327 0
346 338 0
341 345 0
342 349 0
348 353 0
362 361 0
375 369 0
382 375 0
386 384 0
383 388 0
375 394 0
366 397 0
362 397 1
427 335 0
426 342 0
424 351 0
422 365 0
423 377 0
425 382 0
430 385 0
436 381 0
441 377 0
444 373 0
447 370 0
449 368 0
451 366 0
454 367 0
461 377 0
470 379 0
485 376 0
509 367 0
524 357 0
538 338 0
549 314 0
554 285 0
557 268 0
557 263 0
548 278 0
539 304 0
534 330 0
531 354 0
530 371 0
530 385 0
530 394 0
530 401 0
530 405 0
530 397 0
530 394 0
530 388 0
531 384 0
543 376 0
558 365 0
577 347 0
595 330 0
606 311 0
615 274 0
616 267 0
608 266 0
604 272 0
598 289 0
590 319 0
586 344 0
584 367 0
583 378 0
583 390 0
583 399 0
583 405 0
583 409 0
583 403 0
583 390 0
583 383 0
587 376 0
592 374 0
596 372 0
607 371 0
630 364 0
644 358 0
650 354 0
655 345 0
654 341 0
653 338 0
649 340 0
644 343 0
638 351 0
634 363 0
632 372 0
636 378 0
643 381 0
656 381 0
673 380 0
686 380 0
694 380 0
698 380 0
700 381 0
703 382 0
705 382 0
708 373 0
709 354 0
710 346 0
711 342 0
715 340 0
720 339 1
