and
459 303 0
451 302 0
443 301 0
420 301 0
390 314 0
369 333 0
355 356 0
353 371 0
356 377 0
365 381 0
383 378 0
403 368 0
418 356 0
430 341 0
440 327 0
447 318 0
450 314 0
452 312 0
453 321 0
453 337 0
453 349 0
455 357 0
459 361 0
466 360 0
478 354 0
492 345 0
507 327 0
514 319 0
520 315 0
522 317 0
524 324 0
526 332 0
529 340 0
534 343 0
544 341 0
555 335 0
566 329 0
572 326 0
576 324 0
578 325 0
580 329 0
584 339 0
589 344 0
595 346 0
601 345 1
702 306 0
694 306 0
686 306 0
670 308 0
658 315 0
647 327 0
643 337 0
644 344 0
646 348 0
652 348 0
661 346 0
673 334 0
690 310 0
701 280 0
709 253 0
713 234 0
716 227 0
717 236 0
715 265 0
712 290 0
712 309 0
722 331 0
735 336 0
751 338 0
768 338 1
