what
346 357 0
349 367 0
352 377 0
359 385 0
365 389 0
372 388 0
382 383 0
390 378 0
398 379 0
403 382 0
409 384 0
413 386 0
417 387 0
420 386 0
423 384 0
427 381 0
428 374 0
428 368 0
428 362 0
428 358 0
429 355 0
432 353 0
436 354 0
443 351 1
468 284 0
468 288 0
470 303 0
471 322 0
472 345 0
474 361 0
474 371 0
475 375 0
476 379 0
482 375 0
485 373 0
488 371 0
491 370 0
494 371 0
500 374 0
504 375 0
507 375 1
575 352 0
567 349 0
561 348 0
553 347 0
548 350 0
543 355 0
541 364 0
541 371 0
543 375 0
547 379 0
553 376 0
560 371 0
566 365 0
569 363 0
572 360 0
574 362 0
581 375 0
587 379 0
590 380 1
628 263 0
629 267 0
630 273 0
632 290 0
634 319 0
638 347 0
638 364 0
638 369 0
638 372 0
635 368 0
629 360 0
626 354 0
625 351 0
628 349 0
634 349 1
