part
418 314 0
418 330 0
417 369 0
417 401 0
417 428 0
416 445 0
414 451 0
411 452 0
407 427 0
405 376 0
411 351 0
418 336 0
430 323 0
443 314 0
455 313 0
462 316 0
464 324 0
462 341 0
455 360 0
448 370 0
441 374 0
438 374 1
564 333 0
561 333 0
551 331 0
521 325 0
505 325 0
495 330 0
486 338 0
479 348 0
480 356 0
483 360 0
492 362 0
502 360 0
513 356 0
520 349 0
524 342 0
526 339 0
528 335 0
531 335 0
535 342 0
536 344 0
540 347 0
544 350 0
550 351 0
558 352 0
564 354 0
568 354 0
571 356 0
575 360 0
578 364 0
582 367 0
584 369 0
588 369 0
589 364 0
590 344 0
590 334 0
590 329 0
590 326 0
593 325 0
599 324 0
606 323 1
660 213 0
659 221 0
656 245 0
653 278 0
652 312 0
651 342 0
651 368 0
651 379 0
651 383 0
650 377 0
646 368 0
644 361 0
642 355 0
643 351 0
647 348 0
658 344 0
674 338 0
683 334 1
