there
441 259 0
441 263 0
440 270 0
434 289 0
427 318 0
421 349 0
420 381 0
429 402 0
441 414 0
458 416 0
480 413 0
498 410 1
406 353 0
411 357 0
424 358 0
450 355 0
466 353 0
475 352 1
509 289 0
509 293 0
506 302 0
504 319 0
500 346 0
499 370 0
500 380 0
500 388 0
500 392 0
502 396 0
506 394 0
515 390 0
524 387 0
531 386 0
537 387 0
541 388 0
547 391 0
553 396 0
563 402 0
580 405 0
592 402 0
613 393 0
626 383 0
630 376 0
631 367 0
630 362 0
626 362 0
617 370 0
608 383 0
608 392 0
609 399 0
616 403 0
627 403 0
641 401 0
655 399 0
664 399 0
670 400 0
673 403 0
675 407 0
679 411 0
681 403 0
684 392 0
686 377 0
688 371 0
697 367 0
705 368 0
718 371 0
734 374 0
747 373 0
755 368 0
760 364 0
762 358 0
760 353 0
756 352 0
750 353 0
741 362 0
735 376 0
735 392 0
740 404 0
751 408 0
762 409 0
780 410 1
