else
376 339 0
385 344 0
395 343 0
410 339 0
423 332 0
430 326 0
433 320 0
434 315 0
431 310 0
427 308 0
421 311 0
413 318 0
402 338 0
398 362 0
400 373 0
407 379 0
419 379 0
443 369 0
468 349 0
494 305 0
512 252 0
514 246 0
514 242 0
513 237 0
500 259 0
488 286 0
479 313 0
477 338 0
481 350 0
489 358 0
496 359 1
572 297 0
562 305 0
550 314 0
544 323 0
543 328 0
546 334 0
556 341 0
564 345 0
568 347 0
571 349 0
571 352 1
587 353 0
594 353 0
601 353 0
611 352 0
623 348 0
631 344 0
637 339 0
641 332 0
642 324 0
642 318 0
640 314 0
636 315 0
628 320 0
613 335 0
607 349 0
620 359 0
651 362 0
675 362 0
689 362 1
