know
344 238 0
346 244 0
347 264 0
352 297 0
357 346 0
359 372 0
357 397 0
356 410 0
355 417 0
355 420 1
418 330 0
417 333 0
399 347 0
372 368 0
361 377 0
356 383 0
353 389 0
357 395 0
368 400 0
390 401 0
412 394 0
435 381 0
449 368 0
454 363 0
458 358 0
460 357 0
460 365 0
461 373 0
461 381 0
463 386 0
466 389 0
473 387 0
479 384 0
484 381 0
487 380 0
489 379 0
492 381 0
495 384 0
501 390 1
566 357 0
562 358 0
556 363 0
547 373 0
540 387 0
541 397 0
546 402 0
557 402 0
571 398 0
581 391 0
587 382 0
589 371 0
586 361 0
573 352 0
566 350 0
563 351 0
561 352 0
568 355 0
581 354 0
606 350 0
617 347 0
624 346 0
630 347 0
634 349 0
636 352 0
636 358 0
636 367 0
636 379 0
638 385 0
640 389 0
650 389 0
659 384 0
670 374 0
678 366 0
681 364 0
684 364 0
687 370 0
691 376 0
697 382 0
708 385 0
719 386 0
728 383 0
735 379 0
739 375 0
741 373 0
744 368 0
744 364 0
744 361 0
747 358 0
752 355 1
