not
432 327 0
436 328 0
438 332 0
439 342 0
438 365 0
438 384 0
439 397 0
441 404 0
445 407 0
451 403 0
471 386 0
487 369 0
496 363 0
500 361 0
505 361 0
506 370 0
507 378 0
509 382 0
515 387 1
592 357 0
587 357 0
583 358 0
578 362 0
571 370 0
567 379 0
568 385 0
573 389 0
582 390 0
593 386 0
603 374 0
608 364 0
607 357 0
605 352 0
602 351 0
598 349 0
602 350 0
624 349 0
642 342 0
653 337 0
667 327 1
685 240 0
685 248 0
685 271 0
683 319 0
680 350 0
675 373 0
671 397 0
669 407 0
670 410 0
665 399 0
658 371 0
658 367 0
658 364 0
666 361 0
678 358 0
701 349 0
711 345 0
724 338 1
