constant
375 327 0
360 333 0
348 340 0
337 348 0
331 357 0
330 366 0
332 372 0
339 378 0
355 382 0
376 383 0
391 383 0
402 383 1
457 340 0
452 341 0
445 343 0
437 347 0
430 355 0
426 365 0
426 373 0
430 378 0
438 381 0
451 379 0
464 369 0
470 360 0
473 354 0
472 349 0
467 344 0
463 342 0
460 341 0
457 341 0
466 338 0
476 335 0
484 333 0
490 334 0
496 336 0
501 342 0
505 350 0
508 361 0
510 366 0
515 368 0
520 366 0
528 362 0
539 356 0
548 353 0
555 353 0
558 354 0
561 356 0
566 360 0
572 365 1
616 308 0
610 315 0
607 320 0
605 326 0
606 332 0
608 338 0
612 342 0
621 350 0
628 356 0
632 361 0
633 366 0
632 371 0
627 375 0
618 377 0
608 374 1
658 248 0
659 253 0
659 266 0
658 294 0
659 322 0
659 347 0
660 367 0
660 370 0
660 374 0
660 376 0
658 370 0
657 364 0
656 357 0
656 352 0
665 341 0
670 337 1
735 333 0
732 333 0
727 332 0
719 336 0
710 341 0
702 350 0
697 361 0
696 368 0
696 372 0
700 374 0
707 367 0
713 358 0
718 352 0
720 348 0
723 346 0
727 351 0
732 359 0
738 361 0
746 360 0
751 357 0
756 355 0
760 352 0
764 351 0
767 350 0
771 350 0
776 355 0
781 361 0
786 364 0
791 362 0
801 356 0
812 350 0
820 346 0
826 346 0
829 348 0
831 351 0
836 355 0
840 357 1
878 242 0
878 246 0
878 251 0
878 265 0
877 294 0
877 321 0
876 343 0
876 355 0
877 362 0
877 366 0
877 369 0
875 357 0
872 343 0
870 335 0
870 333 0
872 330 0
879 326 0
889 319 0
904 308 1
