twelve
361 256 0
361 261 0
359 272 0
355 295 0
352 322 0
350 349 0
351 371 0
354 379 0
360 386 0
372 388 0
396 384 0
414 380 0
416 379 1
340 358 0
356 359 0
372 357 0
398 348 0
406 345 0
410 344 0
414 344 0
416 357 0
417 365 0
420 372 0
423 375 0
428 373 0
434 369 0
440 364 0
446 360 0
448 362 0
452 366 0
457 368 0
464 368 0
468 367 0
472 365 0
477 360 0
481 353 0
484 347 0
484 341 0
483 338 1
509 339 0
510 343 0
513 344 0
520 342 0
523 340 0
525 338 0
527 335 0
524 332 0
521 331 0
518 333 0
513 346 0
515 360 0
522 366 0
553 355 0
593 321 0
603 304 0
609 277 0
609 259 0
608 253 0
601 250 0
593 253 0
583 266 0
568 288 0
563 309 0
560 336 0
564 354 0
569 363 0
578 368 0
589 368 0
603 366 0
609 365 1
622 333 0
623 336 0
627 343 0
630 349 0
634 353 0
638 355 0
642 349 0
651 335 0
656 327 0
664 312 1
677 342 0
679 347 0
683 347 0
689 344 0
697 337 0
701 333 0
703 328 0
702 324 0
697 322 0
692 325 0
686 332 0
680 344 0
680 357 0
685 366 0
697 369 0
714 371 0
732 372 1
