have
340 250 0
341 253 0
342 262 0
341 295 0
340 340 0
340 357 0
342 365 0
345 372 0
349 375 0
358 372 0
377 361 0
394 351 0
402 347 0
406 346 0
408 348 0
410 351 0
411 356 0
414 362 0
419 366 0
423 368 1
527 333 0
522 333 0
518 333 0
506 332 0
484 335 0
472 342 0
466 349 0
464 356 0
464 359 0
473 363 0
481 362 0
493 357 0
505 348 0
513 340 0
519 335 0
522 331 0
526 332 0
528 338 0
530 345 0
535 352 0
536 354 1
573 329 0
574 333 0
576 340 0
580 351 0
586 360 0
593 365 0
605 363 0
618 352 0
633 332 0
642 321 0
648 317 1
681 357 0
688 354 0
691 340 0
688 330 0
685 326 0
679 322 0
676 325 0
672 334 0
671 344 0
676 355 0
687 364 0
709 369 0
732 369 0
751 369 1
