honor
318 258 0
319 265 0
319 294 0
320 326 0
320 357 0
321 375 0
321 382 0
321 385 0
323 390 0
335 377 0
355 356 0
367 347 0
372 346 0
378 348 0
383 354 0
388 368 0
392 376 0
395 383 0
398 388 0
400 390 1
443 348 0
439 351 0
433 357 0
431 366 0
432 375 0
438 382 0
448 384 0
460 383 0
470 377 0
476 368 0
475 361 0
471 355 0
465 350 0
460 346 0
457 344 0
454 342 0
461 341 0
478 340 0
493 339 0
501 338 0
511 338 0
518 341 0
523 347 0
526 356 0
528 365 0
529 371 0
532 374 0
537 374 0
547 370 0
557 365 0
566 361 0
572 359 0
576 359 0
581 360 0
584 364 0
585 372 0
586 379 0
587 382 1
674 337 0
669 339 0
660 340 0
649 343 0
638 349 0
631 358 0
628 368 0
631 375 0
639 379 0
653 379 0
668 374 0
675 368 0
679 360 0
680 352 0
677 346 0
673 343 0
669 342 0
665 341 0
676 346 0
692 347 0
713 349 0
724 350 0
732 353 0
734 355 0
739 366 0
741 373 0
741 377 0
742 380 0
742 369 0
742 361 0
743 354 0
745 349 0
749 346 0
755 344 0
759 342 1
