laid
430 361 0
440 351 0
448 335 0
457 313 0
463 296 0
465 274 0
463 259 0
461 253 0
455 253 0
449 262 0
438 290 0
431 321 0
427 350 0
429 372 0
433 382 0
441 387 0
449 387 1
516 340 0
512 339 0
508 338 0
502 337 0
497 338 0
495 340 0
485 353 0
479 368 0
478 376 0
480 379 0
485 379 0
493 375 0
505 367 0
516 357 0
520 353 0
523 350 0
525 348 0
528 347 0
529 355 0
529 363 0
530 367 0
534 372 0
542 369 0
552 362 0
563 352 0
571 344 0
575 341 0
579 347 0
582 355 0
586 361 0
588 364 0
591 365 1
683 335 0
671 335 0
658 336 0
646 339 0
634 348 0
625 361 0
623 371 0
623 378 0
631 377 0
656 352 0
679 318 0
682 305 0
684 288 0
685 277 0
685 272 0
685 281 0
684 297 0
683 325 0
682 348 0
684 361 0
689 367 0
695 368 1
565 258 0
564 262 0
563 267 1
