and
456 312 0
450 307 0
439 307 0
425 309 0
405 325 0
392 345 0
387 361 0
390 367 0
408 367 0
427 354 0
441 339 0
449 330 0
455 321 0
457 318 0
459 313 0
458 331 0
459 340 0
465 345 0
477 346 0
493 341 0
513 329 0
520 324 0
525 320 0
527 318 0
529 318 0
532 326 0
535 334 0
536 339 0
541 343 0
547 341 0
554 338 0
563 332 0
570 328 0
574 327 0
578 328 0
581 331 0
584 335 0
589 339 0
600 344 0
611 344 0
631 344 1
701 313 0
697 313 0
686 313 0
672 314 0
662 316 0
656 321 0
651 329 0
647 339 0
648 348 0
650 352 0
660 350 0
673 341 0
691 323 0
701 303 0
711 274 0
719 254 0
721 247 0
723 242 0
724 240 0
720 259 0
715 285 0
713 310 0
709 334 0
710 346 0
711 350 0
716 355 0
719 357 1
