can
516 298 0
505 299 0
484 304 0
466 316 0
455 325 0
442 346 0
442 356 0
446 364 0
457 369 0
483 368 0
502 363 0
517 358 0
521 357 1
607 321 0
597 321 0
588 321 0
579 322 0
564 325 0
553 330 0
548 335 0
542 345 0
540 356 0
544 364 0
551 365 0
562 362 0
573 356 0
584 347 0
590 341 0
592 338 0
596 334 0
598 332 0
599 341 0
601 346 0
603 350 0
608 354 0
610 353 0
621 353 0
634 346 0
642 342 0
646 339 0
649 338 0
651 340 0
655 345 0
658 349 0
666 352 0
675 352 0
687 351 0
696 348 0
703 346 0
710 346 0
715 349 0
719 351 0
728 353 0
749 351 0
764 348 0
780 344 1
