kettles
239 222 0
239 225 0
239 228 0
238 242 0
235 272 0
232 304 0
229 338 0
228 363 0
228 386 0
229 403 0
229 406 1
276 303 0
269 309 0
260 317 0
248 326 0
241 334 0
238 342 0
236 351 0
240 362 0
250 369 0
264 374 0
281 377 0
298 378 0
315 373 0
328 364 0
338 351 0
341 341 0
339 333 0
328 331 0
321 336 0
315 346 0
312 360 0
312 370 0
317 377 0
327 380 0
340 379 0
358 376 0
361 376 1
395 248 0
395 251 0
395 254 0
396 260 0
396 263 0
399 291 0
400 328 0
401 344 0
400 357 0
400 365 0
400 371 0
395 367 0
392 360 0
390 354 0
388 351 0
388 347 0
392 346 0
400 342 0
412 334 0
428 324 1
452 247 0
450 255 0
449 264 0
446 289 0
446 306 0
446 324 0
449 341 0
451 350 0
452 355 0
453 359 0
453 363 0
454 365 0
452 361 0
450 355 0
448 348 0
447 344 0
449 341 0
456 342 0
467 340 0
491 326 0
511 304 0
521 282 0
525 264 0
527 257 0
525 253 0
522 252 0
520 251 0
508 270 0
497 297 0
494 320 0
495 334 0
501 344 0
511 350 0
523 350 0
538 340 0
552 326 0
558 315 0
559 308 0
550 315 0
545 327 0
540 341 0
541 348 0
548 352 1
650 293 0
640 298 0
626 305 0
614 311 0
608 315 0
604 322 0
606 325 0
611 329 0
618 334 0
622 340 0
625 344 0
623 348 0
617 354 0
603 360 0
594 363 0
570 369 1
