also
421 355 0
420 347 0
416 342 0
411 337 0
402 333 0
390 330 0
377 333 0
359 347 0
349 365 0
346 375 0
346 382 0
353 384 0
366 381 0
385 370 0
398 360 0
404 353 0
408 349 0
412 348 0
414 359 0
419 369 0
428 372 0
442 368 0
464 353 0
484 333 0
502 306 0
521 262 0
526 251 0
528 245 0
521 250 0
505 268 0
487 293 0
474 319 0
466 345 0
467 364 0
473 372 0
486 377 0
504 382 0
508 383 1
566 330 0
564 333 0
560 338 0
559 343 0
559 348 0
559 354 0
559 360 0
558 366 0
557 369 0
553 374 0
548 377 0
546 377 1
651 338 0
640 340 0
630 343 0
621 347 0
613 354 0
610 362 0
610 369 0
616 373 0
627 376 0
642 373 0
653 366 0
657 361 0
660 358 0
657 351 0
654 345 0
651 342 0
650 340 0
667 336 0
684 331 0
692 329 1
