men
339 313 0
340 317 0
342 328 0
342 348 0
343 369 0
345 379 0
344 384 0
346 389 0
352 376 0
364 349 0
372 334 0
374 330 0
379 326 0
383 327 0
387 335 0
391 346 0
395 360 0
400 362 0
409 359 0
419 354 0
425 351 0
432 350 0
437 350 0
441 352 0
445 356 0
448 362 0
453 370 0
459 377 0
469 383 0
481 386 0
498 382 0
512 375 0
520 367 0
524 358 0
524 347 0
519 334 0
516 328 0
510 327 0
506 330 0
499 341 0
493 357 0
492 370 0
498 378 0
522 379 0
543 370 0
551 363 0
558 354 0
562 349 0
565 346 0
568 345 0
570 354 0
573 362 0
576 367 0
581 369 0
588 367 0
597 361 0
605 358 0
611 357 0
615 357 0
619 359 0
626 362 0
634 365 1
