carolina
378 313 0
369 314 0
356 318 0
341 327 0
323 346 0
313 363 0
311 373 0
313 380 0
324 386 0
348 388 0
372 389 0
375 389 1
461 322 0
455 322 0
447 324 0
430 328 0
414 340 0
399 365 0
396 377 0
400 380 0
407 382 0
422 376 0
441 363 0
447 353 0
450 347 0
453 342 0
455 341 0
455 345 0
455 355 0
458 366 0
464 371 0
472 372 0
483 370 0
499 367 0
510 367 0
516 368 0
519 369 0
523 371 0
524 375 0
521 362 0
521 354 0
521 347 0
521 343 0
524 337 0
529 333 0
539 330 0
550 331 0
559 332 0
567 334 0
576 337 0
579 337 0
584 339 0
585 342 0
582 346 0
580 352 0
582 362 0
587 368 0
595 371 0
606 370 0
615 365 0
618 363 0
618 359 0
615 349 0
605 336 0
601 332 0
596 327 0
606 330 0
626 328 0
648 321 0
666 314 0
675 306 0
684 291 0
691 264 0
696 241 0
697 229 0
697 225 0
696 223 0
685 237 0
669 264 0
651 308 0
650 326 0
650 343 0
653 358 0
662 365 0
675 362 0
691 354 0
706 339 0
712 331 0
717 326 0
720 333 0
720 341 0
722 347 0
723 351 0
731 352 0
742 349 0
752 342 0
763 333 0
769 329 0
773 328 0
775 332 0
776 338 0
779 344 0
783 349 0
788 352 0
792 352 0
800 352 0
808 350 0
818 351 0
824 354 0
830 356 0
836 358 0
840 360 1
926 338 0
918 337 0
910 335 0
901 334 0
894 335 0
886 340 0
875 354 0
870 364 0
869 368 0
876 370 0
879 370 0
892 365 0
916 349 0
929 338 0
933 336 0
936 334 0
937 339 0
938 349 0
938 361 0
943 367 0
948 369 1
760 245 0
758 249 0
752 257 0
748 264 1
