hundred
329 255 0
328 259 0
327 262 0
327 268 0
327 281 0
327 299 0
327 325 0
327 347 0
327 362 0
327 370 0
327 373 0
327 378 0
334 371 0
347 353 0
358 342 0
363 339 0
367 339 0
371 346 0
376 361 0
382 376 0
385 380 0
392 379 0
402 370 0
412 357 0
418 349 0
421 346 0
425 342 0
427 343 0
429 349 0
432 356 0
434 364 0
436 368 0
439 369 0
442 370 0
447 366 0
453 362 0
458 356 0
462 352 0
465 349 0
467 349 0
470 350 0
474 354 0
476 358 0
479 361 0
483 361 0
488 357 0
497 350 0
504 346 0
508 343 0
513 343 0
516 347 0
520 352 0
524 357 0
528 359 0
536 355 0
543 351 0
547 350 0
552 349 0
556 350 0
559 351 0
563 354 0
569 356 1
618 341 0
615 341 0
608 341 0
602 342 0
596 345 0
589 352 0
585 362 0
585 370 0
586 374 0
591 376 0
605 364 0
621 343 0
628 325 0
630 313 0
631 298 0
631 289 0
632 286 0
634 294 0
637 319 0
640 343 0
642 354 0
644 360 0
647 363 0
654 361 0
662 360 0
670 359 0
674 359 0
677 360 0
679 364 0
681 368 0
682 371 0
685 370 0
687 363 0
690 356 0
694 349 0
702 345 0
709 343 0
721 343 0
744 343 0
753 343 0
759 339 0
759 334 0
758 331 0
753 329 0
749 335 0
745 342 0
742 353 0
742 362 0
747 367 0
757 368 0
770 367 0
789 365 1
854 344 0
850 343 0
833 342 0
816 342 0
809 346 0
804 353 0
800 361 0
800 371 0
803 374 0
810 374 0
825 364 0
845 342 0
860 317 0
867 293 0
870 277 0
871 273 0
871 269 0
865 290 0
857 320 0
853 349 0
856 361 0
863 366 0
873 368 0
892 370 0
896 370 1
