am
423 332 0
418 328 0
412 325 0
406 323 0
398 323 0
386 335 0
373 355 0
369 370 0
370 377 0
374 381 0
380 384 0
390 383 0
401 378 0
413 368 0
425 357 0
431 349 0
434 344 0
437 341 0
439 340 0
439 344 0
439 349 0
440 359 0
442 366 0
448 370 0
459 369 0
475 361 0
487 350 0
494 344 0
498 340 0
504 335 0
506 339 0
507 342 0
510 347 0
513 353 0
515 357 0
518 362 0
519 365 0
525 361 0
531 354 0
539 346 0
545 343 0
549 342 0
552 346 0
554 351 0
556 355 0
560 355 0
567 353 0
580 346 0
591 342 0
596 341 0
604 342 0
612 347 0
617 351 0
624 356 1
