money
264 288 0
265 292 0
267 300 0
267 304 0
269 332 0
270 355 0
270 364 0
270 367 0
271 370 0
281 349 0
289 338 0
294 332 0
296 329 0
302 325 0
306 327 0
309 332 0
314 337 0
318 339 0
324 341 0
328 338 0
338 333 0
346 329 0
352 327 0
355 327 0
361 330 0
365 333 0
369 338 1
436 300 0
425 303 0
416 307 0
407 317 0
402 333 0
406 348 0
416 358 0
434 358 0
452 353 0
466 347 0
472 340 0
474 331 0
472 323 0
468 317 0
465 312 0
461 308 0
459 305 0
463 305 0
468 304 0
474 303 0
480 303 0
485 304 0
488 306 0
491 309 0
498 322 0
501 328 0
504 333 0
507 336 0
510 339 0
514 338 0
520 332 0
529 326 0
538 321 0
542 320 0
548 320 0
553 321 0
556 323 0
560 326 0
567 330 0
585 334 0
601 335 0
611 331 0
618 327 0
624 319 0
625 316 0
622 314 0
619 312 0
616 313 0
613 315 0
612 318 0
613 334 0
618 340 0
627 343 0
638 343 0
649 339 0
655 335 0
660 332 0
663 329 0
666 327 0
668 328 0
673 332 0
684 336 0
697 334 0
709 330 0
718 325 0
723 322 0
726 321 0
729 321 0
735 338 0
739 362 0
741 386 0
735 401 0
720 415 0
709 422 0
697 422 0
687 417 0
682 410 0
681 402 0
690 391 0
724 364 0
739 352 1
