often
438 342 0
433 340 0
424 338 0
414 339 0
402 350 0
393 368 0
391 381 0
395 388 0
406 390 0
424 385 0
447 368 0
455 354 0
457 346 0
457 338 0
456 334 0
455 331 0
452 337 0
453 341 0
460 343 0
477 339 0
498 329 0
504 324 0
525 296 0
543 254 0
547 243 0
548 241 0
539 251 0
528 283 0
521 313 0
517 343 0
513 374 0
507 416 0
505 426 0
503 436 0
502 442 0
501 444 0
499 428 0
498 405 0
498 399 0
498 395 0
503 390 0
511 387 0
520 383 0
541 369 0
562 345 0
583 304 0
585 289 0
588 275 0
590 267 0
592 262 0
593 271 0
592 291 0
589 322 0
587 341 0
585 357 0
584 365 0
583 369 0
582 372 0
583 374 0
583 378 0
583 381 0
583 384 0
579 374 0
578 364 0
577 357 0
577 354 0
581 353 0
590 353 0
605 353 0
621 354 0
634 353 0
641 351 0
649 347 0
653 340 0
654 333 0
652 325 0
648 319 0
644 317 0
637 320 0
629 330 0
624 345 0
625 359 0
630 366 0
634 370 0
638 371 0
657 368 0
674 360 0
680 354 0
684 349 0
686 343 0
688 339 0
690 336 0
693 341 0
696 349 0
700 356 0
705 362 0
710 366 0
713 369 0
721 363 0
731 356 0
739 349 0
743 348 0
748 350 0
751 354 0
753 360 0
759 365 0
766 366 1
