treasurer
267 257 0
270 261 0
271 264 0
272 267 0
270 279 0
264 307 0
256 334 0
253 382 0
259 410 0
265 417 0
281 416 0
294 414 0
310 412 1
233 371 0
238 374 0
254 373 0
284 367 0
307 363 0
321 364 0
328 367 0
335 374 0
339 381 0
341 392 0
342 401 0
342 406 0
342 409 0
341 392 0
343 377 0
345 369 0
347 366 0
355 365 0
361 367 0
367 370 0
374 371 0
381 371 1
401 362 0
402 365 0
404 368 0
408 372 0
421 376 0
431 376 0
435 375 0
438 372 0
440 366 0
437 359 0
432 353 0
421 351 0
407 355 0
396 365 0
391 378 0
392 394 0
399 405 0
411 410 0
440 409 0
462 406 0
480 403 1
508 370 0
505 370 0
501 370 0
492 373 0
479 383 0
473 391 0
471 398 0
474 402 0
477 404 0
489 399 0
501 393 0
510 386 0
515 384 0
519 382 0
524 390 0
529 396 0
533 399 1
590 342 0
584 348 0
573 356 0
569 359 0
559 370 0
559 377 0
565 382 0
576 388 0
584 392 0
588 394 0
591 399 0
589 403 0
580 408 0
570 411 0
551 415 0
547 416 1
633 357 0
629 368 0
626 380 0
625 393 0
628 399 0
637 398 0
651 391 0
662 384 0
669 377 0
673 373 0
676 371 0
676 380 0
678 386 0
683 388 0
693 391 0
707 392 0
718 392 0
723 392 0
727 394 0
727 398 0
727 388 0
730 377 0
732 371 0
734 367 0
740 370 0
747 374 0
758 377 0
771 377 0
787 374 0
807 366 0
813 362 0
817 355 0
818 350 0
815 347 0
808 347 0
796 352 0
780 370 0
771 384 0
769 394 0
773 401 0
784 402 0
813 397 0
842 388 0
856 383 0
863 381 0
867 380 0
870 381 0
873 386 0
874 390 0
877 375 0
879 365 0
880 361 0
882 357 0
885 356 0
893 355 0
902 355 0
921 352 1
