that
491 260 0
491 265 0
491 272 0
490 284 0
489 297 0
487 302 0
484 329 0
487 355 0
490 370 0
497 380 0
508 388 0
519 392 0
528 389 1
481 333 0
494 331 0
520 320 0
528 317 0
541 310 1
578 272 0
577 281 0
576 292 0
574 314 0
572 338 0
573 354 0
574 363 0
574 367 0
576 371 0
580 370 0
588 367 0
596 362 0
603 357 0
606 355 0
610 355 0
614 356 0
618 360 0
623 365 1
696 340 0
687 340 0
678 341 0
668 345 0
660 352 0
655 359 0
653 367 0
653 372 0
656 374 0
663 371 0
672 366 0
680 360 0
686 355 0
690 354 0
693 353 0
695 353 0
698 361 0
701 368 0
706 373 0
713 374 0
715 373 1
752 245 0
752 249 0
751 259 0
748 285 0
748 314 0
747 339 0
746 359 0
746 368 0
746 371 0
746 374 0
740 365 0
738 358 0
738 354 0
739 352 0
743 351 0
752 348 0
764 342 0
783 332 1
