have
364 243 0
366 247 0
368 263 0
372 293 0
374 321 0
376 342 0
378 353 0
380 359 0
383 361 0
393 353 0
401 347 0
405 343 0
408 342 0
411 341 0
413 342 0
418 346 0
421 350 0
429 355 0
441 359 0
457 362 0
463 363 1
500 322 0
496 323 0
491 323 0
486 323 0
480 326 0
474 330 0
469 339 0
465 348 0
466 355 0
468 359 0
479 352 0
486 344 0
491 337 0
495 331 0
497 329 0
500 328 0
507 336 0
515 343 0
520 349 0
523 350 1
546 312 0
546 315 0
548 319 0
549 325 0
550 332 0
551 337 0
551 340 0
553 344 0
553 346 0
560 341 0
569 327 0
577 315 0
585 298 0
590 287 1
600 314 0
602 318 0
604 322 0
608 324 0
613 322 0
618 319 0
621 317 0
622 314 0
616 310 0
614 310 0
609 311 0
604 321 0
601 336 0
601 352 0
607 363 0
620 367 0
638 367 0
655 365 1
