honor
330 263 0
332 267 0
334 277 0
335 307 0
335 352 0
331 379 0
332 386 0
334 390 0
339 388 0
353 378 0
371 363 0
376 360 0
380 359 0
388 367 0
398 379 0
409 387 0
419 392 0
441 403 1
500 356 0
496 356 0
487 358 0
475 365 0
462 378 0
458 390 0
458 397 0
464 400 0
477 397 0
493 390 0
504 379 0
508 371 0
508 366 0
507 363 0
506 360 0
503 355 0
498 351 0
517 348 0
533 346 0
543 346 0
550 348 0
554 351 0
559 360 0
562 368 0
566 375 0
570 378 0
578 380 0
589 379 0
597 379 0
603 380 0
609 381 0
613 384 0
617 386 0
622 388 1
728 350 0
713 346 0
697 346 0
683 350 0
669 363 0
663 373 0
661 382 0
666 388 0
676 390 0
700 387 0
723 378 0
733 366 0
737 361 0
736 355 0
734 350 0
730 347 0
725 346 0
721 347 0
718 348 0
719 351 0
748 352 0
766 354 0
776 358 0
782 363 0
786 367 0
788 373 0
788 378 0
788 381 0
788 384 0
788 387 0
791 376 0
793 362 0
795 354 0
797 351 0
802 349 0
812 346 0
832 341 0
851 337 0
859 335 1
