when
329 330 0
329 334 0
329 340 0
329 353 0
331 370 0
333 380 0
336 384 0
341 386 0
350 383 0
359 378 0
366 375 0
369 373 0
372 374 0
382 376 0
389 374 0
397 371 0
399 369 0
402 365 0
402 360 0
402 355 0
403 351 0
406 346 0
414 346 0
425 342 0
439 334 0
457 323 0
467 315 0
477 301 0
482 285 0
485 269 0
485 259 0
484 254 0
482 251 0
477 256 0
471 266 0
464 283 0
458 306 0
453 322 0
452 338 0
452 347 0
453 357 0
455 363 0
456 367 0
457 370 0
461 371 0
465 366 0
469 363 0
473 361 0
475 361 0
478 363 0
482 367 0
488 372 0
500 376 0
517 375 0
541 365 0
556 352 0
561 346 0
563 338 0
562 331 0
559 327 0
551 329 0
546 333 0
542 341 0
539 350 0
539 356 0
539 359 0
546 362 0
553 361 0
563 356 0
580 342 0
591 333 0
595 331 0
598 329 0
603 341 0
605 349 0
608 355 0
614 358 0
624 358 0
635 353 0
644 350 0
650 348 0
657 348 0
670 359 0
687 370 0
689 371 1
