wanted
207 294 0
207 298 0
208 304 0
209 317 0
211 331 0
215 342 0
217 346 0
224 346 0
232 342 0
242 336 0
249 332 0
255 330 0
261 332 0
268 337 0
276 342 0
287 344 0
295 345 0
303 343 0
307 341 0
309 338 0
316 325 0
321 300 0
323 293 0
325 291 1
405 288 0
396 286 0
389 285 0
378 289 0
359 299 0
349 311 0
344 319 0
344 325 0
345 329 0
353 333 0
359 333 0
362 331 0
378 320 0
391 309 0
396 304 0
399 302 0
401 312 0
403 317 0
407 321 0
412 320 0
420 319 0
426 316 0
430 314 0
435 312 0
437 311 0
440 312 0
444 319 0
447 322 0
451 324 0
461 322 0
471 320 0
480 318 0
485 318 0
494 320 0
509 323 0
528 324 0
533 325 1
547 192 0
546 199 0
543 210 0
540 235 0
538 267 0
538 295 0
539 319 0
540 328 0
541 331 0
542 337 0
540 327 0
539 319 0
537 313 0
538 310 0
545 308 0
563 306 0
584 303 0
596 300 0
606 295 0
613 289 0
615 286 0
613 282 0
609 278 0
604 278 0
599 280 0
593 287 0
590 295 0
591 304 0
597 314 0
608 320 0
628 323 0
650 327 1
727 295 0
722 294 0
710 292 0
699 291 0
686 297 0
675 304 0
669 311 0
668 318 0
669 322 0
674 325 0
683 321 0
695 313 0
710 296 0
722 267 0
730 240 0
735 223 0
737 217 0
738 214 0
736 221 0
732 244 0
729 271 0
729 293 0
734 306 0
744 319 0
753 323 0
755 324 0
773 332 1
