desire
352 368 0
344 368 0
331 369 0
310 375 0
292 385 0
287 394 0
284 403 0
287 412 0
293 417 0
304 415 0
327 400 0
358 364 0
373 336 0
380 316 0
386 298 0
388 292 0
389 289 0
390 286 0
388 294 0
386 303 0
373 363 0
370 393 0
372 402 0
375 407 0
383 409 0
394 406 0
408 397 0
423 381 0
429 368 0
430 365 0
430 363 0
419 371 0
406 385 0
401 395 0
402 402 0
408 405 0
413 405 1
495 330 0
483 337 0
467 352 0
462 360 0
461 366 0
465 373 0
473 379 0
484 385 0
490 387 0
494 390 0
493 393 0
491 397 0
486 400 0
482 401 1
510 369 0
514 368 0
517 367 0
521 366 0
524 367 0
522 375 0
524 385 0
531 391 0
540 393 0
551 389 0
559 383 0
566 379 0
570 377 0
572 375 0
573 378 0
575 384 0
574 390 0
574 395 0
573 399 0
577 385 0
579 376 0
581 372 0
584 372 0
586 372 0
594 375 0
606 376 0
622 375 0
632 372 0
636 370 0
639 366 0
642 356 0
640 349 0
636 347 0
631 350 0
624 360 0
619 375 0
621 385 0
629 391 0
646 393 0
659 394 0
673 394 1
563 253 0
562 257 0
559 264 1
