off
512 342 0
507 343 0
498 347 0
486 354 0
474 365 0
469 374 0
468 381 0
470 384 0
478 389 0
486 388 0
493 385 0
499 380 0
502 374 0
503 369 0
503 364 0
503 361 0
509 360 0
519 357 0
538 347 0
555 335 0
564 328 0
571 321 0
579 307 0
584 290 0
589 267 0
590 254 0
591 251 0
591 248 0
586 253 0
580 264 0
567 288 0
563 309 0
561 334 0
560 360 0
562 381 0
561 395 0
560 407 0
560 415 0
560 417 0
555 401 0
555 389 0
556 381 0
557 376 0
560 374 0
568 370 0
585 364 0
611 350 0
631 332 0
642 317 0
650 300 0
656 283 0
659 270 0
660 263 0
660 261 0
656 264 0
653 274 0
645 297 0
640 325 0
637 350 0
635 371 0
635 382 0
635 392 0
634 399 0
633 402 0
630 402 0
626 394 0
621 381 0
619 375 0
622 369 0
630 368 0
660 366 0
680 364 0
686 363 1
