great
498 354 0
498 350 0
493 345 0
483 340 0
474 337 0
468 338 0
461 343 0
456 352 0
455 361 0
456 364 0
460 368 0
468 365 0
475 362 0
480 360 0
485 358 0
487 358 0
495 386 0
500 441 0
499 453 0
497 466 0
494 475 0
490 477 0
484 474 0
479 464 0
480 442 0
489 415 0
506 389 0
522 369 0
530 362 0
536 361 0
539 361 0
543 367 0
545 375 0
545 378 0
544 373 0
544 366 0
547 359 0
552 353 0
562 350 0
589 345 0
605 343 0
615 339 0
620 336 0
624 332 0
623 329 0
622 326 0
613 325 0
605 332 0
599 341 0
595 354 0
596 364 0
601 368 0
608 369 1
696 341 0
689 338 0
675 333 0
666 332 0
660 333 0
655 339 0
651 351 0
650 360 0
652 367 0
657 369 0
663 368 0
670 363 0
676 353 0
681 343 0
682 341 0
685 338 0
689 345 0
693 353 0
699 361 0
706 364 0
710 363 1
749 232 0
749 235 0
749 248 0
750 277 0
750 308 0
749 337 0
749 357 0
749 364 0
749 367 0
748 370 0
744 363 0
740 357 0
738 352 0
736 350 0
742 346 0
751 342 0
762 336 0
776 327 1
