not
375 301 0
375 309 0
375 320 0
375 344 0
375 362 0
377 372 0
377 377 0
381 380 0
386 376 0
397 365 0
406 355 0
411 350 0
419 349 0
424 353 0
429 360 0
437 367 0
446 372 1
523 326 0
516 329 0
508 333 0
497 344 0
491 355 0
491 364 0
497 371 0
511 373 0
522 370 0
530 364 0
534 359 0
535 350 0
533 339 0
533 334 0
530 330 0
545 334 0
563 329 0
587 316 0
599 301 0
607 288 0
613 265 0
616 253 0
616 251 0
617 248 0
617 245 0
617 266 0
616 294 0
617 322 0
618 340 0
618 353 0
618 362 0
618 366 0
618 368 0
618 373 0
614 364 0
606 345 0
602 334 0
601 331 0
609 327 0
634 322 0
660 316 1
