with
328 327 0
331 340 0
333 367 0
335 384 0
338 392 0
345 396 0
354 394 0
364 389 0
370 383 0
376 378 0
383 378 0
387 382 0
392 386 0
399 389 0
408 390 0
415 386 0
422 379 0
426 372 0
428 364 0
428 356 0
428 351 0
428 348 0
442 344 0
462 338 0
475 335 0
477 334 0
481 335 0
485 337 0
488 346 0
492 357 0
496 368 0
501 375 0
507 378 0
515 376 1
558 237 0
558 248 0
559 258 0
560 266 0
562 304 0
567 347 0
568 358 0
570 363 0
571 367 0
570 354 0
570 343 0
570 334 0
570 330 0
571 327 0
575 326 0
584 325 0
596 322 0
612 316 0
625 308 0
633 299 0
640 284 0
643 265 0
644 255 0
644 253 0
643 250 0
635 274 0
631 302 0
629 327 0
630 339 0
632 346 0
639 352 0
643 352 0
647 352 0
650 352 0
657 353 0
664 356 0
670 359 0
678 362 0
688 364 0
699 365 0
709 365 0
724 365 1
490 253 0
487 263 1
