and
496 327 0
491 326 0
480 324 0
468 323 0
458 324 0
444 330 0
427 348 0
412 372 0
408 386 0
410 395 0
411 398 0
422 400 0
436 396 0
453 386 0
471 367 0
481 352 0
486 343 0
491 336 0
493 335 0
496 349 0
497 371 0
497 380 0
509 383 0
528 377 0
547 362 0
554 355 0
560 349 0
566 348 0
568 351 0
570 359 0
572 367 0
574 372 0
582 373 0
588 372 0
593 370 0
598 368 0
601 368 0
603 368 0
608 371 0
614 377 1
738 343 0
733 343 0
724 342 0
707 341 0
686 345 0
672 352 0
661 364 0
656 374 0
654 382 0
659 386 0
670 387 0
687 382 0
708 365 0
725 341 0
736 316 0
741 296 0
742 287 0
743 283 0
743 281 0
741 287 0
733 312 0
731 343 0
747 368 0
767 378 0
782 384 0
784 385 1
