height
367 244 0
369 254 0
371 267 0
370 288 0
368 312 0
365 331 0
364 341 0
363 352 0
362 359 0
362 363 0
362 366 0
373 349 0
389 330 0
393 327 0
400 326 0
406 329 0
409 336 0
411 346 0
414 357 0
418 366 0
426 371 0
435 373 0
445 371 0
458 364 0
470 355 0
479 345 0
482 338 0
482 334 0
481 329 0
475 326 0
470 328 0
465 334 0
462 343 0
461 347 0
460 354 0
463 361 0
471 365 0
479 362 0
490 359 0
500 353 0
509 346 0
515 339 0
518 335 0
520 332 0
522 330 0
522 341 0
522 348 0
524 354 0
531 360 0
538 359 0
550 358 0
567 356 0
573 355 1
607 328 0
602 328 0
592 331 0
583 333 0
575 338 0
571 344 0
572 348 0
575 351 0
580 353 0
589 353 0
596 351 0
600 349 0
604 344 0
607 342 0
609 342 0
612 347 0
616 363 0
617 378 0
615 403 0
610 416 0
602 424 0
593 429 0
584 429 0
582 418 0
586 401 0
596 386 0
616 368 0
632 352 0
650 332 0
662 318 0
670 302 0
672 290 0
672 278 0
670 270 0
666 266 0
663 263 0
662 267 0
657 276 0
653 293 0
649 314 0
650 330 0
652 337 0
655 340 0
658 342 0
662 344 0
668 346 0
671 347 0
675 350 0
679 353 0
683 353 0
688 354 0
691 356 0
694 357 1
745 245 0
745 253 0
745 265 0
743 287 0
743 304 0
740 329 0
739 341 0
738 349 0
738 353 0
738 356 0
735 346 0
733 334 0
733 330 0
734 326 0
743 322 0
754 319 0
776 307 1
540 263 0
540 268 1
