written
280 299 0
282 305 0
283 313 0
284 327 0
286 340 0
289 352 0
292 360 0
295 363 0
303 359 0
310 353 0
317 348 0
323 344 0
326 342 0
331 344 0
334 350 0
341 356 0
348 359 0
352 359 0
356 355 0
362 347 0
365 335 0
369 321 0
370 314 0
372 309 0
375 313 0
378 313 0
383 312 0
391 309 0
400 308 0
407 309 0
413 310 0
417 311 0
419 312 0
422 313 0
422 318 0
422 335 0
421 344 0
421 350 0
421 352 0
421 339 0
421 332 0
422 327 0
423 323 0
431 318 0
436 314 0
441 312 0
444 312 0
447 312 0
449 312 0
453 313 0
456 316 0
456 319 0
455 330 0
456 338 0
457 344 0
460 348 0
467 349 0
476 345 0
487 339 0
504 328 1
503 224 0
504 228 0
505 233 0
506 245 0
507 263 0
506 288 0
506 308 0
506 328 0
507 335 0
507 341 0
507 346 0
509 349 0
509 352 0
505 342 0
501 332 0
498 320 0
497 312 0
497 309 0
504 306 0
511 303 0
514 302 1
561 235 0
561 241 0
561 247 0
561 260 0
559 284 0
560 301 0
558 316 0
557 327 0
557 336 0
556 341 0
556 344 0
556 346 0
555 338 0
553 331 0
551 327 0
550 324 0
570 318 0
584 316 0
597 314 0
604 313 0
610 312 0
613 310 0
614 305 0
612 302 0
608 299 0
605 301 0
601 304 0
595 320 0
594 328 0
595 332 0
597 335 0
600 336 0
611 334 0
622 330 0
630 325 0
636 322 0
643 315 0
645 313 0
648 315 0
650 321 0
652 327 0
655 332 0
656 336 0
659 339 0
663 337 0
669 333 0
676 328 0
681 325 0
687 324 0
691 324 0
694 328 0
698 331 1
455 235 0
455 239 0
455 247 1
