copy
466 312 0
462 312 0
454 312 0
443 313 0
431 319 0
418 329 0
406 345 0
402 362 0
403 373 0
409 380 0
421 384 0
445 384 0
463 383 1
528 328 0
518 328 0
512 329 0
504 334 0
498 342 0
493 353 0
494 364 0
498 371 0
507 373 0
519 371 0
537 362 0
545 353 0
548 342 0
546 332 0
542 325 0
536 321 0
529 321 0
523 323 1
573 330 0
576 335 0
575 343 0
572 363 0
568 389 0
564 406 0
562 418 0
561 422 0
561 427 0
562 417 0
564 381 0
567 353 0
574 339 0
584 327 0
589 324 0
594 324 0
597 326 0
597 338 0
593 350 0
585 360 0
579 366 0
575 367 1
627 325 0
630 329 0
627 334 0
623 341 0
623 346 0
624 351 0
630 354 0
637 354 0
644 351 0
653 343 0
662 337 0
665 335 0
669 342 0
670 360 0
671 385 0
668 408 0
663 424 0
653 443 0
646 450 0
638 451 0
630 445 0
624 436 0
628 416 0
646 391 0
661 374 0
675 358 1
