for
452 371 0
459 372 0
471 365 0
502 332 0
525 294 0
526 286 0
527 274 0
528 266 0
528 261 0
526 258 0
515 270 0
502 294 0
492 322 0
484 354 0
483 383 0
482 409 0
483 428 0
483 438 0
483 444 0
483 446 0
480 439 0
478 427 0
478 411 0
481 401 0
487 392 0
497 382 0
525 366 0
544 357 0
555 355 0
557 354 0
562 354 0
554 363 0
548 373 0
545 381 0
544 391 0
550 398 0
554 400 0
560 400 0
565 397 0
570 392 0
572 380 0
571 368 0
568 357 0
560 355 0
572 357 0
598 355 0
614 355 0
622 357 0
628 360 0
632 365 0
635 372 0
636 380 0
636 386 0
637 390 0
636 382 0
637 366 0
640 354 0
642 349 0
647 350 0
653 351 1
