the
475 253 0
476 262 0
469 291 0
462 317 0
459 339 0
459 360 0
461 372 0
465 382 0
473 392 0
482 398 0
493 400 0
512 400 1
442 337 0
445 341 0
462 339 0
500 331 0
515 327 1
552 274 0
552 278 0
552 286 0
552 295 0
550 314 0
548 339 0
546 358 0
544 370 0
544 376 0
544 379 0
544 382 0
550 380 0
558 374 0
564 369 0
568 368 0
571 367 0
573 370 0
577 374 0
589 380 0
600 383 0
613 382 0
625 375 0
634 367 0
639 358 0
640 351 0
640 347 0
632 349 0
626 354 0
621 363 0
621 371 0
625 378 0
638 381 0
673 377 0
681 376 0
691 375 1
