camp
460 304 0
451 307 0
441 311 0
429 319 0
417 330 0
409 344 0
406 360 0
408 366 0
417 372 0
435 372 0
449 372 0
466 369 1
556 332 0
546 330 0
539 327 0
532 325 0
521 323 0
510 326 0
502 331 0
493 341 0
487 354 0
485 365 0
486 372 0
490 376 0
498 376 0
509 370 0
521 362 0
529 354 0
536 346 0
539 342 0
542 338 0
543 347 0
546 354 0
551 359 0
562 360 0
570 357 0
580 351 0
588 345 0
591 343 0
595 339 0
599 343 0
599 349 0
599 355 0
600 361 0
600 365 0
604 361 0
610 351 0
618 343 0
624 339 0
629 340 0
631 343 0
634 346 0
636 349 0
638 352 0
641 352 0
647 350 0
655 347 0
664 343 0
670 340 0
673 339 0
676 339 0
679 343 0
680 348 0
682 355 1
723 355 0
723 361 0
724 368 0
724 390 0
724 407 0
724 411 0
720 394 0
721 363 0
726 337 0
734 322 0
743 312 0
751 308 0
758 308 0
761 309 0
766 310 0
764 317 0
758 329 0
752 338 0
747 343 0
741 348 1
