commissary
235 301 0
230 300 0
220 302 0
206 308 0
193 320 0
179 338 0
177 351 0
178 363 0
182 371 0
192 375 0
211 374 0
219 373 0
234 370 1
288 330 0
280 337 0
274 343 0
271 351 0
271 356 0
282 358 0
292 354 0
300 348 0
304 341 0
304 334 0
299 328 0
292 324 0
284 321 0
279 320 0
275 320 0
286 318 0
301 314 0
319 310 0
328 311 0
333 312 0
337 313 0
342 324 0
345 335 0
346 341 0
346 345 0
346 348 0
355 344 0
364 335 0
370 330 0
373 327 0
378 326 0
382 335 0
383 339 0
385 342 0
385 344 0
389 344 0
394 341 0
401 336 0
405 332 0
410 328 0
412 327 0
415 328 0
417 333 0
419 341 0
424 348 0
431 351 0
439 349 0
446 345 0
453 336 0
458 330 0
460 326 0
462 323 0
464 322 0
467 330 0
468 336 0
471 342 0
472 344 0
473 349 0
476 348 0
480 342 0
486 334 0
492 328 0
495 324 0
498 324 0
500 332 0
502 336 0
505 341 0
510 340 0
516 336 0
522 331 0
527 326 0
532 323 0
535 328 0
537 334 0
540 341 0
544 345 0
556 347 0
565 342 0
576 332 0
582 325 0
585 322 0
589 319 0
591 320 0
593 337 0
595 344 0
597 347 0
606 352 0
612 353 1
673 308 0
669 309 0
655 314 0
650 317 0
646 321 0
647 324 0
650 328 0
657 331 0
664 335 0
668 337 0
676 342 0
678 348 0
670 359 0
661 364 0
654 366 1
736 294 0
731 299 0
726 304 0
716 311 0
711 318 0
709 322 0
709 324 0
713 327 0
720 330 0
727 334 0
732 336 0
734 341 0
729 349 0
722 355 0
713 358 0
711 359 1
804 322 0
792 319 0
781 319 0
775 321 0
770 325 0
764 333 0
763 340 0
763 346 0
766 349 0
773 350 0
783 346 0
794 336 0
802 328 0
806 325 0
808 323 0
812 327 0
813 333 0
815 338 0
818 342 0
823 345 0
830 347 0
835 348 0
839 349 0
844 350 0
846 351 0
849 351 0
851 347 0
851 337 0
851 328 0
851 322 0
854 315 0
859 312 0
865 311 0
870 311 0
873 311 0
877 311 0
880 311 0
881 319 0
881 327 0
885 334 0
887 338 0
898 342 0
906 342 0
915 337 0
923 329 0
929 323 0
933 319 0
936 316 0
939 315 0
945 324 0
946 328 0
948 342 0
948 384 0
943 408 0
939 416 0
933 420 0
924 418 0
914 408 0
910 395 0
915 381 0
933 358 0
946 342 0
958 327 1
592 223 0
592 227 0
592 231 0
590 243 1
