his
472 258 0
475 262 0
477 267 0
477 278 0
476 295 0
476 320 0
475 336 0
477 349 0
478 360 0
479 363 0
485 358 0
492 348 0
500 336 0
503 333 0
506 330 0
509 333 0
510 341 0
514 349 0
519 355 0
524 358 0
536 356 0
542 351 0
549 344 0
553 336 0
554 333 0
558 330 0
560 335 0
561 342 0
563 352 0
565 358 0
569 362 0
573 363 0
576 363 1
635 315 0
627 316 0
622 319 0
618 321 0
616 325 0
615 329 0
617 333 0
622 338 0
628 343 0
632 348 0
635 351 0
633 360 0
626 368 0
618 371 0
608 370 1
567 250 0
565 258 0
563 262 1
