the
490 254 0
491 258 0
489 271 0
485 294 0
480 320 0
475 345 0
473 369 0
475 381 0
480 392 0
486 401 0
488 403 0
502 408 0
522 413 1
466 347 0
470 347 0
500 341 0
521 334 0
536 327 0
538 327 1
557 293 0
559 297 0
559 300 0
560 311 0
559 333 0
558 355 0
557 367 0
557 377 0
558 384 0
559 387 0
565 387 0
575 383 0
587 377 0
593 374 0
596 374 0
601 377 0
603 381 0
608 385 0
615 389 0
625 392 0
634 391 0
644 385 0
654 373 0
657 366 0
657 363 0
655 360 0
651 364 0
644 373 0
640 380 0
640 387 0
646 391 0
664 395 0
684 398 0
690 399 1
