cask
467 313 0
458 313 0
454 314 0
448 316 0
429 328 0
421 344 0
420 352 0
421 360 0
427 369 0
437 371 0
449 373 0
467 373 1
528 327 0
518 327 0
509 327 0
500 330 0
492 337 0
486 344 0
482 356 0
482 364 0
482 367 0
486 370 0
497 369 0
512 363 0
520 358 0
525 354 0
528 352 0
533 352 0
537 359 0
542 363 0
553 364 0
561 365 0
576 366 1
604 315 0
600 316 0
592 319 0
582 324 0
576 328 0
574 334 0
578 339 0
586 345 0
595 351 0
599 353 0
604 359 0
605 364 0
598 370 0
590 374 0
580 374 0
573 372 0
556 368 1
635 250 0
636 263 0
634 279 0
633 308 0
633 326 0
631 332 0
630 350 0
630 359 1
672 321 0
671 325 0
665 327 0
659 330 0
652 333 0
648 338 0
645 342 0
644 346 0
644 352 0
648 358 0
659 364 0
679 369 0
699 373 1
