am
530 315 0
525 313 0
518 311 0
511 309 0
506 309 0
499 309 0
487 313 0
469 326 0
466 331 0
463 339 0
465 345 0
470 349 0
478 351 0
490 351 0
502 346 0
513 339 0
520 333 0
524 329 0
528 325 0
531 322 0
533 327 0
534 334 0
543 339 0
550 337 0
559 331 0
565 328 0
571 324 0
578 320 0
582 318 0
585 317 0
588 317 0
591 324 0
592 327 0
591 330 0
601 326 0
608 320 0
618 314 0
624 309 0
627 310 0
630 312 0
637 321 0
639 324 0
644 325 0
652 322 0
660 318 0
669 317 0
673 316 0
677 317 0
680 319 0
684 326 0
690 330 0
705 331 0
731 334 1
