fort
429 352 0
433 354 0
443 348 0
465 330 0
481 311 0
490 295 0
493 280 0
492 270 0
492 262 0
489 258 0
485 258 0
477 268 0
465 290 0
454 330 0
443 376 0
444 389 0
443 407 0
443 419 0
445 427 0
447 431 0
448 434 0
442 424 0
436 408 0
435 402 0
437 391 0
441 381 0
447 374 0
459 367 0
478 359 0
490 355 0
501 352 0
510 348 0
517 346 0
521 345 0
524 344 0
514 356 0
506 367 0
504 375 0
504 380 0
509 385 0
516 385 0
524 382 0
533 374 0
537 368 0
536 360 0
534 352 0
531 347 0
528 346 0
524 346 0
523 350 0
532 351 0
546 352 0
560 352 0
570 352 0
576 352 0
582 354 0
586 358 0
589 365 0
590 369 0
591 373 0
590 376 0
592 366 0
594 358 0
596 349 0
599 344 0
605 343 0
611 341 0
615 339 1
663 252 0
664 257 0
664 271 0
662 298 0
660 324 0
656 350 0
654 369 0
653 379 0
651 385 0
650 389 0
649 379 0
647 366 0
645 356 0
645 351 0
644 348 0
653 346 0
663 344 0
684 339 1
