captain
384 320 0
388 319 0
382 319 0
377 319 0
370 323 0
353 340 0
344 356 0
341 366 0
341 374 0
343 380 0
352 383 0
370 382 0
384 379 0
400 375 1
486 333 0
480 332 0
472 331 0
461 329 0
446 331 0
434 336 0
423 346 0
418 356 0
416 359 0
416 365 0
421 372 0
428 372 0
437 369 0
446 363 0
453 355 0
457 350 0
461 347 0
463 352 0
463 357 0
465 366 0
467 372 0
476 375 1
520 353 0
521 358 0
521 365 0
520 377 0
519 392 0
517 404 0
514 412 0
513 414 0
510 401 0
505 358 0
509 331 0
513 325 0
519 320 0
525 318 0
531 319 0
536 324 0
537 332 0
536 343 0
530 354 0
521 365 0
516 369 0
513 370 1
575 267 0
576 278 0
575 296 0
573 326 0
572 344 0
570 354 0
570 359 0
570 363 0
566 361 0
561 356 0
559 352 0
558 348 0
562 346 0
567 343 0
572 339 1
659 332 0
655 332 0
648 331 0
640 329 0
629 331 0
621 334 0
613 342 0
610 351 0
610 359 0
611 367 0
616 372 0
623 372 0
631 369 0
639 364 0
646 358 0
651 351 0
654 348 0
658 346 0
660 350 0
660 354 0
665 361 0
670 362 0
673 362 0
680 359 0
685 352 0
693 340 0
699 332 0
703 329 0
705 333 0
706 336 0
707 343 0
710 350 0
711 354 0
715 358 0
721 357 0
729 354 0
739 346 0
747 339 0
754 333 0
758 332 0
763 335 0
764 338 0
765 343 0
768 348 0
771 353 0
774 356 0
782 354 0
790 354 0
798 353 0
803 353 0
809 353 0
812 354 0
817 357 0
820 359 1
695 282 0
696 286 1
