officers
404 334 0
398 333 0
391 333 0
380 336 0
366 343 0
359 351 0
355 362 0
355 372 0
360 378 0
369 382 0
379 381 0
392 374 0
400 367 0
404 356 0
404 345 0
404 337 0
403 333 0
403 330 0
413 335 0
429 333 0
458 324 0
480 314 0
492 303 0
496 296 0
507 271 0
510 255 0
511 251 0
510 248 0
503 259 0
492 279 0
483 305 0
473 332 0
468 362 0
462 383 0
461 392 0
460 397 0
459 401 0
457 394 0
456 387 0
458 380 0
465 369 0
477 360 0
496 348 0
512 336 0
522 328 0
531 320 0
544 296 0
549 276 0
549 270 0
549 265 0
547 260 0
543 268 0
535 288 0
525 316 0
520 346 0
511 371 0
504 388 0
500 397 0
499 401 0
497 403 0
498 393 0
503 379 0
509 367 0
519 358 0
531 351 0
545 342 0
553 337 0
558 334 0
561 332 0
562 337 0
561 342 0
562 349 0
563 355 0
565 358 0
568 360 0
570 362 1
644 325 0
641 327 0
630 330 0
621 335 0
610 341 0
606 347 0
604 353 0
609 362 0
636 365 0
663 360 0
678 355 0
690 346 0
696 337 0
696 331 0
694 327 0
690 327 0
683 328 0
675 335 0
670 341 0
669 349 0
671 357 0
676 361 0
686 362 0
710 356 0
727 351 0
735 348 0
742 349 0
747 352 0
751 356 0
754 358 0
756 362 0
757 357 0
758 353 0
759 348 0
761 341 0
764 338 0
769 335 0
777 331 1
839 307 0
833 311 0
821 317 0
812 324 0
807 327 0
806 330 0
809 336 0
820 344 0
825 351 0
827 358 0
825 364 0
819 369 0
812 372 1
596 243 0
596 250 1
