the
480 243 0
482 247 0
481 260 0
479 285 0
478 305 0
477 325 0
478 340 0
480 356 0
484 366 0
489 373 0
498 378 0
514 377 0
525 375 0
542 371 1
455 333 0
467 334 0
488 331 0
505 327 0
522 323 1
554 265 0
555 272 0
554 282 0
553 289 0
553 295 0
552 327 0
553 352 0
555 363 0
555 369 0
555 373 0
563 368 0
573 359 0
585 348 0
592 343 0
595 341 0
599 351 0
601 356 0
605 362 0
614 364 0
625 363 0
636 359 0
646 353 0
653 343 0
656 333 0
656 327 0
655 324 0
652 325 0
646 339 0
643 353 0
643 362 0
648 365 0
660 366 0
679 366 0
684 366 1
