stay
506 305 0
508 300 0
500 298 0
494 300 0
484 306 0
480 312 0
479 320 0
480 325 0
486 330 0
496 336 0
508 343 0
515 349 0
519 353 0
521 359 0
518 367 0
512 372 0
510 374 0
501 376 0
480 371 0
472 367 0
457 360 1
549 233 0
551 236 0
553 245 0
555 262 0
556 290 0
556 317 0
556 338 0
558 351 0
558 360 0
558 363 0
558 368 0
556 364 0
554 359 0
550 353 0
547 344 0
545 335 0
547 331 0
548 328 0
556 326 0
570 322 0
587 319 0
600 317 0
609 316 0
615 316 0
617 316 0
621 316 0
612 321 0
602 328 0
594 337 0
590 341 0
588 347 0
592 352 0
599 352 0
607 350 0
617 344 0
624 337 0
627 332 0
630 330 0
632 328 0
632 332 0
633 338 0
636 344 0
639 347 0
647 349 0
651 348 0
654 346 0
660 338 0
663 334 0
666 330 0
669 334 0
672 339 0
680 343 0
686 343 0
693 340 0
700 334 0
704 330 0
706 328 0
708 326 0
711 328 0
712 331 0
715 339 0
718 354 0
720 372 0
719 391 0
714 407 0
708 417 0
699 425 0
690 426 0
680 425 0
675 419 0
676 411 0
685 398 0
715 366 0
723 357 1
