will
390 312 0
390 316 0
389 323 0
389 334 0
392 344 0
397 351 0
403 355 0
409 355 0
414 351 0
420 345 0
428 333 0
432 328 0
434 326 0
438 329 0
439 336 0
442 341 0
446 345 0
451 345 0
458 344 0
465 339 0
469 332 0
471 326 0
473 318 0
475 314 0
475 311 0
481 309 0
486 309 0
495 308 0
502 307 0
506 307 0
510 307 0
513 308 0
514 312 0
514 329 0
520 336 0
528 339 0
543 335 0
563 323 0
578 306 0
590 282 0
599 261 0
603 248 0
604 238 0
604 235 0
588 264 0
579 291 0
575 312 0
576 325 0
581 333 0
591 335 0
611 331 0
632 318 0
649 301 0
663 276 0
673 254 0
676 245 0
666 260 0
657 287 0
652 308 0
651 323 0
653 335 0
660 340 0
663 341 1
539 235 0
539 238 0
537 244 1
