regiment
339 303 0
341 306 0
341 312 0
340 322 0
339 340 0
338 354 0
337 363 0
336 368 0
336 373 0
338 357 0
339 346 0
340 340 0
341 337 0
346 330 0
351 327 0
358 327 0
363 328 0
372 330 0
386 331 0
398 331 0
406 329 0
413 324 0
418 322 0
422 317 0
422 312 0
420 308 0
415 307 0
408 310 0
402 314 0
395 321 0
392 331 0
390 341 0
392 349 0
399 355 0
408 356 1
510 314 0
501 314 0
491 314 0
479 316 0
469 319 0
461 325 0
457 333 0
457 340 0
460 343 0
466 343 0
475 342 0
483 337 0
490 330 0
496 325 0
499 324 0
502 325 0
508 336 0
512 353 0
514 392 0
507 414 0
499 430 0
496 434 0
488 436 0
482 434 0
478 428 0
477 419 0
481 405 0
492 379 0
506 358 0
516 345 0
524 336 0
531 329 0
534 325 0
538 321 0
540 328 0
542 336 0
543 343 0
547 349 0
554 352 0
560 353 0
563 353 0
571 346 0
585 333 0
589 328 0
593 326 0
595 325 0
597 330 0
596 338 0
596 342 0
596 345 0
596 349 0
601 346 0
608 339 0
616 331 0
622 329 0
626 329 0
630 330 0
631 332 0
635 335 0
639 336 0
644 334 0
650 332 0
653 333 0
657 335 0
662 341 0
666 344 0
672 346 0
681 349 0
695 348 0
710 345 0
722 340 0
730 332 0
734 326 0
734 320 0
732 314 0
728 312 0
724 313 0
718 320 0
713 331 0
711 340 0
714 347 0
716 350 0
727 352 0
736 351 0
747 344 0
754 338 0
758 335 0
761 333 0
763 335 0
767 339 0
770 344 0
772 346 0
777 348 0
784 346 0
793 342 0
803 338 0
808 337 0
812 339 0
815 340 0
822 343 1
853 237 0
854 251 0
855 270 0
858 301 0
859 328 0
860 349 0
861 360 0
861 363 0
862 365 0
859 360 0
854 344 0
850 328 0
849 324 0
847 318 0
848 316 0
852 315 0
864 315 0
873 315 0
889 313 1
555 247 1
540 235 0
540 239 1
