are
506 305 0
498 304 0
491 305 0
483 307 0
473 313 0
465 320 0
454 342 0
450 363 0
451 370 0
456 374 0
464 373 0
474 367 0
484 355 0
495 339 0
504 327 0
510 320 0
516 315 0
520 312 0
519 330 0
516 342 0
518 352 0
521 356 0
525 358 0
533 355 0
545 348 0
554 342 0
563 335 0
571 330 0
576 329 0
580 332 0
581 338 0
581 342 0
581 346 0
581 349 0
586 342 0
588 333 0
589 326 0
590 323 0
592 317 0
595 317 0
604 321 0
618 322 0
630 321 0
642 318 0
650 316 0
653 316 0
656 314 0
654 308 0
652 305 0
647 304 0
640 307 0
634 313 0
629 325 0
629 334 0
632 343 0
646 349 0
668 354 0
685 356 0
694 358 1
