tools
470 270 0
470 277 0
469 295 0
468 324 0
469 352 0
472 371 0
477 381 0
483 394 0
493 402 0
507 404 0
516 404 0
532 404 1
454 353 0
455 356 0
465 357 0
475 357 0
500 357 0
521 356 0
534 355 0
545 356 0
554 356 0
558 356 0
562 356 0
553 359 0
547 365 0
542 373 0
539 382 0
538 390 0
543 395 0
549 398 0
561 395 0
576 388 0
583 380 0
585 373 0
583 366 0
581 361 0
578 355 0
575 356 0
580 356 0
590 355 0
606 355 0
617 354 0
626 354 0
632 354 0
636 354 0
638 354 0
633 355 0
627 360 0
621 369 0
618 377 0
621 385 0
628 389 0
636 390 0
642 388 0
644 385 0
646 378 0
644 370 0
641 362 0
641 360 0
645 359 0
653 358 0
673 352 0
693 340 0
705 331 0
712 321 0
719 304 0
723 290 0
724 285 0
723 280 0
719 278 0
707 288 0
698 301 0
684 339 0
679 373 0
682 382 0
686 386 0
695 389 0
707 392 0
727 396 1
748 341 0
747 345 0
744 349 0
743 352 0
748 359 0
753 365 0
757 371 0
760 376 0
760 383 0
757 392 0
745 398 0
740 401 0
725 406 1
