review
341 317 0
342 322 0
343 331 0
344 349 0
346 367 0
347 373 0
348 378 0
349 380 0
350 383 0
352 368 0
356 358 0
359 351 0
362 347 0
365 348 0
371 351 0
385 356 0
398 357 0
415 355 0
427 350 0
432 348 0
435 344 0
437 334 0
434 329 0
427 326 0
422 328 0
413 337 0
403 351 0
400 366 0
400 375 0
406 380 0
418 382 0
437 376 0
450 372 0
464 366 1
470 338 0
471 342 0
473 347 0
475 356 0
477 363 0
479 366 0
479 369 0
482 368 0
489 358 0
496 345 0
500 340 0
507 324 1
536 325 0
536 329 0
534 337 0
533 345 0
535 354 0
541 363 0
548 367 0
557 367 0
572 363 0
582 359 0
590 352 0
595 345 0
596 340 0
596 335 0
596 330 0
591 329 0
588 330 0
584 339 0
581 347 0
581 355 0
583 363 0
589 367 0
597 371 0
611 369 0
623 365 0
631 359 0
637 353 0
639 351 0
640 348 0
644 343 0
646 343 0
650 350 0
653 355 0
658 358 0
665 360 0
671 359 0
678 357 0
684 354 0
688 352 0
690 351 0
693 351 0
697 354 0
703 361 0
708 365 0
712 366 0
718 365 0
723 362 0
728 355 0
732 341 0
735 329 0
737 325 0
738 323 0
741 324 0
744 324 0
749 324 1
555 240 0
556 247 0
556 249 1
