duty
464 367 0
463 364 0
449 358 0
438 357 0
429 359 0
419 367 0
410 377 0
408 387 0
410 396 0
416 403 0
427 405 0
442 400 0
463 381 0
479 356 0
488 332 0
493 307 0
499 293 0
501 289 0
503 285 0
504 282 0
499 307 0
494 339 0
489 367 0
491 384 0
492 393 0
497 400 0
505 402 0
513 400 0
522 394 0
530 384 0
537 370 0
541 365 0
543 363 0
544 367 0
544 376 0
547 383 0
552 389 0
558 390 0
564 390 0
572 385 0
579 375 0
584 368 0
587 365 0
591 374 0
593 379 0
598 383 0
605 386 1
654 271 0
654 279 0
655 287 0
654 302 0
655 330 0
653 353 0
652 373 0
651 383 0
651 387 0
650 392 0
644 384 0
639 374 0
635 368 0
633 364 0
636 362 0
641 361 0
652 359 0
666 358 0
675 357 0
682 357 0
688 357 0
691 357 0
695 358 0
696 367 0
697 373 0
701 377 0
705 377 0
711 376 0
719 371 0
724 367 0
730 365 0
736 366 0
739 368 0
744 378 0
750 399 0
751 426 0
747 444 0
742 453 0
733 458 0
722 461 0
710 455 0
702 447 0
702 439 0
712 423 0
735 400 0
759 380 0
775 365 1
