number
284 301 0
284 304 0
286 312 0
286 328 0
288 342 0
290 352 0
291 358 0
292 362 0
295 362 0
300 354 0
308 345 0
319 333 0
326 328 0
330 326 0
333 324 0
335 331 0
339 343 0
343 350 0
351 353 0
359 352 0
369 345 0
382 331 0
389 323 0
392 319 0
394 316 0
398 323 0
399 331 0
400 338 0
405 345 0
408 347 0
418 346 0
426 339 0
435 332 0
441 326 0
444 323 0
446 322 0
446 325 0
447 332 0
449 339 0
451 343 0
455 345 0
461 344 0
468 342 0
476 337 0
479 335 0
483 333 0
485 332 0
488 331 0
490 337 0
491 342 0
492 346 0
493 349 0
495 353 0
497 348 0
501 339 0
506 333 0
515 330 0
519 334 0
522 338 0
525 343 0
527 344 0
530 344 0
541 338 0
546 335 0
551 333 0
553 332 0
556 334 0
559 337 0
563 342 1
595 223 0
596 235 0
596 257 0
596 280 0
596 295 0
598 304 0
600 309 0
601 312 0
608 313 0
615 312 0
625 310 0
633 310 0
637 312 0
640 313 0
640 317 0
637 324 0
631 331 0
621 337 0
611 340 0
606 338 0
602 330 1
666 315 0
670 318 0
685 317 0
691 315 0
696 311 0
696 306 0
693 301 0
685 302 0
676 305 0
666 315 0
662 327 0
662 334 0
667 337 0
676 339 0
697 334 0
707 330 0
717 329 0
728 328 0
734 331 0
738 334 0
741 337 0
743 337 0
744 334 0
745 329 0
747 324 0
748 319 0
750 316 0
754 314 0
762 308 1
