the
507 263 0
509 266 0
505 298 0
501 325 0
497 352 0
496 370 0
496 381 0
501 393 0
510 400 0
522 402 0
541 399 0
555 396 0
562 393 1
487 345 0
490 348 0
508 350 0
534 347 0
556 339 0
565 337 0
576 331 1
581 287 0
581 293 0
581 295 0
580 310 0
578 338 0
577 361 0
577 372 0
577 379 0
578 383 0
583 385 0
589 383 0
597 379 0
606 374 0
613 370 0
616 370 0
621 375 0
624 380 0
626 383 0
631 386 0
647 389 0
671 389 0
678 385 0
688 374 0
691 366 0
690 356 0
687 348 0
682 347 0
677 349 0
670 357 0
664 371 0
663 380 0
669 385 0
687 389 0
702 391 0
716 393 1
