repair
311 312 0
311 315 0
309 321 0
309 324 0
308 331 0
306 350 0
304 364 0
304 371 0
304 374 0
304 377 0
307 361 0
309 351 0
312 343 0
316 337 0
322 334 0
328 334 0
336 336 0
347 337 0
355 338 0
362 337 0
367 335 0
372 331 0
374 328 0
373 323 0
366 321 0
362 322 0
356 335 0
352 351 0
355 364 0
359 368 0
366 370 0
374 369 1
427 338 0
427 341 0
426 354 0
425 371 0
424 389 0
423 402 0
422 409 0
422 414 0
419 393 0
418 363 0
418 350 0
424 337 0
436 323 0
446 320 0
455 319 0
460 324 0
461 332 0
459 343 0
452 357 0
444 367 0
440 369 1
526 327 0
516 325 0
507 324 0
503 323 0
500 324 0
493 327 0
485 336 0
480 343 0
481 352 0
483 358 0
489 362 0
497 362 0
506 360 0
515 354 0
521 348 0
524 345 0
527 340 0
530 339 0
531 343 0
533 347 0
539 351 0
542 351 0
546 349 0
550 345 0
554 343 0
558 340 0
560 339 0
566 340 0
569 345 0
573 349 0
580 349 0
589 347 0
596 345 0
601 343 0
606 340 0
612 339 0
618 338 0
622 339 0
624 343 0
627 347 0
629 351 0
631 354 0
634 355 0
633 339 0
634 331 0
636 325 0
641 321 0
646 319 0
654 317 1
561 252 1
561 252 0
561 255 0
563 258 0
564 263 1
