309
429 237 0
433 239 0
444 240 0
453 242 0
460 245 0
463 249 0
464 258 0
462 272 0
458 285 0
457 293 0
456 299 0
459 305 0
465 312 0
475 322 0
484 333 0
489 341 0
490 350 0
487 362 0
478 374 0
467 382 0
452 386 0
442 383 0
436 377 1
574 263 0
567 269 0
558 276 0
548 287 0
533 311 0
529 338 0
530 363 0
534 375 0
542 380 0
558 378 0
583 365 0
597 345 0
602 327 0
601 299 0
597 281 0
594 272 0
582 266 0
568 268 0
561 271 0
546 277 1
704 256 0
696 256 0
686 256 0
676 257 0
666 263 0
658 269 0
652 278 0
652 285 0
656 290 0
666 291 0
680 288 0
688 284 0
691 282 0
699 274 0
702 271 0
706 272 0
711 289 0
715 310 0
716 331 0
713 353 0
708 367 0
701 377 0
692 385 0
683 387 0
673 382 0
670 380 1
