officers
443 305 0
434 305 0
427 306 0
419 309 0
410 319 0
400 337 0
400 350 0
403 359 0
404 361 0
419 361 0
426 356 0
434 348 0
438 336 0
440 328 0
441 322 0
443 317 0
448 317 0
458 313 0
481 298 0
503 281 0
516 267 0
522 258 0
526 248 0
527 240 0
527 235 0
526 233 0
523 237 0
518 246 0
509 270 0
506 279 0
501 303 0
489 357 0
484 375 0
483 382 0
483 386 0
483 388 0
480 373 0
479 366 0
478 361 0
479 356 0
482 352 0
490 348 0
505 341 0
529 325 0
548 309 0
559 294 0
565 280 0
570 258 0
572 250 0
572 246 0
569 259 0
568 265 0
559 293 0
543 348 0
538 371 0
535 379 0
534 382 0
533 387 0
533 380 0
535 369 0
541 356 0
552 343 0
559 335 0
566 331 0
576 327 0
581 324 0
585 323 0
587 322 0
590 321 0
587 328 0
587 335 0
587 341 0
588 344 0
592 348 1
663 309 0
659 312 0
652 315 0
646 320 0
639 327 0
635 334 0
636 341 0
639 344 0
653 349 0
674 350 0
694 342 0
705 335 0
712 327 0
716 321 0
717 317 0
715 314 0
707 318 0
701 328 0
699 336 0
700 341 0
705 344 0
712 346 0
720 345 0
729 344 0
735 343 0
740 343 0
742 347 0
744 351 0
746 351 0
748 347 0
748 335 0
749 329 0
750 323 0
753 318 0
757 315 0
761 313 1
835 296 0
830 300 0
819 304 0
806 309 0
800 312 0
798 315 0
807 321 0
815 325 0
818 328 0
822 332 0
821 337 0
812 345 0
800 353 0
788 358 0
771 363 0
768 364 1
609 234 0
607 239 1
