the
426 249 0
427 252 0
427 257 0
424 272 0
419 298 0
414 320 0
413 345 0
414 361 0
416 373 0
422 385 0
434 396 0
444 398 0
463 397 0
482 395 1
398 338 0
410 342 0
440 338 0
460 334 0
478 328 1
517 277 0
518 280 0
517 294 0
515 313 0
512 338 0
511 354 0
509 369 0
508 376 0
508 381 0
509 384 0
524 373 0
542 357 0
546 354 0
550 352 0
552 354 0
556 361 0
559 367 0
564 373 0
569 377 0
575 379 0
583 378 0
595 372 0
608 363 0
615 357 0
619 350 0
618 341 0
616 335 0
615 332 0
607 337 0
600 346 0
594 361 0
595 369 0
601 375 0
606 377 1
