receive
227 293 0
227 297 0
227 308 0
227 317 0
227 328 0
227 339 0
227 348 0
227 355 0
227 358 0
232 340 0
234 328 0
237 321 0
239 317 0
246 317 0
259 318 0
282 317 0
294 315 0
301 312 0
307 305 0
310 298 0
311 294 0
309 290 0
300 297 0
292 305 0
285 318 0
283 332 0
285 339 0
288 344 0
296 346 0
306 344 0
319 341 0
328 338 1
387 298 0
380 300 0
372 302 0
363 305 0
356 311 0
352 319 0
351 328 0
354 335 0
361 341 0
373 345 0
393 343 0
418 335 0
430 325 0
436 319 0
440 313 0
443 306 0
433 312 0
429 319 0
425 326 0
424 332 0
424 337 0
426 341 0
433 340 0
440 339 0
451 333 0
463 327 0
471 323 0
474 322 0
479 318 0
484 318 0
486 318 0
489 321 0
491 324 0
493 331 0
495 336 0
498 341 0
502 343 0
505 344 1
529 292 0
530 295 0
534 304 0
536 310 0
538 318 0
541 325 0
543 329 0
544 333 0
548 334 0
552 330 0
557 323 0
563 311 0
571 298 0
574 293 0
583 279 1
600 313 0
603 314 0
608 314 0
612 312 0
617 305 0
621 298 0
621 295 0
620 289 0
617 288 0
610 287 0
606 291 0
602 297 0
599 308 0
597 319 0
599 325 0
608 329 0
629 329 0
649 328 0
654 328 1
492 233 0
493 237 0
493 240 1
