by
469 253 0
472 257 0
475 269 0
476 295 0
476 320 0
475 338 0
474 351 0
473 359 0
473 363 0
481 353 0
494 340 0
503 333 0
510 330 0
520 330 0
527 336 0
529 343 0
528 354 0
520 366 0
509 377 0
495 383 0
485 383 0
478 379 0
476 374 1
558 333 0
560 336 0
559 340 0
559 346 0
559 354 0
559 362 0
562 365 0
569 364 0
580 358 0
589 352 0
595 348 0
602 345 0
606 350 0
609 360 0
613 378 0
618 404 0
617 420 0
612 436 0
604 445 0
595 452 0
583 453 0
574 448 0
570 441 0
575 428 0
600 399 0
626 372 0
631 366 1
