winchester
143 307 0
145 317 0
145 329 0
146 345 0
147 356 0
150 364 0
152 367 0
157 371 0
161 369 0
165 363 0
171 357 0
175 351 0
179 348 0
182 347 0
185 348 0
195 353 0
205 355 0
212 354 0
217 352 0
221 347 0
223 341 0
225 334 0
226 328 0
226 323 0
226 319 0
226 316 0
228 313 0
231 313 0
243 311 0
249 311 0
254 312 0
257 313 0
260 318 0
261 324 0
261 332 0
262 343 0
263 351 0
267 352 0
275 350 0
285 345 0
293 337 0
299 331 0
302 328 0
306 326 0
308 331 0
309 337 0
310 342 0
311 346 0
314 348 0
321 347 0
328 345 0
343 334 0
354 327 0
358 325 0
362 326 0
364 328 0
365 330 0
368 336 0
371 341 0
374 344 1
424 312 0
417 312 0
406 318 0
397 330 0
394 339 0
398 346 0
405 354 0
418 355 0
441 348 0
464 333 0
477 317 0
486 294 0
489 276 0
489 258 0
489 251 0
477 282 0
470 316 0
472 329 0
474 335 0
476 338 0
484 340 0
500 333 0
513 326 0
520 323 0
523 323 0
530 333 0
534 338 0
540 344 0
547 349 0
555 350 0
566 350 0
578 343 0
591 332 0
597 323 0
600 316 0
600 312 0
595 313 0
590 325 0
590 337 0
597 342 0
606 345 1
675 300 0
665 307 0
655 312 0
650 318 0
649 323 0
648 326 0
659 330 0
670 333 0
678 336 0
682 338 0
685 339 0
682 342 0
674 347 0
667 351 1
744 233 0
744 237 0
742 249 0
738 273 0
733 299 0
729 320 0
729 330 0
728 337 0
728 341 0
728 345 0
726 337 0
726 332 0
726 327 0
730 326 0
753 326 0
779 322 0
788 319 0
792 317 0
796 314 0
794 310 0
789 308 0
781 309 0
773 315 0
765 323 0
762 333 0
764 340 0
769 343 0
779 345 0
793 346 0
805 343 0
814 342 0
820 342 0
823 345 0
826 348 0
828 353 0
832 340 0
838 329 0
843 323 0
849 319 0
859 316 0
874 310 0
878 308 1
320 252 1
251 232 0
253 237 1
