who
425 313 0
425 318 0
424 327 0
423 340 0
422 360 0
424 374 0
427 380 0
432 385 0
440 386 0
448 382 0
459 371 0
467 360 0
473 355 0
475 351 0
477 351 0
480 355 0
482 361 0
485 365 0
492 368 0
496 365 0
498 363 0
502 354 0
504 338 0
506 329 0
509 326 0
514 328 0
521 331 0
531 332 0
536 331 1
556 262 0
556 268 0
556 277 0
556 290 0
556 310 0
555 327 0
556 339 0
557 347 0
559 351 0
561 356 0
564 356 0
569 349 0
575 341 0
578 339 0
581 339 0
586 345 0
590 351 0
594 357 0
600 360 0
604 362 1
656 336 0
651 336 0
645 336 0
635 337 0
627 340 0
621 346 0
619 353 0
619 356 0
622 361 0
632 364 0
643 362 0
650 359 0
653 356 0
653 350 0
652 343 0
651 337 0
650 335 0
659 332 0
673 327 0
693 319 1
