16th
324 375 0
325 379 0
332 375 0
359 351 0
380 329 0
394 312 0
402 304 0
405 302 0
408 309 0
408 328 0
407 355 0
407 371 0
408 380 0
408 403 1
500 271 0
499 275 0
490 287 0
474 308 0
462 337 0
455 363 0
455 379 0
458 386 0
467 389 0
479 386 0
485 381 0
490 373 0
491 361 0
491 357 0
487 353 0
480 354 0
476 355 0
473 356 1
595 289 0
596 293 0
593 303 0
587 324 0
580 344 0
577 359 0
576 373 0
577 384 0
583 394 0
590 398 0
597 399 1
569 364 0
578 368 0
592 367 0
617 361 0
637 356 1
650 302 0
651 306 0
649 323 0
648 341 0
646 357 0
646 368 0
646 376 0
647 379 0
649 383 0
652 384 0
658 380 0
668 373 0
680 365 0
686 361 0
691 366 0
693 371 0
694 374 0
696 378 0
697 382 1
