alexandria
234 320 0
233 316 0
224 311 0
217 309 0
208 309 0
198 311 0
188 315 0
177 324 0
171 333 0
169 343 0
170 352 0
173 359 0
177 365 0
180 368 0
189 369 0
195 367 0
198 366 0
210 355 0
218 346 0
222 340 0
225 336 0
227 334 0
232 336 0
236 343 0
242 349 0
250 353 0
256 354 0
267 350 0
283 339 0
294 328 0
303 312 0
311 289 0
314 274 0
313 264 0
311 257 0
308 255 0
295 265 0
276 293 0
268 316 0
268 332 0
273 343 0
285 355 0
297 361 0
320 361 0
330 357 0
342 350 0
351 338 0
354 330 0
355 326 0
355 323 0
352 321 0
349 322 0
343 326 0
337 334 0
333 342 0
332 348 0
333 354 0
335 357 0
347 361 0
357 362 0
378 363 1
443 312 0
433 320 0
423 330 0
410 342 0
400 352 0
396 357 1
396 318 0
400 320 0
401 324 0
407 332 0
417 345 0
426 351 0
439 363 1
506 327 0
510 327 0
506 326 0
500 324 0
494 323 0
485 323 0
475 325 0
469 329 0
466 335 0
463 344 0
463 355 0
466 366 0
472 367 0
478 365 0
485 359 0
495 346 0
505 334 0
509 330 0
512 327 0
514 331 0
516 342 0
519 346 0
521 349 0
524 350 0
526 351 0
534 349 0
542 345 0
549 340 0
555 335 0
559 331 0
561 329 0
564 327 0
565 331 0
564 339 0
565 346 0
566 348 0
569 349 0
577 347 0
586 343 0
592 341 0
596 341 0
599 343 0
602 348 0
603 352 0
609 357 1
680 328 0
668 327 0
654 329 0
640 337 0
633 344 0
626 356 0
624 365 0
625 370 0
629 373 0
638 369 0
658 354 0
674 335 0
684 320 0
694 297 0
699 285 0
703 277 0
704 272 0
705 267 0
699 288 0
693 310 0
689 335 0
687 352 0
689 358 0
691 360 0
700 362 0
713 358 0
726 352 0
737 345 0
743 342 0
746 340 0
748 341 0
750 343 0
750 347 0
750 352 0
750 355 0
750 349 0
750 340 0
750 333 0
750 329 0
755 324 0
759 324 0
762 323 0
768 321 0
772 322 0
777 322 0
781 323 0
784 326 0
784 331 0
784 338 0
784 343 0
786 349 0
791 355 0
797 356 0
801 356 1
873 330 0
865 328 0
858 327 0
852 327 0
850 327 0
842 332 0
833 341 0
830 347 0
830 351 0
833 354 0
841 354 0
850 351 0
859 346 0
864 343 0
868 340 0
871 339 0
874 343 0
879 351 0
887 355 0
891 357 1
793 246 0
791 252 0
790 255 1
