made
358 313 0
361 317 0
362 329 0
367 345 0
369 358 0
369 366 0
370 372 0
370 375 0
377 367 0
386 353 0
394 343 0
400 339 0
405 339 0
408 344 0
411 354 0
413 364 0
415 371 0
416 374 0
420 375 0
431 367 0
443 357 0
447 354 0
451 355 0
457 356 0
462 359 0
468 365 0
471 369 0
481 373 0
483 373 1
578 342 0
567 340 0
552 338 0
539 338 0
524 344 0
512 354 0
508 363 0
508 370 0
512 374 0
515 376 0
522 375 0
541 368 0
556 359 0
562 354 0
564 353 0
568 353 0
570 361 0
571 366 0
573 370 0
577 372 1
669 340 0
657 338 0
646 339 0
630 344 0
613 355 0
604 365 0
604 373 0
610 377 0
620 376 0
638 367 0
661 349 0
673 326 0
680 301 0
684 280 0
685 271 0
685 267 0
686 264 0
683 276 0
677 303 0
672 329 0
673 351 0
676 361 0
684 368 0
696 371 0
709 367 0
724 359 0
736 347 0
740 338 0
742 332 0
740 328 0
727 336 0
713 352 0
711 362 0
712 371 0
719 377 0
736 380 0
755 382 0
758 383 1
