december
325 328 0
321 325 0
307 321 0
296 320 0
283 323 0
274 329 0
262 342 0
259 351 0
258 362 0
261 370 0
266 376 0
274 378 0
285 375 0
303 364 0
320 346 0
333 326 0
340 305 0
345 281 0
349 261 0
350 253 0
351 248 0
351 245 0
351 248 0
349 262 0
345 292 0
342 319 0
341 340 0
342 354 0
343 365 0
348 373 0
354 379 0
363 383 0
370 384 0
380 383 0
394 374 0
409 359 0
419 346 0
427 331 0
430 326 0
432 322 0
432 319 0
430 317 0
427 314 0
421 314 0
417 314 0
406 322 0
399 334 0
396 345 0
398 356 0
402 364 0
409 369 0
427 369 0
441 368 0
456 367 1
495 321 0
488 321 0
482 322 0
474 325 0
467 337 0
460 357 0
463 364 0
469 367 0
482 368 0
507 364 0
520 358 0
531 351 0
542 340 0
546 333 0
547 329 0
548 324 0
540 325 0
533 328 0
525 334 0
519 342 0
517 350 0
519 357 0
522 362 0
527 364 0
538 363 0
550 359 0
561 354 0
571 346 0
580 338 0
584 336 0
587 336 0
587 340 0
588 347 0
589 354 0
590 359 0
591 361 0
597 357 0
602 350 0
611 343 0
618 338 0
622 336 0
628 336 0
630 342 0
633 345 0
636 347 0
639 349 0
642 348 0
651 344 0
658 343 0
663 344 0
669 349 1
700 246 0
700 251 0
700 259 0
698 284 0
695 305 0
694 320 0
693 329 0
694 335 0
702 336 0
710 334 0
725 331 0
736 330 0
741 330 0
744 330 0
741 337 0
734 347 0
726 354 0
717 361 0
709 363 0
703 357 0
702 354 1
736 327 0
740 327 0
747 329 0
757 333 0
766 336 0
774 339 0
781 341 0
784 340 0
787 338 0
789 333 0
787 329 0
778 323 0
774 324 0
771 325 0
768 347 0
770 360 0
777 364 0
785 363 0
797 361 0
806 358 0
817 356 0
825 354 0
828 354 0
831 354 0
834 354 0
836 356 0
837 342 0
839 333 0
841 326 0
843 322 0
849 317 0
854 313 1
