manual
246 300 0
246 303 0
246 312 0
247 324 0
248 334 0
249 342 0
250 348 0
251 351 0
250 356 0
250 359 0
256 348 0
263 336 0
273 324 0
281 317 0
288 314 0
291 315 0
293 319 0
296 325 0
300 332 0
304 337 0
309 339 0
314 337 0
321 333 0
326 330 0
334 324 0
338 322 0
340 321 0
342 326 0
344 334 0
347 340 0
351 344 1
426 310 0
422 308 0
414 306 0
406 306 0
399 307 0
392 310 0
383 322 0
378 335 0
378 341 0
382 344 0
386 345 0
393 343 0
401 338 0
409 330 0
415 325 0
418 322 0
422 320 0
423 324 0
425 330 0
427 334 0
430 339 0
434 339 0
439 338 0
443 334 0
448 329 0
454 324 0
457 321 0
461 320 0
464 321 0
467 325 0
470 326 0
477 324 0
483 322 0
486 319 0
492 317 0
496 314 0
498 313 0
501 314 0
503 317 0
508 322 0
512 326 0
521 329 0
527 326 0
535 321 0
539 317 0
543 313 0
548 306 0
553 302 0
557 303 0
560 310 0
563 316 0
565 319 0
567 322 0
571 322 0
577 320 0
584 315 0
590 311 0
595 307 0
598 303 0
601 300 0
603 304 0
605 308 0
606 312 0
608 318 0
615 321 0
624 323 0
628 323 0
635 323 0
651 321 0
655 320 1
692 305 0
684 299 0
677 295 0
669 295 0
663 297 0
657 306 0
656 310 0
659 313 0
662 315 0
665 316 0
672 314 0
676 313 0
678 311 0
682 311 0
685 313 0
690 317 0
696 320 0
706 320 0
725 314 0
747 298 0
762 282 0
773 259 0
779 243 0
779 228 0
777 223 0
773 221 0
768 228 0
757 246 0
746 273 0
740 296 0
743 306 0
754 316 0
774 322 0
794 327 1
