mercer
281 315 0
285 317 0
286 322 0
287 329 0
289 341 0
290 354 0
290 364 0
290 372 0
290 377 0
290 381 0
291 384 0
295 378 0
316 352 0
330 334 0
339 327 0
344 324 0
348 325 0
351 332 0
355 342 0
359 354 0
363 362 0
368 363 0
371 359 0
377 352 0
383 347 0
387 344 0
390 344 0
394 352 0
396 363 0
399 370 0
405 374 0
416 377 0
436 370 0
443 367 0
453 360 0
470 340 0
474 330 0
474 325 0
473 322 0
470 321 0
466 322 0
460 328 0
456 339 0
455 348 0
456 356 0
462 359 0
472 359 0
482 356 0
490 353 0
497 351 0
502 350 0
506 350 0
510 352 0
514 354 0
517 355 0
519 350 0
520 338 0
520 329 0
520 322 0
525 319 0
531 318 0
534 317 1
584 310 0
580 313 0
571 314 0
567 316 0
562 320 0
557 327 0
554 334 0
553 338 0
554 342 0
559 349 0
575 354 0
593 354 0
612 348 0
623 343 0
630 337 0
636 329 0
639 322 0
639 318 0
637 314 0
633 314 0
627 320 0
622 327 0
621 335 0
622 341 0
627 347 0
635 350 0
645 350 0
655 348 0
666 345 0
672 344 0
676 345 0
680 349 0
682 352 0
685 354 0
691 339 0
694 329 0
695 323 0
697 321 0
699 317 0
707 315 0
710 315 1
