and
464 327 0
459 324 0
451 321 0
441 319 0
429 318 0
417 319 0
403 327 0
393 340 0
387 350 0
385 360 0
385 368 0
387 373 0
390 375 0
396 374 0
404 369 0
407 367 0
421 357 0
439 340 0
446 334 0
448 331 0
451 331 0
450 336 0
450 342 0
450 350 0
452 357 0
453 362 0
455 366 0
461 365 0
468 362 0
480 352 0
490 341 0
497 335 0
500 333 0
504 330 0
506 332 0
508 340 0
508 344 0
509 346 0
511 350 0
514 350 0
526 345 0
545 338 0
552 336 0
557 336 0
559 336 0
561 339 0
564 343 0
567 346 0
572 348 1
669 314 0
658 314 0
648 314 0
636 316 0
629 321 0
624 324 0
616 339 0
613 349 0
615 352 0
620 353 0
629 349 0
645 335 0
664 315 0
675 293 0
679 278 0
683 266 0
686 258 0
688 255 0
689 253 0
687 259 0
681 279 0
677 308 0
675 329 0
677 339 0
682 344 0
684 346 1
