gw
513 325 0
510 322 0
500 320 0
494 319 0
491 319 0
477 325 0
468 338 0
464 346 0
466 350 0
473 351 0
486 347 0
502 340 0
512 335 0
517 332 0
521 329 0
523 329 0
526 332 0
529 342 0
533 359 0
534 381 0
533 403 0
526 426 0
515 444 0
506 452 0
496 456 0
488 457 0
485 451 0
483 443 0
485 438 0
495 415 0
512 390 0
525 371 0
532 363 0
543 348 0
549 337 0
551 333 0
554 328 0
559 326 0
560 334 0
562 341 0
564 347 0
569 352 0
573 351 0
581 346 0
591 337 0
595 333 0
599 328 0
605 333 0
610 339 0
615 343 0
619 345 0
625 343 0
629 341 0
634 333 0
638 325 0
640 321 0
641 317 0
642 315 0
651 314 0
655 313 1
