goes
481 326 0
474 323 0
466 322 0
456 323 0
443 329 0
436 338 0
432 347 0
432 352 0
436 355 0
448 356 0
462 352 0
472 347 0
478 342 0
481 338 0
486 336 0
488 345 0
489 361 0
490 387 0
489 410 0
486 423 0
474 444 0
465 452 0
457 455 0
450 452 0
444 444 0
445 434 0
454 413 0
469 396 0
490 372 0
508 353 0
519 342 0
521 340 0
524 338 0
522 343 0
523 354 0
526 361 0
531 366 0
540 368 0
549 366 0
556 361 0
560 356 0
560 349 0
555 339 0
547 330 0
541 327 0
535 324 0
532 322 0
542 325 0
555 325 0
575 324 0
581 324 0
589 323 0
610 323 0
626 322 0
633 321 0
636 321 0
640 321 0
639 318 0
631 314 0
626 312 0
619 313 0
612 317 0
603 328 0
598 339 0
598 347 0
601 355 0
613 361 0
627 363 0
641 361 0
652 360 0
669 355 1
700 308 0
696 311 0
690 314 0
686 317 0
684 321 0
684 325 0
687 331 0
693 337 0
701 347 0
706 353 0
707 359 0
705 365 0
698 369 0
691 371 0
684 372 1
