colonel
343 312 0
340 312 0
333 313 0
325 315 0
317 319 0
307 328 0
294 342 0
290 354 0
289 369 0
290 375 0
306 382 0
325 385 1
399 328 0
387 333 0
378 340 0
370 349 0
365 364 0
365 372 0
369 374 0
378 375 0
388 371 0
394 365 0
398 359 0
399 353 0
397 347 0
394 342 0
392 338 0
399 337 0
413 332 0
434 321 0
449 311 0
463 293 0
468 283 0
472 272 0
472 262 0
471 259 0
471 257 0
467 254 0
461 260 0
450 276 0
436 300 0
429 326 0
425 348 0
427 365 0
430 369 0
443 371 0
453 371 0
470 369 1
500 330 0
499 333 0
497 342 0
496 349 0
497 357 0
503 361 0
511 360 0
520 356 0
524 354 0
528 347 0
529 333 0
523 326 0
516 323 0
510 324 0
504 328 0
502 330 1
565 319 0
566 323 0
564 330 0
563 338 0
562 346 0
563 351 0
564 355 0
568 355 0
578 350 0
588 346 0
595 343 0
601 343 0
610 349 0
619 352 0
629 350 0
647 340 0
659 330 0
663 327 0
665 322 0
661 321 0
658 323 0
654 328 0
650 339 0
650 347 0
656 353 0
665 356 0
680 353 0
702 342 0
722 324 0
738 296 0
745 269 0
746 259 0
747 252 0
747 249 0
739 249 0
729 257 0
712 278 0
700 311 0
701 333 0
708 343 0
723 350 0
736 354 0
750 358 1
