day
457 350 0
452 345 0
450 343 0
444 342 0
430 342 0
409 349 0
401 356 0
396 367 0
396 375 0
399 382 0
404 386 0
412 387 0
423 383 0
440 366 0
453 343 0
465 322 0
474 300 0
478 287 0
481 279 0
483 275 0
483 271 0
481 284 0
476 304 0
470 331 0
467 351 0
467 366 0
472 376 0
481 381 0
490 384 0
508 388 1
581 341 0
574 340 0
566 339 0
555 338 0
545 338 0
535 342 0
527 346 0
521 357 0
518 368 0
519 374 0
525 377 0
534 378 0
548 374 0
562 365 0
579 346 0
586 339 0
590 335 0
592 335 0
590 339 0
588 347 0
587 357 0
588 365 0
591 368 0
594 368 0
600 366 0
609 361 0
617 353 0
624 345 0
628 341 0
631 339 0
632 343 0
632 348 0
634 355 0
636 359 0
640 363 0
644 363 0
652 359 0
663 351 0
670 346 0
674 345 0
677 344 0
679 350 0
679 359 0
681 371 0
681 386 0
679 406 0
676 422 0
671 434 0
662 443 0
657 445 0
650 442 0
647 434 0
649 419 0
661 398 0
671 383 0
682 367 1
