understand
252 311 0
252 314 0
252 323 0
250 335 0
250 356 0
250 368 0
253 374 0
257 378 0
260 381 0
268 375 0
277 366 0
286 353 0
292 346 0
296 341 0
300 338 0
302 334 0
304 348 0
306 356 0
312 363 0
317 365 0
323 365 0
328 363 0
337 356 0
349 342 0
361 331 0
364 329 0
366 330 0
370 334 0
373 339 0
375 342 0
379 345 0
383 344 0
390 341 0
397 338 0
403 337 0
405 341 0
408 349 0
410 352 1
489 330 0
479 326 0
472 325 0
462 326 0
451 331 0
441 338 0
436 348 0
437 359 0
439 363 0
449 365 0
465 358 0
481 344 0
495 327 0
507 301 0
511 285 0
513 281 0
517 271 0
519 266 0
520 263 0
515 284 0
508 311 0
508 335 0
512 349 0
518 360 0
525 364 0
537 362 0
555 354 0
565 346 0
572 334 0
574 326 0
574 323 0
570 323 0
563 324 0
554 332 0
548 342 0
545 352 0
547 362 0
548 365 0
558 370 0
579 365 0
603 358 0
611 355 0
614 355 0
617 357 0
620 359 0
622 363 0
622 366 0
624 369 0
624 363 0
622 340 0
622 330 0
622 324 0
625 322 0
632 320 1
704 305 0
695 310 0
682 315 0
664 325 0
660 328 0
660 332 0
663 337 0
674 341 0
685 345 0
694 348 0
698 351 0
701 354 0
699 360 0
693 367 0
684 373 0
676 376 0
674 377 1
751 255 0
750 276 0
747 302 0
744 326 0
743 337 0
742 349 0
741 358 0
740 364 0
739 368 0
739 371 0
737 364 0
734 357 0
731 348 0
731 344 0
736 340 0
745 338 0
766 335 0
783 332 0
794 330 0
803 329 0
809 328 0
811 328 0
801 333 0
792 338 0
786 342 0
783 345 0
779 351 0
779 355 0
781 357 0
788 357 0
791 355 0
794 354 0
797 353 0
799 350 0
803 346 0
805 341 0
805 339 0
807 336 0
809 342 0
811 347 0
813 353 0
821 359 0
826 358 0
834 357 0
840 352 0
847 346 0
851 342 0
855 337 0
857 337 0
857 340 0
858 348 0
860 352 0
861 355 0
863 357 0
868 357 0
874 355 0
881 352 0
886 351 0
890 352 0
893 352 0
897 354 0
901 356 0
904 359 0
910 362 1
993 339 0
988 336 0
979 334 0
969 333 0
960 335 0
951 341 0
947 346 0
946 352 0
947 358 0
951 360 0
959 359 0
966 355 0
971 350 0
984 325 0
995 292 0
999 281 0
1002 273 0
1003 270 0
996 302 0
993 328 0
993 343 0
999 354 0
1011 358 0
1019 361 0
1034 365 1
